"ID","SIZE","HH","TYPE","TIME","S_num","I_num"
1,3,1,"0",37,NA,0
2,3,1,"E",316,NA,0
3,3,1,NA,NA,NA,0
4,6,2,NA,NA,NA,0
5,6,2,"E",287,NA,0
6,6,2,NA,NA,NA,0
7,6,2,"E",364,NA,0
8,6,2,NA,NA,NA,0
9,6,2,NA,NA,NA,0
10,3,3,"E",304,NA,0
11,3,3,NA,NA,NA,0
12,3,3,NA,NA,NA,0
13,6,4,NA,NA,NA,0
14,6,4,NA,NA,NA,0
15,6,4,"E",333,NA,0
16,6,4,NA,NA,NA,0
17,6,4,"E",NA,NA,0
18,6,4,NA,NA,NA,0
19,4,5,NA,NA,NA,0
20,4,5,"E",352,NA,0
21,4,5,NA,NA,NA,0
22,4,5,"E",257,NA,0
23,3,6,NA,NA,NA,0
24,3,6,NA,NA,NA,0
25,3,6,"E",NA,NA,0
26,3,7,"E",364,NA,0
27,3,7,NA,NA,NA,0
28,3,7,NA,NA,NA,0
29,5,8,NA,NA,NA,0
30,5,8,"E",353,NA,0
31,5,8,"E",346,NA,0
32,5,8,NA,NA,NA,0
33,5,8,"E",NA,NA,0
34,3,9,NA,NA,NA,0
35,3,9,"E",NA,NA,0
36,3,9,"E",364,NA,0
37,6,10,NA,NA,NA,0
38,6,10,NA,NA,NA,0
39,6,10,NA,NA,NA,0
40,6,10,NA,NA,NA,0
41,6,10,"E",317,NA,0
42,6,10,NA,NA,NA,0
43,3,11,"E",300,NA,0
44,3,11,NA,NA,NA,0
45,3,11,NA,NA,NA,0
46,4,12,"E",334,NA,0
47,4,12,NA,NA,NA,0
48,4,12,NA,NA,NA,0
49,4,12,"E",NA,NA,0
50,4,13,"E",323,NA,0
51,4,13,NA,NA,NA,0
52,4,13,NA,NA,NA,0
53,4,13,"E",307,NA,0
54,6,14,"E",NA,NA,0
55,6,14,NA,NA,NA,0
56,6,14,NA,NA,NA,0
57,6,14,NA,NA,NA,0
58,6,14,NA,NA,NA,0
59,6,14,NA,NA,NA,0
60,6,15,NA,NA,NA,0
61,6,15,NA,NA,NA,0
62,6,15,"E",316,NA,0
63,6,15,NA,NA,NA,0
64,6,15,NA,NA,NA,0
65,6,15,NA,NA,NA,0
66,4,16,"E",314,NA,0
67,4,16,NA,NA,NA,0
68,4,16,NA,NA,NA,0
69,4,16,NA,NA,NA,0
70,4,17,NA,NA,NA,0
71,4,17,NA,NA,NA,0
72,4,17,NA,NA,NA,0
73,4,17,"E",269,NA,0
74,4,18,NA,NA,NA,0
75,4,18,"E",321,NA,0
76,4,18,NA,NA,NA,0
77,4,18,NA,NA,NA,0
78,4,19,"E",251,NA,0
79,4,19,"E",NA,NA,0
80,4,19,NA,NA,NA,0
81,4,19,NA,NA,NA,0
82,4,20,NA,NA,NA,0
83,4,20,"E",338,NA,0
84,4,20,"E",324,NA,0
85,4,20,"E",320,NA,0
86,6,21,"E",NA,NA,0
87,6,21,"E",NA,NA,0
88,6,21,NA,NA,NA,0
89,6,21,NA,NA,NA,0
90,6,21,NA,NA,NA,0
91,6,21,NA,NA,NA,0
92,4,22,"E",316,NA,0
93,4,22,NA,NA,NA,0
94,4,22,"E",358,NA,0
95,4,22,"E",295,NA,0
96,5,23,"E",NA,NA,0
97,5,23,"E",329,NA,0
98,5,23,NA,NA,NA,0
99,5,23,NA,NA,NA,0
100,5,23,"E",340,NA,0
101,6,24,"E",320,NA,0
102,6,24,NA,NA,NA,0
103,6,24,"E",237,NA,0
104,6,24,NA,NA,NA,0
105,6,24,"E",298,NA,0
106,6,24,"E",286,NA,0
107,5,25,"E",323,NA,0
108,5,25,NA,NA,NA,0
109,5,25,"E",221,NA,0
110,5,25,NA,NA,NA,0
111,5,25,"E",292,NA,0
112,6,26,NA,NA,NA,0
113,6,26,NA,NA,NA,0
114,6,26,NA,NA,NA,0
115,6,26,"E",304,NA,0
116,6,26,"E",NA,NA,0
117,6,26,NA,NA,NA,0
118,4,27,NA,NA,NA,0
119,4,27,NA,NA,NA,0
120,4,27,"E",250,NA,0
121,4,27,NA,NA,NA,0
122,5,28,NA,NA,NA,0
123,5,28,"E",315,NA,0
124,5,28,"E",NA,NA,0
125,5,28,NA,NA,NA,0
126,5,28,NA,NA,NA,0
127,5,29,NA,NA,NA,0
128,5,29,NA,NA,NA,0
129,5,29,"E",276,NA,0
130,5,29,"E",NA,NA,0
131,5,29,NA,NA,NA,0
132,5,30,NA,NA,NA,0
133,5,30,NA,NA,NA,0
134,5,30,NA,NA,NA,0
135,5,30,NA,NA,NA,0
136,5,30,NA,NA,NA,0
137,5,31,NA,NA,NA,0
138,5,31,"E",294,NA,0
139,5,31,NA,NA,NA,0
140,5,31,NA,NA,NA,0
141,5,31,NA,NA,NA,0
142,4,32,NA,NA,NA,0
143,4,32,"E",131,NA,0
144,4,32,"E",276,NA,0
145,4,32,NA,NA,NA,0
146,4,33,"E",359,NA,0
147,4,33,NA,NA,NA,0
148,4,33,NA,NA,NA,0
149,4,33,NA,NA,NA,0
150,4,34,NA,NA,NA,0
151,4,34,NA,NA,NA,0
152,4,34,"E",363,NA,0
153,4,34,NA,NA,NA,0
154,4,35,"E",330,NA,0
155,4,35,NA,NA,NA,0
156,4,35,NA,NA,NA,0
157,4,35,NA,NA,NA,0
158,5,36,NA,NA,NA,0
159,5,36,"E",364,NA,0
160,5,36,NA,NA,NA,0
161,5,36,NA,NA,NA,0
162,5,36,"E",NA,NA,0
163,4,37,NA,NA,NA,0
164,4,37,NA,NA,NA,0
165,4,37,NA,NA,NA,0
166,4,37,NA,NA,NA,0
167,4,38,"E",NA,NA,0
168,4,38,"E",261,NA,0
169,4,38,NA,NA,NA,0
170,4,38,NA,NA,NA,0
171,5,39,"E",303,NA,0
172,5,39,NA,NA,NA,0
173,5,39,NA,NA,NA,0
174,5,39,NA,NA,NA,0
175,5,39,"E",333,NA,0
176,3,40,NA,NA,NA,0
177,3,40,"E",293,NA,0
178,3,40,"E",295,NA,0
179,3,41,NA,NA,NA,0
180,3,41,NA,NA,NA,0
181,3,41,NA,NA,NA,0
182,6,42,"E",339,NA,0
183,6,42,NA,NA,NA,0
184,6,42,"E",194,NA,0
185,6,42,NA,NA,NA,0
186,6,42,"E",342,NA,0
187,6,42,NA,NA,NA,0
188,4,43,NA,NA,NA,0
189,4,43,NA,NA,NA,0
190,4,43,NA,NA,NA,0
191,4,43,NA,NA,NA,0
192,5,44,"E",330,NA,0
193,5,44,"E",345,NA,0
194,5,44,NA,NA,NA,0
195,5,44,NA,NA,NA,0
196,5,44,NA,NA,NA,0
197,3,45,NA,NA,NA,0
198,3,45,NA,NA,NA,0
199,3,45,"E",NA,NA,0
200,4,46,NA,NA,NA,0
201,4,46,"E",348,NA,0
202,4,46,"E",159,NA,0
203,4,46,"E",272,NA,0
204,5,47,NA,NA,NA,0
205,5,47,"E",182,NA,0
206,5,47,"E",349,NA,0
207,5,47,"E",NA,NA,0
208,5,47,NA,NA,NA,0
209,5,48,"E",334,NA,0
210,5,48,NA,NA,NA,0
211,5,48,NA,NA,NA,0
212,5,48,NA,NA,NA,0
213,5,48,NA,NA,NA,0
214,6,49,"E",NA,NA,0
215,6,49,"E",281,NA,0
216,6,49,NA,NA,NA,0
217,6,49,NA,NA,NA,0
218,6,49,"E",275,NA,0
219,6,49,NA,NA,NA,0
220,6,50,NA,NA,NA,0
221,6,50,"E",355,NA,0
222,6,50,NA,NA,NA,0
223,6,50,NA,NA,NA,0
224,6,50,"E",338,NA,0
225,6,50,NA,NA,NA,0
226,6,51,NA,NA,NA,0
227,6,51,"E",293,NA,0
228,6,51,"E",275,NA,0
229,6,51,"E",NA,NA,0
230,6,51,NA,NA,NA,0
231,6,51,NA,NA,NA,0
232,4,52,NA,NA,NA,0
233,4,52,NA,NA,NA,0
234,4,52,NA,NA,NA,0
235,4,52,NA,NA,NA,0
236,5,53,"E",342,NA,0
237,5,53,"E",364,NA,0
238,5,53,NA,NA,NA,0
239,5,53,NA,NA,NA,0
240,5,53,"E",324,NA,0
241,6,54,NA,NA,NA,0
242,6,54,NA,NA,NA,0
243,6,54,NA,NA,NA,0
244,6,54,NA,NA,NA,0
245,6,54,NA,NA,NA,0
246,6,54,NA,NA,NA,0
247,6,55,"E",NA,NA,0
248,6,55,NA,NA,NA,0
249,6,55,"E",NA,NA,0
250,6,55,NA,NA,NA,0
251,6,55,"E",208,NA,0
252,6,55,"E",NA,NA,0
253,5,56,NA,NA,NA,0
254,5,56,NA,NA,NA,0
255,5,56,NA,NA,NA,0
256,5,56,NA,NA,NA,0
257,5,56,"E",NA,NA,0
258,5,57,"E",NA,NA,0
259,5,57,"E",155,NA,0
260,5,57,NA,NA,NA,0
261,5,57,NA,NA,NA,0
262,5,57,NA,NA,NA,0
263,4,58,NA,NA,NA,0
264,4,58,NA,NA,NA,0
265,4,58,NA,NA,NA,0
266,4,58,"E",312,NA,0
267,4,59,"E",261,NA,0
268,4,59,"E",344,NA,0
269,4,59,"E",284,NA,0
270,4,59,NA,NA,NA,0
271,5,60,NA,NA,NA,0
272,5,60,NA,NA,NA,0
273,5,60,NA,NA,NA,0
274,5,60,NA,NA,NA,0
275,5,60,NA,NA,NA,0
276,4,61,"E",241,NA,0
277,4,61,NA,NA,NA,0
278,4,61,NA,NA,NA,0
279,4,61,NA,NA,NA,0
280,3,62,"E",310,NA,0
281,3,62,"E",NA,NA,0
282,3,62,"E",NA,NA,0
283,5,63,"E",346,NA,0
284,5,63,NA,NA,NA,0
285,5,63,NA,NA,NA,0
286,5,63,NA,NA,NA,0
287,5,63,NA,NA,NA,0
288,6,64,NA,NA,NA,0
289,6,64,"E",NA,NA,0
290,6,64,NA,NA,NA,0
291,6,64,NA,NA,NA,0
292,6,64,NA,NA,NA,0
293,6,64,NA,NA,NA,0
294,3,65,NA,NA,NA,0
295,3,65,NA,NA,NA,0
296,3,65,NA,NA,NA,0
297,3,66,"E",253,NA,0
298,3,66,NA,NA,NA,0
299,3,66,NA,NA,NA,0
300,5,67,NA,NA,NA,0
301,5,67,"E",341,NA,0
302,5,67,NA,NA,NA,0
303,5,67,NA,NA,NA,0
304,5,67,NA,NA,NA,0
305,6,68,NA,NA,NA,0
306,6,68,NA,NA,NA,0
307,6,68,NA,NA,NA,0
308,6,68,NA,NA,NA,0
309,6,68,"E",317,NA,0
310,6,68,"E",205,NA,0
311,3,69,NA,NA,NA,0
312,3,69,NA,NA,NA,0
313,3,69,NA,NA,NA,0
314,6,70,NA,NA,NA,0
315,6,70,NA,NA,NA,0
316,6,70,NA,NA,NA,0
317,6,70,"E",205,NA,0
318,6,70,NA,NA,NA,0
319,6,70,"E",342,NA,0
320,5,71,"E",187,NA,0
321,5,71,NA,NA,NA,0
322,5,71,"E",320,NA,0
323,5,71,NA,NA,NA,0
324,5,71,"E",231,NA,0
325,3,72,NA,NA,NA,0
326,3,72,NA,NA,NA,0
327,3,72,"E",328,NA,0
328,4,73,"E",346,NA,0
329,4,73,"E",NA,NA,0
330,4,73,NA,NA,NA,0
331,4,73,"E",255,NA,0
332,4,74,"E",NA,NA,0
333,4,74,"E",296,NA,0
334,4,74,NA,NA,NA,0
335,4,74,NA,NA,NA,0
336,6,75,"E",240,NA,0
337,6,75,NA,NA,NA,0
338,6,75,"E",310,NA,0
339,6,75,NA,NA,NA,0
340,6,75,NA,NA,NA,0
341,6,75,NA,NA,NA,0
342,5,76,"E",356,NA,0
343,5,76,NA,NA,NA,0
344,5,76,"E",210,NA,0
345,5,76,"E",365,NA,0
346,5,76,"E",358,NA,0
347,4,77,"E",295,NA,0
348,4,77,NA,NA,NA,0
349,4,77,NA,NA,NA,0
350,4,77,"E",362,NA,0
351,6,78,"E",333,NA,0
352,6,78,"E",315,NA,0
353,6,78,NA,NA,NA,0
354,6,78,NA,NA,NA,0
355,6,78,NA,NA,NA,0
356,6,78,NA,NA,NA,0
357,5,79,"E",NA,NA,0
358,5,79,"E",316,NA,0
359,5,79,"E",NA,NA,0
360,5,79,NA,NA,NA,0
361,5,79,"E",NA,NA,0
362,3,80,"E",344,NA,0
363,3,80,NA,NA,NA,0
364,3,80,NA,NA,NA,0
365,5,81,NA,NA,NA,0
366,5,81,NA,NA,NA,0
367,5,81,NA,NA,NA,0
368,5,81,NA,NA,NA,0
369,5,81,"E",335,NA,0
370,5,82,"E",191,NA,0
371,5,82,"E",NA,NA,0
372,5,82,NA,NA,NA,0
373,5,82,NA,NA,NA,0
374,5,82,NA,NA,NA,0
375,5,83,"E",322,NA,0
376,5,83,NA,NA,NA,0
377,5,83,NA,NA,NA,0
378,5,83,NA,NA,NA,0
379,5,83,"E",358,NA,0
380,6,84,NA,NA,NA,0
381,6,84,NA,NA,NA,0
382,6,84,NA,NA,NA,0
383,6,84,"E",NA,NA,0
384,6,84,NA,NA,NA,0
385,6,84,NA,NA,NA,0
386,4,85,NA,NA,NA,0
387,4,85,"E",NA,NA,0
388,4,85,"E",NA,NA,0
389,4,85,NA,NA,NA,0
390,6,86,"E",304,NA,0
391,6,86,NA,NA,NA,0
392,6,86,NA,NA,NA,0
393,6,86,"E",270,NA,0
394,6,86,"E",217,NA,0
395,6,86,"E",348,NA,0
396,6,87,NA,NA,NA,0
397,6,87,"E",216,NA,0
398,6,87,NA,NA,NA,0
399,6,87,"E",309,NA,0
400,6,87,NA,NA,NA,0
401,6,87,NA,NA,NA,0
402,3,88,"E",364,NA,0
403,3,88,NA,NA,NA,0
404,3,88,NA,NA,NA,0
405,3,89,"E",314,NA,0
406,3,89,"E",327,NA,0
407,3,89,NA,NA,NA,0
408,4,90,"E",NA,NA,0
409,4,90,"E",304,NA,0
410,4,90,NA,NA,NA,0
411,4,90,NA,NA,NA,0
412,3,91,"E",352,NA,0
413,3,91,NA,NA,NA,0
414,3,91,"E",342,NA,0
415,6,92,NA,NA,NA,0
416,6,92,NA,NA,NA,0
417,6,92,NA,NA,NA,0
418,6,92,"E",NA,NA,0
419,6,92,NA,NA,NA,0
420,6,92,NA,NA,NA,0
421,4,93,"E",236,NA,0
422,4,93,NA,NA,NA,0
423,4,93,"E",363,NA,0
424,4,93,NA,NA,NA,0
425,4,94,NA,NA,NA,0
426,4,94,NA,NA,NA,0
427,4,94,"E",240,NA,0
428,4,94,NA,NA,NA,0
429,5,95,"E",328,NA,0
430,5,95,NA,NA,NA,0
431,5,95,NA,NA,NA,0
432,5,95,"E",229,NA,0
433,5,95,"E",256,NA,0
434,4,96,"E",NA,NA,0
435,4,96,"E",342,NA,0
436,4,96,"E",NA,NA,0
437,4,96,"E",NA,NA,0
438,3,97,NA,NA,NA,0
439,3,97,"E",228,NA,0
440,3,97,"E",NA,NA,0
441,3,98,NA,NA,NA,0
442,3,98,NA,NA,NA,0
443,3,98,NA,NA,NA,0
444,5,99,"E",NA,NA,0
445,5,99,NA,NA,NA,0
446,5,99,NA,NA,NA,0
447,5,99,NA,NA,NA,0
448,5,99,"E",NA,NA,0
449,3,100,NA,NA,NA,0
450,3,100,NA,NA,NA,0
451,3,100,NA,NA,NA,0
452,3,101,"E",352,NA,0
453,3,101,NA,NA,NA,0
454,3,101,NA,NA,NA,0
455,3,102,NA,NA,NA,0
456,3,102,"E",NA,NA,0
457,3,102,NA,NA,NA,0
458,5,103,NA,NA,NA,0
459,5,103,NA,NA,NA,0
460,5,103,"E",357,NA,0
461,5,103,NA,NA,NA,0
462,5,103,NA,NA,NA,0
463,3,104,"E",318,NA,0
464,3,104,NA,NA,NA,0
465,3,104,"E",351,NA,0
466,4,105,NA,NA,NA,0
467,4,105,NA,NA,NA,0
468,4,105,NA,NA,NA,0
469,4,105,NA,NA,NA,0
470,3,106,NA,NA,NA,0
471,3,106,"E",NA,NA,0
472,3,106,NA,NA,NA,0
473,3,107,"E",289,NA,0
474,3,107,NA,NA,NA,0
475,3,107,"E",273,NA,0
476,5,108,NA,NA,NA,0
477,5,108,NA,NA,NA,0
478,5,108,NA,NA,NA,0
479,5,108,"E",NA,NA,0
480,5,108,NA,NA,NA,0
481,5,109,NA,NA,NA,0
482,5,109,NA,NA,NA,0
483,5,109,"E",277,NA,0
484,5,109,NA,NA,NA,0
485,5,109,NA,NA,NA,0
486,3,110,NA,NA,NA,0
487,3,110,NA,NA,NA,0
488,3,110,NA,NA,NA,0
489,6,111,NA,NA,NA,0
490,6,111,NA,NA,NA,0
491,6,111,NA,NA,NA,0
492,6,111,"E",303,NA,0
493,6,111,NA,NA,NA,0
494,6,111,"E",199,NA,0
495,4,112,NA,NA,NA,0
496,4,112,"E",211,NA,0
497,4,112,"E",NA,NA,0
498,4,112,NA,NA,NA,0
499,4,113,NA,NA,NA,0
500,4,113,NA,NA,NA,0
501,4,113,"E",NA,NA,0
502,4,113,NA,NA,NA,0
503,6,114,"E",354,NA,0
504,6,114,NA,NA,NA,0
505,6,114,NA,NA,NA,0
506,6,114,NA,NA,NA,0
507,6,114,NA,NA,NA,0
508,6,114,NA,NA,NA,0
509,5,115,NA,NA,NA,0
510,5,115,NA,NA,NA,0
511,5,115,NA,NA,NA,0
512,5,115,"E",324,NA,0
513,5,115,"E",295,NA,0
514,6,116,"E",330,NA,0
515,6,116,NA,NA,NA,0
516,6,116,NA,NA,NA,0
517,6,116,"E",339,NA,0
518,6,116,"E",NA,NA,0
519,6,116,NA,NA,NA,0
520,3,117,NA,NA,NA,0
521,3,117,NA,NA,NA,0
522,3,117,NA,NA,NA,0
523,4,118,"E",NA,NA,0
524,4,118,NA,NA,NA,0
525,4,118,NA,NA,NA,0
526,4,118,"E",293,NA,0
527,4,119,"E",192,NA,0
528,4,119,NA,NA,NA,0
529,4,119,"E",NA,NA,0
530,4,119,NA,NA,NA,0
531,3,120,NA,NA,NA,0
532,3,120,NA,NA,NA,0
533,3,120,NA,NA,NA,0
534,5,121,"E",233,NA,0
535,5,121,NA,NA,NA,0
536,5,121,"E",106,NA,0
537,5,121,NA,NA,NA,0
538,5,121,NA,NA,NA,0
539,3,122,"E",365,NA,0
540,3,122,NA,NA,NA,0
541,3,122,NA,NA,NA,0
542,3,123,NA,NA,NA,0
543,3,123,NA,NA,NA,0
544,3,123,"E",350,NA,0
545,6,124,NA,NA,NA,0
546,6,124,"E",268,NA,0
547,6,124,NA,NA,NA,0
548,6,124,"E",220,NA,0
549,6,124,"E",251,NA,0
550,6,124,"E",NA,NA,0
551,3,125,NA,NA,NA,0
552,3,125,"E",364,NA,0
553,3,125,NA,NA,NA,0
554,5,126,"E",253,NA,0
555,5,126,NA,NA,NA,0
556,5,126,NA,NA,NA,0
557,5,126,NA,NA,NA,0
558,5,126,"E",343,NA,0
559,4,127,NA,NA,NA,0
560,4,127,"E",NA,NA,0
561,4,127,"E",364,NA,0
562,4,127,NA,NA,NA,0
563,5,128,NA,NA,NA,0
564,5,128,NA,NA,NA,0
565,5,128,NA,NA,NA,0
566,5,128,"E",319,NA,0
567,5,128,"E",332,NA,0
568,4,129,NA,NA,NA,0
569,4,129,"E",260,NA,0
570,4,129,NA,NA,NA,0
571,4,129,"E",341,NA,0
572,5,130,NA,NA,NA,0
573,5,130,NA,NA,NA,0
574,5,130,"E",NA,NA,0
575,5,130,"E",318,NA,0
576,5,130,"E",270,NA,0
577,4,131,"E",213,NA,0
578,4,131,NA,NA,NA,0
579,4,131,NA,NA,NA,0
580,4,131,"E",198,NA,0
581,3,132,"E",365,NA,0
582,3,132,NA,NA,NA,0
583,3,132,NA,NA,NA,0
584,6,133,NA,NA,NA,0
585,6,133,"E",278,NA,0
586,6,133,NA,NA,NA,0
587,6,133,NA,NA,NA,0
588,6,133,NA,NA,NA,0
589,6,133,NA,NA,NA,0
590,5,134,NA,NA,NA,0
591,5,134,NA,NA,NA,0
592,5,134,NA,NA,NA,0
593,5,134,NA,NA,NA,0
594,5,134,NA,NA,NA,0
595,5,135,NA,NA,NA,0
596,5,135,NA,NA,NA,0
597,5,135,"E",NA,NA,0
598,5,135,NA,NA,NA,0
599,5,135,NA,NA,NA,0
600,4,136,NA,NA,NA,0
601,4,136,NA,NA,NA,0
602,4,136,NA,NA,NA,0
603,4,136,NA,NA,NA,0
604,5,137,"E",348,NA,0
605,5,137,"E",362,NA,0
606,5,137,"E",257,NA,0
607,5,137,"E",331,NA,0
608,5,137,"E",354,NA,0
609,5,138,"E",321,NA,0
610,5,138,"E",NA,NA,0
611,5,138,NA,NA,NA,0
612,5,138,NA,NA,NA,0
613,5,138,NA,NA,NA,0
614,5,139,"E",309,NA,0
615,5,139,NA,NA,NA,0
616,5,139,NA,NA,NA,0
617,5,139,NA,NA,NA,0
618,5,139,"E",181,NA,0
619,3,140,"E",289,NA,0
620,3,140,NA,NA,NA,0
621,3,140,NA,NA,NA,0
622,4,141,NA,NA,NA,0
623,4,141,NA,NA,NA,0
624,4,141,NA,NA,NA,0
625,4,141,"E",312,NA,0
626,4,142,"E",340,NA,0
627,4,142,"E",245,NA,0
628,4,142,"E",328,NA,0
629,4,142,NA,NA,NA,0
630,5,143,NA,NA,NA,0
631,5,143,NA,NA,NA,0
632,5,143,"E",323,NA,0
633,5,143,NA,NA,NA,0
634,5,143,NA,NA,NA,0
635,5,144,NA,NA,NA,0
636,5,144,"E",228,NA,0
637,5,144,NA,NA,NA,0
638,5,144,NA,NA,NA,0
639,5,144,NA,NA,NA,0
640,3,145,"E",289,NA,0
641,3,145,NA,NA,NA,0
642,3,145,"E",353,NA,0
643,3,146,NA,NA,NA,0
644,3,146,NA,NA,NA,0
645,3,146,NA,NA,NA,0
646,6,147,NA,NA,NA,0
647,6,147,NA,NA,NA,0
648,6,147,"E",324,NA,0
649,6,147,"E",NA,NA,0
650,6,147,NA,NA,NA,0
651,6,147,"E",321,NA,0
652,3,148,NA,NA,NA,0
653,3,148,"E",330,NA,0
654,3,148,NA,NA,NA,0
655,3,149,"E",330,NA,0
656,3,149,NA,NA,NA,0
657,3,149,NA,NA,NA,0
658,4,150,"E",NA,NA,0
659,4,150,"E",249,NA,0
660,4,150,"E",NA,NA,0
661,4,150,"E",NA,NA,0
662,5,151,NA,NA,NA,0
663,5,151,"E",NA,NA,0
664,5,151,"E",315,NA,0
665,5,151,"E",272,NA,0
666,5,151,NA,NA,NA,0
667,3,152,NA,NA,NA,0
668,3,152,NA,NA,NA,0
669,3,152,NA,NA,NA,0
670,3,153,NA,NA,NA,0
671,3,153,NA,NA,NA,0
672,3,153,NA,NA,NA,0
673,4,154,"E",316,NA,0
674,4,154,"E",NA,NA,0
675,4,154,NA,NA,NA,0
676,4,154,NA,NA,NA,0
677,3,155,NA,NA,NA,0
678,3,155,"E",NA,NA,0
679,3,155,NA,NA,NA,0
680,3,156,"E",NA,NA,0
681,3,156,NA,NA,NA,0
682,3,156,NA,NA,NA,0
683,5,157,NA,NA,NA,0
684,5,157,NA,NA,NA,0
685,5,157,"E",323,NA,0
686,5,157,"E",290,NA,0
687,5,157,"E",222,NA,0
688,6,158,NA,NA,NA,0
689,6,158,NA,NA,NA,0
690,6,158,"E",NA,NA,0
691,6,158,"E",237,NA,0
692,6,158,NA,NA,NA,0
693,6,158,NA,NA,NA,0
694,3,159,NA,NA,NA,0
695,3,159,"E",347,NA,0
696,3,159,NA,NA,NA,0
697,3,160,"E",290,NA,0
698,3,160,NA,NA,NA,0
699,3,160,NA,NA,NA,0
700,4,161,"E",NA,NA,0
701,4,161,"E",305,NA,0
702,4,161,NA,NA,NA,0
703,4,161,"E",NA,NA,0
704,6,162,"E",271,NA,0
705,6,162,NA,NA,NA,0
706,6,162,NA,NA,NA,0
707,6,162,NA,NA,NA,0
708,6,162,NA,NA,NA,0
709,6,162,NA,NA,NA,0
710,3,163,NA,NA,NA,0
711,3,163,NA,NA,NA,0
712,3,163,NA,NA,NA,0
713,5,164,NA,NA,NA,0
714,5,164,NA,NA,NA,0
715,5,164,"E",277,NA,0
716,5,164,NA,NA,NA,0
717,5,164,NA,NA,NA,0
718,3,165,NA,NA,NA,0
719,3,165,NA,NA,NA,0
720,3,165,NA,NA,NA,0
721,3,166,"E",NA,NA,0
722,3,166,NA,NA,NA,0
723,3,166,"E",127,NA,0
724,6,167,NA,NA,NA,0
725,6,167,NA,NA,NA,0
726,6,167,"E",297,NA,0
727,6,167,"E",291,NA,0
728,6,167,"E",361,NA,0
729,6,167,NA,NA,NA,0
730,4,168,NA,NA,NA,0
731,4,168,"E",304,NA,0
732,4,168,NA,NA,NA,0
733,4,168,NA,NA,NA,0
734,4,169,NA,NA,NA,0
735,4,169,"E",NA,NA,0
736,4,169,"E",361,NA,0
737,4,169,"E",NA,NA,0
738,4,170,"E",92,NA,0
739,4,170,NA,NA,NA,0
740,4,170,"E",353,NA,0
741,4,170,NA,NA,NA,0
742,3,171,"E",NA,NA,0
743,3,171,"E",329,NA,0
744,3,171,NA,NA,NA,0
745,6,172,NA,NA,NA,0
746,6,172,"E",316,NA,0
747,6,172,"E",334,NA,0
748,6,172,NA,NA,NA,0
749,6,172,"E",305,NA,0
750,6,172,"E",307,NA,0
751,3,173,NA,NA,NA,0
752,3,173,NA,NA,NA,0
753,3,173,NA,NA,NA,0
754,4,174,"E",362,NA,0
755,4,174,NA,NA,NA,0
756,4,174,NA,NA,NA,0
757,4,174,NA,NA,NA,0
758,6,175,NA,NA,NA,0
759,6,175,"E",259,NA,0
760,6,175,"E",337,NA,0
761,6,175,NA,NA,NA,0
762,6,175,"E",338,NA,0
763,6,175,NA,NA,NA,0
764,3,176,"E",267,NA,0
765,3,176,"E",231,NA,0
766,3,176,"E",344,NA,0
767,4,177,NA,NA,NA,0
768,4,177,"E",271,NA,0
769,4,177,NA,NA,NA,0
770,4,177,"E",NA,NA,0
771,5,178,"E",360,NA,0
772,5,178,"E",301,NA,0
773,5,178,"E",251,NA,0
774,5,178,NA,NA,NA,0
775,5,178,NA,NA,NA,0
776,3,179,NA,NA,NA,0
777,3,179,NA,NA,NA,0
778,3,179,"E",NA,NA,0
779,5,180,"E",221,NA,0
780,5,180,NA,NA,NA,0
781,5,180,NA,NA,NA,0
782,5,180,"E",227,NA,0
783,5,180,NA,NA,NA,0
784,6,181,NA,NA,NA,0
785,6,181,NA,NA,NA,0
786,6,181,"E",321,NA,0
787,6,181,NA,NA,NA,0
788,6,181,"E",NA,NA,0
789,6,181,"E",341,NA,0
790,6,182,"E",343,NA,0
791,6,182,NA,NA,NA,0
792,6,182,NA,NA,NA,0
793,6,182,NA,NA,NA,0
794,6,182,NA,NA,NA,0
795,6,182,NA,NA,NA,0
796,5,183,NA,NA,NA,0
797,5,183,NA,NA,NA,0
798,5,183,"E",NA,NA,0
799,5,183,NA,NA,NA,0
800,5,183,"E",365,NA,0
801,3,184,NA,NA,NA,0
802,3,184,"E",313,NA,0
803,3,184,"E",266,NA,0
804,4,185,"E",NA,NA,0
805,4,185,NA,NA,NA,0
806,4,185,NA,NA,NA,0
807,4,185,NA,NA,NA,0
808,3,186,"E",333,NA,0
809,3,186,NA,NA,NA,0
810,3,186,"E",321,NA,0
811,3,187,NA,NA,NA,0
812,3,187,"E",NA,NA,0
813,3,187,"E",NA,NA,0
814,5,188,NA,NA,NA,0
815,5,188,NA,NA,NA,0
816,5,188,NA,NA,NA,0
817,5,188,NA,NA,NA,0
818,5,188,NA,NA,NA,0
819,6,189,NA,NA,NA,0
820,6,189,"E",282,NA,0
821,6,189,NA,NA,NA,0
822,6,189,"E",276,NA,0
823,6,189,"E",333,NA,0
824,6,189,NA,NA,NA,0
825,6,190,NA,NA,NA,0
826,6,190,NA,NA,NA,0
827,6,190,"E",283,NA,0
828,6,190,NA,NA,NA,0
829,6,190,NA,NA,NA,0
830,6,190,"E",283,NA,0
831,4,191,NA,NA,NA,0
832,4,191,"E",317,NA,0
833,4,191,NA,NA,NA,0
834,4,191,NA,NA,NA,0
835,4,192,NA,NA,NA,0
836,4,192,"E",288,NA,0
837,4,192,"E",340,NA,0
838,4,192,"E",NA,NA,0
839,3,193,"E",349,NA,0
840,3,193,"E",301,NA,0
841,3,193,"E",273,NA,0
842,6,194,NA,NA,NA,0
843,6,194,NA,NA,NA,0
844,6,194,NA,NA,NA,0
845,6,194,NA,NA,NA,0
846,6,194,"E",327,NA,0
847,6,194,NA,NA,NA,0
848,5,195,NA,NA,NA,0
849,5,195,NA,NA,NA,0
850,5,195,NA,NA,NA,0
851,5,195,NA,NA,NA,0
852,5,195,"E",308,NA,0
853,3,196,"E",290,NA,0
854,3,196,NA,NA,NA,0
855,3,196,NA,NA,NA,0
856,6,197,NA,NA,NA,0
857,6,197,NA,NA,NA,0
858,6,197,NA,NA,NA,0
859,6,197,NA,NA,NA,0
860,6,197,NA,NA,NA,0
861,6,197,NA,NA,NA,0
862,4,198,NA,NA,NA,0
863,4,198,NA,NA,NA,0
864,4,198,NA,NA,NA,0
865,4,198,NA,NA,NA,0
866,3,199,"E",NA,NA,0
867,3,199,NA,NA,NA,0
868,3,199,"E",NA,NA,0
869,6,200,"E",292,NA,0
870,6,200,NA,NA,NA,0
871,6,200,NA,NA,NA,0
872,6,200,NA,NA,NA,0
873,6,200,"E",175,NA,0
874,6,200,NA,NA,NA,0
875,6,201,"E",NA,NA,0
876,6,201,NA,NA,NA,0
877,6,201,NA,NA,NA,0
878,6,201,NA,NA,NA,0
879,6,201,NA,NA,NA,0
880,6,201,NA,NA,NA,0
881,3,202,NA,NA,NA,0
882,3,202,"E",292,NA,0
883,3,202,NA,NA,NA,0
884,4,203,NA,NA,NA,0
885,4,203,NA,NA,NA,0
886,4,203,NA,NA,NA,0
887,4,203,NA,NA,NA,0
888,4,204,NA,NA,NA,0
889,4,204,"E",336,NA,0
890,4,204,NA,NA,NA,0
891,4,204,NA,NA,NA,0
892,6,205,NA,NA,NA,0
893,6,205,NA,NA,NA,0
894,6,205,NA,NA,NA,0
895,6,205,NA,NA,NA,0
896,6,205,NA,NA,NA,0
897,6,205,NA,NA,NA,0
898,5,206,NA,NA,NA,0
899,5,206,NA,NA,NA,0
900,5,206,"E",359,NA,0
901,5,206,"E",NA,NA,0
902,5,206,NA,NA,NA,0
903,5,207,NA,NA,NA,0
904,5,207,"E",282,NA,0
905,5,207,NA,NA,NA,0
906,5,207,NA,NA,NA,0
907,5,207,NA,NA,NA,0
908,5,208,"E",302,NA,0
909,5,208,NA,NA,NA,0
910,5,208,"E",258,NA,0
911,5,208,NA,NA,NA,0
912,5,208,"E",347,NA,0
913,5,209,NA,NA,NA,0
914,5,209,NA,NA,NA,0
915,5,209,"E",NA,NA,0
916,5,209,"E",365,NA,0
917,5,209,NA,NA,NA,0
918,5,210,"E",360,NA,0
919,5,210,"E",NA,NA,0
920,5,210,NA,NA,NA,0
921,5,210,NA,NA,NA,0
922,5,210,"E",324,NA,0
923,4,211,"E",347,NA,0
924,4,211,NA,NA,NA,0
925,4,211,"E",283,NA,0
926,4,211,NA,NA,NA,0
927,4,212,"E",308,NA,0
928,4,212,"E",297,NA,0
929,4,212,"E",312,NA,0
930,4,212,NA,NA,NA,0
931,4,213,NA,NA,NA,0
932,4,213,"E",310,NA,0
933,4,213,"E",339,NA,0
934,4,213,"E",311,NA,0
935,3,214,NA,NA,NA,0
936,3,214,NA,NA,NA,0
937,3,214,NA,NA,NA,0
938,6,215,"E",NA,NA,0
939,6,215,"E",323,NA,0
940,6,215,"E",345,NA,0
941,6,215,NA,NA,NA,0
942,6,215,"E",NA,NA,0
943,6,215,NA,NA,NA,0
944,6,216,"E",NA,NA,0
945,6,216,NA,NA,NA,0
946,6,216,NA,NA,NA,0
947,6,216,NA,NA,NA,0
948,6,216,NA,NA,NA,0
949,6,216,"E",305,NA,0
950,4,217,NA,NA,NA,0
951,4,217,NA,NA,NA,0
952,4,217,NA,NA,NA,0
953,4,217,NA,NA,NA,0
954,3,218,NA,NA,NA,0
955,3,218,"E",270,NA,0
956,3,218,"E",364,NA,0
957,4,219,"E",248,NA,0
958,4,219,"E",NA,NA,0
959,4,219,NA,NA,NA,0
960,4,219,"E",320,NA,0
961,6,220,"E",NA,NA,0
962,6,220,"E",298,NA,0
963,6,220,"E",356,NA,0
964,6,220,NA,NA,NA,0
965,6,220,"E",315,NA,0
966,6,220,NA,NA,NA,0
967,5,221,NA,NA,NA,0
968,5,221,NA,NA,NA,0
969,5,221,NA,NA,NA,0
970,5,221,NA,NA,NA,0
971,5,221,"E",325,NA,0
972,3,222,NA,NA,NA,0
973,3,222,"E",306,NA,0
974,3,222,NA,NA,NA,0
975,6,223,"E",337,NA,0
976,6,223,NA,NA,NA,0
977,6,223,"E",230,NA,0
978,6,223,NA,NA,NA,0
979,6,223,NA,NA,NA,0
980,6,223,NA,NA,NA,0
981,5,224,"E",281,NA,0
982,5,224,"E",311,NA,0
983,5,224,NA,NA,NA,0
984,5,224,NA,NA,NA,0
985,5,224,NA,NA,NA,0
986,3,225,"E",358,NA,0
987,3,225,NA,NA,NA,0
988,3,225,"E",NA,NA,0
989,5,226,"E",249,NA,0
990,5,226,"E",NA,NA,0
991,5,226,NA,NA,NA,0
992,5,226,"E",334,NA,0
993,5,226,NA,NA,NA,0
994,4,227,"E",335,NA,0
995,4,227,NA,NA,NA,0
996,4,227,NA,NA,NA,0
997,4,227,"E",273,NA,0
998,3,228,NA,NA,NA,0
999,3,228,"E",NA,NA,0
1000,3,228,"E",266,NA,0
