"ID","SIZE","HH","TYPE","TIME","S_NUM","I_NUM"
1,3,1,"0",NA,NA,0
2,3,1,NA,NA,NA,0
3,3,1,NA,NA,NA,0
4,3,2,NA,NA,NA,0
5,3,2,NA,NA,NA,0
6,3,2,NA,NA,NA,0
7,6,3,NA,NA,NA,0
8,6,3,NA,NA,NA,0
9,6,3,NA,NA,NA,0
10,6,3,NA,NA,NA,0
11,6,3,NA,NA,NA,0
12,6,3,NA,NA,NA,0
13,5,4,NA,NA,NA,0
14,5,4,NA,NA,NA,0
15,5,4,NA,NA,NA,0
16,5,4,NA,NA,NA,0
17,5,4,NA,NA,NA,0
18,4,5,NA,NA,NA,0
19,4,5,NA,NA,NA,0
20,4,5,NA,NA,NA,0
21,4,5,NA,NA,NA,0
22,3,6,NA,NA,NA,0
23,3,6,NA,NA,NA,0
24,3,6,NA,NA,NA,0
25,6,7,NA,NA,NA,0
26,6,7,NA,NA,NA,0
27,6,7,NA,NA,NA,0
28,6,7,NA,NA,NA,0
29,6,7,NA,NA,NA,0
30,6,7,NA,NA,NA,0
31,5,8,NA,NA,NA,0
32,5,8,NA,NA,NA,0
33,5,8,NA,NA,NA,0
34,5,8,NA,NA,NA,0
35,5,8,NA,NA,NA,0
36,4,9,NA,NA,NA,0
37,4,9,NA,NA,NA,0
38,4,9,NA,NA,NA,0
39,4,9,NA,NA,NA,0
40,5,10,NA,NA,NA,0
41,5,10,NA,NA,NA,0
42,5,10,NA,NA,NA,0
43,5,10,NA,NA,NA,0
44,5,10,NA,NA,NA,0
45,5,11,NA,NA,NA,0
46,5,11,NA,NA,NA,0
47,5,11,NA,NA,NA,0
48,5,11,NA,NA,NA,0
49,5,11,"C",NA,NA,0
50,5,12,NA,NA,NA,0
51,5,12,NA,NA,NA,0
52,5,12,NA,NA,NA,0
53,5,12,NA,NA,NA,0
54,5,12,NA,NA,NA,0
55,3,13,NA,NA,NA,0
56,3,13,NA,NA,NA,0
57,3,13,NA,NA,NA,0
58,4,14,NA,NA,NA,0
59,4,14,NA,NA,NA,0
60,4,14,NA,NA,NA,0
61,4,14,NA,NA,NA,0
62,4,15,NA,NA,NA,0
63,4,15,NA,NA,NA,0
64,4,15,NA,NA,NA,0
65,4,15,NA,NA,NA,0
66,6,16,NA,NA,NA,0
67,6,16,NA,NA,NA,0
68,6,16,NA,NA,NA,0
69,6,16,NA,NA,NA,0
70,6,16,NA,NA,NA,0
71,6,16,NA,NA,NA,0
72,6,17,NA,NA,NA,0
73,6,17,NA,NA,NA,0
74,6,17,NA,NA,NA,0
75,6,17,NA,NA,NA,0
76,6,17,"E",228,5,0
77,6,17,NA,NA,NA,0
78,6,18,NA,NA,NA,0
79,6,18,NA,NA,NA,0
80,6,18,NA,NA,NA,0
81,6,18,NA,NA,NA,0
82,6,18,NA,NA,NA,0
83,6,18,NA,NA,NA,0
84,6,19,NA,NA,NA,0
85,6,19,NA,NA,NA,0
86,6,19,NA,NA,NA,0
87,6,19,NA,NA,NA,0
88,6,19,NA,NA,NA,0
89,6,19,NA,NA,NA,0
90,5,20,NA,NA,NA,0
91,5,20,NA,NA,NA,0
92,5,20,NA,NA,NA,0
93,5,20,NA,NA,NA,0
94,5,20,NA,NA,NA,0
95,6,21,NA,NA,NA,0
96,6,21,NA,NA,NA,0
97,6,21,"H",149,2,0
98,6,21,"E",52,5,1
99,6,21,"H",116,3,1
100,6,21,"H",93,4,1
101,4,22,NA,NA,NA,0
102,4,22,NA,NA,NA,0
103,4,22,NA,NA,NA,0
104,4,22,NA,NA,NA,0
105,4,23,NA,NA,NA,0
106,4,23,NA,NA,NA,0
107,4,23,NA,NA,NA,0
108,4,23,NA,NA,NA,0
109,3,24,NA,NA,NA,0
110,3,24,NA,NA,NA,0
111,3,24,NA,NA,NA,0
112,6,25,NA,NA,NA,0
113,6,25,NA,NA,NA,0
114,6,25,NA,NA,NA,0
115,6,25,NA,NA,NA,0
116,6,25,NA,NA,NA,0
117,6,25,NA,NA,NA,0
118,4,26,NA,NA,NA,0
119,4,26,NA,NA,NA,0
120,4,26,NA,NA,NA,0
121,4,26,NA,NA,NA,0
122,4,27,NA,NA,NA,0
123,4,27,NA,NA,NA,0
124,4,27,NA,NA,NA,0
125,4,27,NA,NA,NA,0
126,4,28,NA,NA,NA,0
127,4,28,NA,NA,NA,0
128,4,28,NA,NA,NA,0
129,4,28,NA,NA,NA,0
130,6,29,NA,NA,NA,0
131,6,29,NA,NA,NA,0
132,6,29,NA,NA,NA,0
133,6,29,NA,NA,NA,0
134,6,29,NA,NA,NA,0
135,6,29,NA,NA,NA,0
136,5,30,NA,NA,NA,0
137,5,30,NA,NA,NA,0
138,5,30,NA,NA,NA,0
139,5,30,NA,NA,NA,0
140,5,30,NA,NA,NA,0
141,6,31,NA,NA,NA,0
142,6,31,NA,NA,NA,0
143,6,31,NA,NA,NA,0
144,6,31,NA,NA,NA,0
145,6,31,NA,NA,NA,0
146,6,31,NA,NA,NA,0
147,3,32,NA,NA,NA,0
148,3,32,NA,NA,NA,0
149,3,32,NA,NA,NA,0
150,6,33,NA,NA,NA,0
151,6,33,NA,NA,NA,0
152,6,33,NA,NA,NA,0
153,6,33,NA,NA,NA,0
154,6,33,NA,NA,NA,0
155,6,33,NA,NA,NA,0
156,4,34,NA,NA,NA,0
157,4,34,NA,NA,NA,0
158,4,34,NA,NA,NA,0
159,4,34,"E",NA,NA,0
160,3,35,NA,NA,NA,0
161,3,35,NA,NA,NA,0
162,3,35,NA,NA,NA,0
163,4,36,NA,NA,NA,0
164,4,36,NA,NA,NA,0
165,4,36,NA,NA,NA,0
166,4,36,NA,NA,NA,0
167,5,37,NA,NA,NA,0
168,5,37,NA,NA,NA,0
169,5,37,NA,NA,NA,0
170,5,37,NA,NA,NA,0
171,5,37,NA,NA,NA,0
172,4,38,NA,NA,NA,0
173,4,38,NA,NA,NA,0
174,4,38,NA,NA,NA,0
175,4,38,NA,NA,NA,0
176,6,39,NA,NA,NA,0
177,6,39,NA,NA,NA,0
178,6,39,NA,NA,NA,0
179,6,39,NA,NA,NA,0
180,6,39,NA,NA,NA,0
181,6,39,NA,NA,NA,0
182,4,40,NA,NA,NA,0
183,4,40,NA,NA,NA,0
184,4,40,NA,NA,NA,0
185,4,40,NA,NA,NA,0
186,3,41,NA,NA,NA,0
187,3,41,NA,NA,NA,0
188,3,41,NA,NA,NA,0
189,6,42,"H",362,1,0
190,6,42,"C",341,5,3
191,6,42,"H",NA,NA,0
192,6,42,NA,NA,NA,0
193,6,42,"H",NA,NA,0
194,6,42,"H",356,2,1
195,3,43,NA,NA,NA,0
196,3,43,NA,NA,NA,0
197,3,43,NA,NA,NA,0
198,6,44,NA,NA,NA,0
199,6,44,NA,NA,NA,0
200,6,44,NA,NA,NA,0
201,6,44,NA,NA,NA,0
202,6,44,NA,NA,NA,0
203,6,44,NA,NA,NA,0
204,4,45,NA,NA,NA,0
205,4,45,NA,NA,NA,0
206,4,45,NA,NA,NA,0
207,4,45,NA,NA,NA,0
208,4,46,NA,NA,NA,0
209,4,46,NA,NA,NA,0
210,4,46,NA,NA,NA,0
211,4,46,NA,NA,NA,0
212,6,47,NA,NA,NA,0
213,6,47,NA,NA,NA,0
214,6,47,NA,NA,NA,0
215,6,47,NA,NA,NA,0
216,6,47,NA,NA,NA,0
217,6,47,NA,NA,NA,0
218,6,48,NA,NA,NA,0
219,6,48,NA,NA,NA,0
220,6,48,NA,NA,NA,0
221,6,48,NA,NA,NA,0
222,6,48,NA,NA,NA,0
223,6,48,NA,NA,NA,0
224,4,49,NA,NA,NA,0
225,4,49,NA,NA,NA,0
226,4,49,NA,NA,NA,0
227,4,49,NA,NA,NA,0
228,6,50,NA,NA,NA,0
229,6,50,NA,NA,NA,0
230,6,50,NA,NA,NA,0
231,6,50,NA,NA,NA,0
232,6,50,NA,NA,NA,0
233,6,50,NA,NA,NA,0
234,3,51,NA,NA,NA,0
235,3,51,NA,NA,NA,0
236,3,51,"E",318,2,0
237,3,52,NA,NA,NA,0
238,3,52,NA,NA,NA,0
239,3,52,NA,NA,NA,0
240,4,53,NA,NA,NA,0
241,4,53,NA,NA,NA,0
242,4,53,NA,NA,NA,0
243,4,53,NA,NA,NA,0
244,3,54,NA,NA,NA,0
245,3,54,NA,NA,NA,0
246,3,54,NA,NA,NA,0
247,3,55,NA,NA,NA,0
248,3,55,NA,NA,NA,0
249,3,55,NA,NA,NA,0
250,6,56,NA,NA,NA,0
251,6,56,NA,NA,NA,0
252,6,56,NA,NA,NA,0
253,6,56,NA,NA,NA,0
254,6,56,NA,NA,NA,0
255,6,56,NA,NA,NA,0
256,3,57,NA,NA,NA,0
257,3,57,NA,NA,NA,0
258,3,57,NA,NA,NA,0
259,6,58,NA,NA,NA,0
260,6,58,NA,NA,NA,0
261,6,58,NA,NA,NA,0
262,6,58,NA,NA,NA,0
263,6,58,NA,NA,NA,0
264,6,58,NA,NA,NA,0
265,6,59,NA,NA,NA,0
266,6,59,NA,NA,NA,0
267,6,59,NA,NA,NA,0
268,6,59,NA,NA,NA,0
269,6,59,NA,NA,NA,0
270,6,59,NA,NA,NA,0
271,4,60,NA,NA,NA,0
272,4,60,NA,NA,NA,0
273,4,60,NA,NA,NA,0
274,4,60,NA,NA,NA,0
275,4,61,NA,NA,NA,0
276,4,61,NA,NA,NA,0
277,4,61,NA,NA,NA,0
278,4,61,NA,NA,NA,0
279,4,62,NA,NA,NA,0
280,4,62,NA,NA,NA,0
281,4,62,NA,NA,NA,0
282,4,62,NA,NA,NA,0
283,3,63,NA,NA,NA,0
284,3,63,NA,NA,NA,0
285,3,63,NA,NA,NA,0
286,6,64,NA,NA,NA,0
287,6,64,NA,NA,NA,0
288,6,64,NA,NA,NA,0
289,6,64,NA,NA,NA,0
290,6,64,NA,NA,NA,0
291,6,64,NA,NA,NA,0
292,5,65,NA,NA,NA,0
293,5,65,NA,NA,NA,0
294,5,65,NA,NA,NA,0
295,5,65,NA,NA,NA,0
296,5,65,NA,NA,NA,0
297,4,66,NA,NA,NA,0
298,4,66,NA,NA,NA,0
299,4,66,NA,NA,NA,0
300,4,66,NA,NA,NA,0
301,3,67,NA,NA,NA,0
302,3,67,NA,NA,NA,0
303,3,67,NA,NA,NA,0
304,3,68,NA,NA,NA,0
305,3,68,NA,NA,NA,0
306,3,68,NA,NA,NA,0
307,6,69,NA,NA,NA,0
308,6,69,NA,NA,NA,0
309,6,69,NA,NA,NA,0
310,6,69,NA,NA,NA,0
311,6,69,NA,NA,NA,0
312,6,69,NA,NA,NA,0
313,6,70,NA,NA,NA,0
314,6,70,NA,NA,NA,0
315,6,70,NA,NA,NA,0
316,6,70,NA,NA,NA,0
317,6,70,NA,NA,NA,0
318,6,70,NA,NA,NA,0
319,3,71,NA,NA,NA,0
320,3,71,NA,NA,NA,0
321,3,71,NA,NA,NA,0
322,4,72,NA,NA,NA,0
323,4,72,NA,NA,NA,0
324,4,72,NA,NA,NA,0
325,4,72,NA,NA,NA,0
326,4,73,NA,NA,NA,0
327,4,73,NA,NA,NA,0
328,4,73,NA,NA,NA,0
329,4,73,NA,NA,NA,0
330,5,74,"C",177,4,0
331,5,74,NA,NA,NA,0
332,5,74,NA,NA,NA,0
333,5,74,NA,NA,NA,0
334,5,74,NA,NA,NA,0
335,4,75,NA,NA,NA,0
336,4,75,NA,NA,NA,0
337,4,75,NA,NA,NA,0
338,4,75,NA,NA,NA,0
339,3,76,NA,NA,NA,0
340,3,76,NA,NA,NA,0
341,3,76,NA,NA,NA,0
342,4,77,NA,NA,NA,0
343,4,77,NA,NA,NA,0
344,4,77,NA,NA,NA,0
345,4,77,NA,NA,NA,0
346,5,78,NA,NA,NA,0
347,5,78,NA,NA,NA,0
348,5,78,NA,NA,NA,0
349,5,78,NA,NA,NA,0
350,5,78,NA,NA,NA,0
351,6,79,NA,NA,NA,0
352,6,79,NA,NA,NA,0
353,6,79,NA,NA,NA,0
354,6,79,NA,NA,NA,0
355,6,79,NA,NA,NA,0
356,6,79,NA,NA,NA,0
357,5,80,NA,NA,NA,0
358,5,80,NA,NA,NA,0
359,5,80,NA,NA,NA,0
360,5,80,NA,NA,NA,0
361,5,80,NA,NA,NA,0
362,5,81,NA,NA,NA,0
363,5,81,NA,NA,NA,0
364,5,81,NA,NA,NA,0
365,5,81,NA,NA,NA,0
366,5,81,NA,NA,NA,0
367,6,82,NA,NA,NA,0
368,6,82,NA,NA,NA,0
369,6,82,NA,NA,NA,0
370,6,82,NA,NA,NA,0
371,6,82,NA,NA,NA,0
372,6,82,NA,NA,NA,0
373,4,83,NA,NA,NA,0
374,4,83,NA,NA,NA,0
375,4,83,NA,NA,NA,0
376,4,83,NA,NA,NA,0
377,5,84,NA,NA,NA,0
378,5,84,NA,NA,NA,0
379,5,84,NA,NA,NA,0
380,5,84,NA,NA,NA,0
381,5,84,NA,NA,NA,0
382,3,85,NA,NA,NA,0
383,3,85,NA,NA,NA,0
384,3,85,NA,NA,NA,0
385,4,86,NA,NA,NA,0
386,4,86,NA,NA,NA,0
387,4,86,NA,NA,NA,0
388,4,86,NA,NA,NA,0
389,4,87,NA,NA,NA,0
390,4,87,NA,NA,NA,0
391,4,87,NA,NA,NA,0
392,4,87,NA,NA,NA,0
393,6,88,NA,NA,NA,0
394,6,88,NA,NA,NA,0
395,6,88,NA,NA,NA,0
396,6,88,NA,NA,NA,0
397,6,88,NA,NA,NA,0
398,6,88,NA,NA,NA,0
399,3,89,NA,NA,NA,0
400,3,89,NA,NA,NA,0
401,3,89,NA,NA,NA,0
402,4,90,NA,NA,NA,0
403,4,90,NA,NA,NA,0
404,4,90,NA,NA,NA,0
405,4,90,NA,NA,NA,0
406,4,91,NA,NA,NA,0
407,4,91,NA,NA,NA,0
408,4,91,NA,NA,NA,0
409,4,91,NA,NA,NA,0
410,6,92,NA,NA,NA,0
411,6,92,NA,NA,NA,0
412,6,92,NA,NA,NA,0
413,6,92,NA,NA,NA,0
414,6,92,NA,NA,NA,0
415,6,92,NA,NA,NA,0
416,5,93,NA,NA,NA,0
417,5,93,NA,NA,NA,0
418,5,93,NA,NA,NA,0
419,5,93,NA,NA,NA,0
420,5,93,NA,NA,NA,0
421,5,94,NA,NA,NA,0
422,5,94,NA,NA,NA,0
423,5,94,NA,NA,NA,0
424,5,94,NA,NA,NA,0
425,5,94,NA,NA,NA,0
426,4,95,NA,NA,NA,0
427,4,95,NA,NA,NA,0
428,4,95,NA,NA,NA,0
429,4,95,NA,NA,NA,0
430,3,96,NA,NA,NA,0
431,3,96,NA,NA,NA,0
432,3,96,NA,NA,NA,0
433,4,97,NA,NA,NA,0
434,4,97,NA,NA,NA,0
435,4,97,NA,NA,NA,0
436,4,97,NA,NA,NA,0
437,5,98,NA,NA,NA,0
438,5,98,NA,NA,NA,0
439,5,98,NA,NA,NA,0
440,5,98,NA,NA,NA,0
441,5,98,NA,NA,NA,0
442,3,99,NA,NA,NA,0
443,3,99,NA,NA,NA,0
444,3,99,NA,NA,NA,0
445,4,100,NA,NA,NA,0
446,4,100,NA,NA,NA,0
447,4,100,NA,NA,NA,0
448,4,100,NA,NA,NA,0
449,5,101,NA,NA,NA,0
450,5,101,NA,NA,NA,0
451,5,101,NA,NA,NA,0
452,5,101,NA,NA,NA,0
453,5,101,NA,NA,NA,0
454,5,102,"E",365,4,0
455,5,102,NA,NA,NA,0
456,5,102,NA,NA,NA,0
457,5,102,NA,NA,NA,0
458,5,102,NA,NA,NA,0
459,4,103,NA,NA,NA,0
460,4,103,NA,NA,NA,0
461,4,103,NA,NA,NA,0
462,4,103,NA,NA,NA,0
463,6,104,NA,NA,NA,0
464,6,104,NA,NA,NA,0
465,6,104,NA,NA,NA,0
466,6,104,NA,NA,NA,0
467,6,104,NA,NA,NA,0
468,6,104,NA,NA,NA,0
469,3,105,NA,NA,NA,0
470,3,105,NA,NA,NA,0
471,3,105,NA,NA,NA,0
472,4,106,NA,NA,NA,0
473,4,106,NA,NA,NA,0
474,4,106,NA,NA,NA,0
475,4,106,NA,NA,NA,0
476,5,107,"E",NA,NA,0
477,5,107,NA,NA,NA,0
478,5,107,NA,NA,NA,0
479,5,107,NA,NA,NA,0
480,5,107,NA,NA,NA,0
481,6,108,NA,NA,NA,0
482,6,108,NA,NA,NA,0
483,6,108,NA,NA,NA,0
484,6,108,NA,NA,NA,0
485,6,108,NA,NA,NA,0
486,6,108,NA,NA,NA,0
487,3,109,NA,NA,NA,0
488,3,109,NA,NA,NA,0
489,3,109,NA,NA,NA,0
490,5,110,NA,NA,NA,0
491,5,110,NA,NA,NA,0
492,5,110,NA,NA,NA,0
493,5,110,NA,NA,NA,0
494,5,110,NA,NA,NA,0
495,6,111,NA,NA,NA,0
496,6,111,NA,NA,NA,0
497,6,111,NA,NA,NA,0
498,6,111,NA,NA,NA,0
499,6,111,NA,NA,NA,0
500,6,111,NA,NA,NA,0
501,6,112,NA,NA,NA,0
502,6,112,NA,NA,NA,0
503,6,112,NA,NA,NA,0
504,6,112,NA,NA,NA,0
505,6,112,NA,NA,NA,0
506,6,112,NA,NA,NA,0
507,4,113,NA,NA,NA,0
508,4,113,NA,NA,NA,0
509,4,113,NA,NA,NA,0
510,4,113,NA,NA,NA,0
511,6,114,NA,NA,NA,0
512,6,114,NA,NA,NA,0
513,6,114,NA,NA,NA,0
514,6,114,NA,NA,NA,0
515,6,114,NA,NA,NA,0
516,6,114,NA,NA,NA,0
517,5,115,NA,NA,NA,0
518,5,115,NA,NA,NA,0
519,5,115,NA,NA,NA,0
520,5,115,NA,NA,NA,0
521,5,115,NA,NA,NA,0
522,3,116,NA,NA,NA,0
523,3,116,NA,NA,NA,0
524,3,116,NA,NA,NA,0
525,6,117,NA,NA,NA,0
526,6,117,NA,NA,NA,0
527,6,117,NA,NA,NA,0
528,6,117,NA,NA,NA,0
529,6,117,NA,NA,NA,0
530,6,117,NA,NA,NA,0
531,4,118,NA,NA,NA,0
532,4,118,NA,NA,NA,0
533,4,118,NA,NA,NA,0
534,4,118,NA,NA,NA,0
535,3,119,NA,NA,NA,0
536,3,119,NA,NA,NA,0
537,3,119,NA,NA,NA,0
538,4,120,NA,NA,NA,0
539,4,120,NA,NA,NA,0
540,4,120,NA,NA,NA,0
541,4,120,NA,NA,NA,0
542,3,121,NA,NA,NA,0
543,3,121,NA,NA,NA,0
544,3,121,NA,NA,NA,0
545,5,122,NA,NA,NA,0
546,5,122,NA,NA,NA,0
547,5,122,NA,NA,NA,0
548,5,122,NA,NA,NA,0
549,5,122,NA,NA,NA,0
550,4,123,NA,NA,NA,0
551,4,123,NA,NA,NA,0
552,4,123,NA,NA,NA,0
553,4,123,NA,NA,NA,0
554,4,124,NA,NA,NA,0
555,4,124,NA,NA,NA,0
556,4,124,NA,NA,NA,0
557,4,124,NA,NA,NA,0
558,4,125,"H",128,1,0
559,4,125,NA,NA,NA,0
560,4,125,"E",88,3,2
561,4,125,"H",118,1,0
562,3,126,NA,NA,NA,0
563,3,126,NA,NA,NA,0
564,3,126,NA,NA,NA,0
565,3,127,NA,NA,NA,0
566,3,127,NA,NA,NA,0
567,3,127,NA,NA,NA,0
568,3,128,NA,NA,NA,0
569,3,128,NA,NA,NA,0
570,3,128,NA,NA,NA,0
571,4,129,NA,NA,NA,0
572,4,129,NA,NA,NA,0
573,4,129,NA,NA,NA,0
574,4,129,NA,NA,NA,0
575,3,130,NA,NA,NA,0
576,3,130,NA,NA,NA,0
577,3,130,NA,NA,NA,0
578,6,131,"H",338,0,0
579,6,131,"H",NA,NA,0
580,6,131,"H",341,0,0
581,6,131,"E",291,5,1
582,6,131,"H",NA,NA,0
583,6,131,"H",320,4,4
584,5,132,NA,NA,NA,0
585,5,132,NA,NA,NA,0
586,5,132,NA,NA,NA,0
587,5,132,NA,NA,NA,0
588,5,132,NA,NA,NA,0
589,3,133,NA,NA,NA,0
590,3,133,NA,NA,NA,0
591,3,133,NA,NA,NA,0
592,5,134,NA,NA,NA,0
593,5,134,NA,NA,NA,0
594,5,134,NA,NA,NA,0
595,5,134,NA,NA,NA,0
596,5,134,NA,NA,NA,0
597,3,135,NA,NA,NA,0
598,3,135,NA,NA,NA,0
599,3,135,NA,NA,NA,0
600,4,136,NA,NA,NA,0
601,4,136,NA,NA,NA,0
602,4,136,NA,NA,NA,0
603,4,136,NA,NA,NA,0
604,5,137,NA,NA,NA,0
605,5,137,NA,NA,NA,0
606,5,137,NA,NA,NA,0
607,5,137,NA,NA,NA,0
608,5,137,NA,NA,NA,0
609,3,138,NA,NA,NA,0
610,3,138,NA,NA,NA,0
611,3,138,NA,NA,NA,0
612,5,139,NA,NA,NA,0
613,5,139,NA,NA,NA,0
614,5,139,NA,NA,NA,0
615,5,139,NA,NA,NA,0
616,5,139,NA,NA,NA,0
617,6,140,NA,NA,NA,0
618,6,140,NA,NA,NA,0
619,6,140,NA,NA,NA,0
620,6,140,NA,NA,NA,0
621,6,140,NA,NA,NA,0
622,6,140,NA,NA,NA,0
623,6,141,NA,NA,NA,0
624,6,141,NA,NA,NA,0
625,6,141,NA,NA,NA,0
626,6,141,NA,NA,NA,0
627,6,141,NA,NA,NA,0
628,6,141,"E",202,5,0
629,6,142,NA,NA,NA,0
630,6,142,NA,NA,NA,0
631,6,142,NA,NA,NA,0
632,6,142,NA,NA,NA,0
633,6,142,NA,NA,NA,0
634,6,142,NA,NA,NA,0
635,6,143,NA,NA,NA,0
636,6,143,NA,NA,NA,0
637,6,143,NA,NA,NA,0
638,6,143,NA,NA,NA,0
639,6,143,NA,NA,NA,0
640,6,143,NA,NA,NA,0
641,5,144,NA,NA,NA,0
642,5,144,NA,NA,NA,0
643,5,144,NA,NA,NA,0
644,5,144,NA,NA,NA,0
645,5,144,NA,NA,NA,0
646,6,145,NA,NA,NA,0
647,6,145,NA,NA,NA,0
648,6,145,NA,NA,NA,0
649,6,145,NA,NA,NA,0
650,6,145,NA,NA,NA,0
651,6,145,NA,NA,NA,0
652,4,146,NA,NA,NA,0
653,4,146,NA,NA,NA,0
654,4,146,NA,NA,NA,0
655,4,146,NA,NA,NA,0
656,6,147,NA,NA,NA,0
657,6,147,NA,NA,NA,0
658,6,147,NA,NA,NA,0
659,6,147,NA,NA,NA,0
660,6,147,NA,NA,NA,0
661,6,147,NA,NA,NA,0
662,3,148,NA,NA,NA,0
663,3,148,NA,NA,NA,0
664,3,148,NA,NA,NA,0
665,4,149,NA,NA,NA,0
666,4,149,NA,NA,NA,0
667,4,149,NA,NA,NA,0
668,4,149,NA,NA,NA,0
669,3,150,NA,NA,NA,0
670,3,150,NA,NA,NA,0
671,3,150,NA,NA,NA,0
672,5,151,NA,NA,NA,0
673,5,151,NA,NA,NA,0
674,5,151,NA,NA,NA,0
675,5,151,NA,NA,NA,0
676,5,151,NA,NA,NA,0
677,5,152,NA,NA,NA,0
678,5,152,NA,NA,NA,0
679,5,152,NA,NA,NA,0
680,5,152,NA,NA,NA,0
681,5,152,NA,NA,NA,0
682,3,153,NA,NA,NA,0
683,3,153,NA,NA,NA,0
684,3,153,NA,NA,NA,0
685,5,154,NA,NA,NA,0
686,5,154,NA,NA,NA,0
687,5,154,NA,NA,NA,0
688,5,154,NA,NA,NA,0
689,5,154,NA,NA,NA,0
690,6,155,NA,NA,NA,0
691,6,155,NA,NA,NA,0
692,6,155,NA,NA,NA,0
693,6,155,NA,NA,NA,0
694,6,155,NA,NA,NA,0
695,6,155,NA,NA,NA,0
696,3,156,NA,NA,NA,0
697,3,156,NA,NA,NA,0
698,3,156,NA,NA,NA,0
699,4,157,NA,NA,NA,0
700,4,157,NA,NA,NA,0
701,4,157,NA,NA,NA,0
702,4,157,NA,NA,NA,0
703,6,158,NA,NA,NA,0
704,6,158,NA,NA,NA,0
705,6,158,NA,NA,NA,0
706,6,158,NA,NA,NA,0
707,6,158,NA,NA,NA,0
708,6,158,NA,NA,NA,0
709,6,159,NA,NA,NA,0
710,6,159,NA,NA,NA,0
711,6,159,NA,NA,NA,0
712,6,159,NA,NA,NA,0
713,6,159,NA,NA,NA,0
714,6,159,NA,NA,NA,0
715,4,160,NA,NA,NA,0
716,4,160,NA,NA,NA,0
717,4,160,NA,NA,NA,0
718,4,160,NA,NA,NA,0
719,3,161,NA,NA,NA,0
720,3,161,NA,NA,NA,0
721,3,161,NA,NA,NA,0
722,5,162,NA,NA,NA,0
723,5,162,NA,NA,NA,0
724,5,162,NA,NA,NA,0
725,5,162,NA,NA,NA,0
726,5,162,NA,NA,NA,0
727,6,163,"C",229,5,2
728,6,163,"H",288,2,0
729,6,163,NA,NA,NA,0
730,6,163,"H",253,3,1
731,6,163,"H",301,2,0
732,6,163,NA,NA,NA,0
733,4,164,NA,NA,NA,0
734,4,164,NA,NA,NA,0
735,4,164,NA,NA,NA,0
736,4,164,NA,NA,NA,0
737,6,165,NA,NA,NA,0
738,6,165,NA,NA,NA,0
739,6,165,NA,NA,NA,0
740,6,165,NA,NA,NA,0
741,6,165,NA,NA,NA,0
742,6,165,NA,NA,NA,0
743,3,166,NA,NA,NA,0
744,3,166,NA,NA,NA,0
745,3,166,NA,NA,NA,0
746,6,167,"H",252,0,0
747,6,167,"H",263,0,0
748,6,167,"H",210,3,2
749,6,167,"H",218,1,1
750,6,167,"E",191,5,2
751,6,167,"H",245,0,0
752,5,168,NA,NA,NA,0
753,5,168,NA,NA,NA,0
754,5,168,NA,NA,NA,0
755,5,168,NA,NA,NA,0
756,5,168,NA,NA,NA,0
757,4,169,NA,NA,NA,0
758,4,169,NA,NA,NA,0
759,4,169,NA,NA,NA,0
760,4,169,NA,NA,NA,0
761,3,170,NA,NA,NA,0
762,3,170,NA,NA,NA,0
763,3,170,NA,NA,NA,0
764,5,171,NA,NA,NA,0
765,5,171,NA,NA,NA,0
766,5,171,NA,NA,NA,0
767,5,171,NA,NA,NA,0
768,5,171,NA,NA,NA,0
769,5,172,NA,NA,NA,0
770,5,172,NA,NA,NA,0
771,5,172,NA,NA,NA,0
772,5,172,NA,NA,NA,0
773,5,172,NA,NA,NA,0
774,5,173,NA,NA,NA,0
775,5,173,NA,NA,NA,0
776,5,173,NA,NA,NA,0
777,5,173,NA,NA,NA,0
778,5,173,NA,NA,NA,0
779,6,174,NA,NA,NA,0
780,6,174,NA,NA,NA,0
781,6,174,NA,NA,NA,0
782,6,174,NA,NA,NA,0
783,6,174,NA,NA,NA,0
784,6,174,NA,NA,NA,0
785,4,175,NA,NA,NA,0
786,4,175,NA,NA,NA,0
787,4,175,NA,NA,NA,0
788,4,175,NA,NA,NA,0
789,4,176,NA,NA,NA,0
790,4,176,NA,NA,NA,0
791,4,176,NA,NA,NA,0
792,4,176,NA,NA,NA,0
793,5,177,"H",175,1,1
794,5,177,"H",222,0,0
795,5,177,"H",135,1,0
796,5,177,"E",90,4,3
797,5,177,"H",122,1,0
798,3,178,NA,NA,NA,0
799,3,178,NA,NA,NA,0
800,3,178,NA,NA,NA,0
801,6,179,NA,NA,NA,0
802,6,179,NA,NA,NA,0
803,6,179,NA,NA,NA,0
804,6,179,NA,NA,NA,0
805,6,179,NA,NA,NA,0
806,6,179,NA,NA,NA,0
807,5,180,NA,NA,NA,0
808,5,180,NA,NA,NA,0
809,5,180,NA,NA,NA,0
810,5,180,NA,NA,NA,0
811,5,180,NA,NA,NA,0
812,5,181,NA,NA,NA,0
813,5,181,NA,NA,NA,0
814,5,181,NA,NA,NA,0
815,5,181,NA,NA,NA,0
816,5,181,NA,NA,NA,0
817,6,182,NA,NA,NA,0
818,6,182,NA,NA,NA,0
819,6,182,NA,NA,NA,0
820,6,182,NA,NA,NA,0
821,6,182,NA,NA,NA,0
822,6,182,NA,NA,NA,0
823,4,183,NA,NA,NA,0
824,4,183,NA,NA,NA,0
825,4,183,NA,NA,NA,0
826,4,183,NA,NA,NA,0
827,6,184,NA,NA,NA,0
828,6,184,NA,NA,NA,0
829,6,184,NA,NA,NA,0
830,6,184,NA,NA,NA,0
831,6,184,NA,NA,NA,0
832,6,184,NA,NA,NA,0
833,5,185,"H",243,3,1
834,5,185,"E",217,4,1
835,5,185,"H",314,1,0
836,5,185,NA,NA,NA,0
837,5,185,"H",278,2,1
838,4,186,NA,NA,NA,0
839,4,186,NA,NA,NA,0
840,4,186,NA,NA,NA,0
841,4,186,NA,NA,NA,0
842,4,187,NA,NA,NA,0
843,4,187,NA,NA,NA,0
844,4,187,NA,NA,NA,0
845,4,187,NA,NA,NA,0
846,3,188,NA,NA,NA,0
847,3,188,NA,NA,NA,0
848,3,188,NA,NA,NA,0
849,5,189,NA,NA,NA,0
850,5,189,NA,NA,NA,0
851,5,189,NA,NA,NA,0
852,5,189,NA,NA,NA,0
853,5,189,"C",NA,NA,0
854,5,190,NA,NA,NA,0
855,5,190,NA,NA,NA,0
856,5,190,NA,NA,NA,0
857,5,190,NA,NA,NA,0
858,5,190,NA,NA,NA,0
859,6,191,NA,NA,NA,0
860,6,191,NA,NA,NA,0
861,6,191,NA,NA,NA,0
862,6,191,NA,NA,NA,0
863,6,191,NA,NA,NA,0
864,6,191,NA,NA,NA,0
865,6,192,NA,NA,NA,0
866,6,192,NA,NA,NA,0
867,6,192,NA,NA,NA,0
868,6,192,NA,NA,NA,0
869,6,192,NA,NA,NA,0
870,6,192,NA,NA,NA,0
871,5,193,NA,NA,NA,0
872,5,193,NA,NA,NA,0
873,5,193,NA,NA,NA,0
874,5,193,NA,NA,NA,0
875,5,193,NA,NA,NA,0
876,3,194,NA,NA,NA,0
877,3,194,NA,NA,NA,0
878,3,194,NA,NA,NA,0
879,6,195,NA,NA,NA,0
880,6,195,NA,NA,NA,0
881,6,195,NA,NA,NA,0
882,6,195,NA,NA,NA,0
883,6,195,NA,NA,NA,0
884,6,195,NA,NA,NA,0
885,3,196,NA,NA,NA,0
886,3,196,NA,NA,NA,0
887,3,196,NA,NA,NA,0
888,6,197,NA,NA,NA,0
889,6,197,NA,NA,NA,0
890,6,197,NA,NA,NA,0
891,6,197,NA,NA,NA,0
892,6,197,NA,NA,NA,0
893,6,197,NA,NA,NA,0
894,3,198,NA,NA,NA,0
895,3,198,NA,NA,NA,0
896,3,198,NA,NA,NA,0
897,4,199,NA,NA,NA,0
898,4,199,NA,NA,NA,0
899,4,199,NA,NA,NA,0
900,4,199,NA,NA,NA,0
901,6,200,NA,NA,NA,0
902,6,200,NA,NA,NA,0
903,6,200,NA,NA,NA,0
904,6,200,NA,NA,NA,0
905,6,200,NA,NA,NA,0
906,6,200,NA,NA,NA,0
907,6,201,"H",NA,NA,0
908,6,201,NA,NA,NA,0
909,6,201,"H",359,4,2
910,6,201,NA,NA,NA,0
911,6,201,"H",NA,NA,0
912,6,201,"C",300,5,1
913,3,202,NA,NA,NA,0
914,3,202,NA,NA,NA,0
915,3,202,NA,NA,NA,0
916,5,203,NA,NA,NA,0
917,5,203,NA,NA,NA,0
918,5,203,NA,NA,NA,0
919,5,203,NA,NA,NA,0
920,5,203,NA,NA,NA,0
921,3,204,NA,NA,NA,0
922,3,204,NA,NA,NA,0
923,3,204,NA,NA,NA,0
924,3,205,NA,NA,NA,0
925,3,205,NA,NA,NA,0
926,3,205,NA,NA,NA,0
927,4,206,NA,NA,NA,0
928,4,206,NA,NA,NA,0
929,4,206,NA,NA,NA,0
930,4,206,NA,NA,NA,0
931,5,207,NA,NA,NA,0
932,5,207,NA,NA,NA,0
933,5,207,NA,NA,NA,0
934,5,207,NA,NA,NA,0
935,5,207,NA,NA,NA,0
936,4,208,NA,NA,NA,0
937,4,208,NA,NA,NA,0
938,4,208,NA,NA,NA,0
939,4,208,NA,NA,NA,0
940,3,209,NA,NA,NA,0
941,3,209,NA,NA,NA,0
942,3,209,NA,NA,NA,0
943,4,210,NA,NA,NA,0
944,4,210,NA,NA,NA,0
945,4,210,NA,NA,NA,0
946,4,210,NA,NA,NA,0
947,5,211,NA,NA,NA,0
948,5,211,NA,NA,NA,0
949,5,211,NA,NA,NA,0
950,5,211,NA,NA,NA,0
951,5,211,NA,NA,NA,0
952,5,212,NA,NA,NA,0
953,5,212,NA,NA,NA,0
954,5,212,NA,NA,NA,0
955,5,212,NA,NA,NA,0
956,5,212,NA,NA,NA,0
957,5,213,NA,NA,NA,0
958,5,213,NA,NA,NA,0
959,5,213,NA,NA,NA,0
960,5,213,NA,NA,NA,0
961,5,213,NA,NA,NA,0
962,3,214,NA,NA,NA,0
963,3,214,NA,NA,NA,0
964,3,214,NA,NA,NA,0
965,3,215,NA,NA,NA,0
966,3,215,NA,NA,NA,0
967,3,215,NA,NA,NA,0
968,3,216,NA,NA,NA,0
969,3,216,NA,NA,NA,0
970,3,216,NA,NA,NA,0
971,4,217,NA,NA,NA,0
972,4,217,NA,NA,NA,0
973,4,217,NA,NA,NA,0
974,4,217,NA,NA,NA,0
975,5,218,"C",156,4,0
976,5,218,NA,NA,NA,0
977,5,218,NA,NA,NA,0
978,5,218,NA,NA,NA,0
979,5,218,NA,NA,NA,0
980,3,219,NA,NA,NA,0
981,3,219,NA,NA,NA,0
982,3,219,NA,NA,NA,0
983,6,220,NA,NA,NA,0
984,6,220,NA,NA,NA,0
985,6,220,NA,NA,NA,0
986,6,220,NA,NA,NA,0
987,6,220,NA,NA,NA,0
988,6,220,NA,NA,NA,0
989,5,221,NA,NA,NA,0
990,5,221,NA,NA,NA,0
991,5,221,NA,NA,NA,0
992,5,221,NA,NA,NA,0
993,5,221,NA,NA,NA,0
994,4,222,NA,NA,NA,0
995,4,222,NA,NA,NA,0
996,4,222,NA,NA,NA,0
997,4,222,NA,NA,NA,0
998,3,223,NA,NA,NA,0
999,3,223,NA,NA,NA,0
1000,3,223,NA,NA,NA,0
