"ID","SIZE","HH","TYPE","TIME","S_NUM","I_NUM"
1,6,1,"0",NA,NA,0
2,6,1,NA,NA,NA,0
3,6,1,NA,NA,NA,0
4,6,1,NA,NA,NA,0
5,6,1,NA,NA,NA,0
6,6,1,NA,NA,NA,0
7,5,2,NA,NA,NA,0
8,5,2,NA,NA,NA,0
9,5,2,NA,NA,NA,0
10,5,2,NA,NA,NA,0
11,5,2,NA,NA,NA,0
12,3,3,NA,NA,NA,0
13,3,3,NA,NA,NA,0
14,3,3,NA,NA,NA,0
15,3,4,NA,NA,NA,0
16,3,4,NA,NA,NA,0
17,3,4,NA,NA,NA,0
18,5,5,NA,NA,NA,0
19,5,5,NA,NA,NA,0
20,5,5,NA,NA,NA,0
21,5,5,NA,NA,NA,0
22,5,5,NA,NA,NA,0
23,3,6,NA,NA,NA,0
24,3,6,NA,NA,NA,0
25,3,6,NA,NA,NA,0
26,3,7,NA,NA,NA,0
27,3,7,NA,NA,NA,0
28,3,7,NA,NA,NA,0
29,5,8,NA,NA,NA,0
30,5,8,NA,NA,NA,0
31,5,8,NA,NA,NA,0
32,5,8,NA,NA,NA,0
33,5,8,NA,NA,NA,0
34,3,9,NA,NA,NA,0
35,3,9,NA,NA,NA,0
36,3,9,NA,NA,NA,0
37,4,10,NA,NA,NA,0
38,4,10,NA,NA,NA,0
39,4,10,NA,NA,NA,0
40,4,10,NA,NA,NA,0
41,6,11,NA,NA,NA,0
42,6,11,NA,NA,NA,0
43,6,11,NA,NA,NA,0
44,6,11,NA,NA,NA,0
45,6,11,NA,NA,NA,0
46,6,11,NA,NA,NA,0
47,6,12,NA,NA,NA,0
48,6,12,NA,NA,NA,0
49,6,12,NA,NA,NA,0
50,6,12,NA,NA,NA,0
51,6,12,NA,NA,NA,0
52,6,12,NA,NA,NA,0
53,5,13,NA,NA,NA,0
54,5,13,NA,NA,NA,0
55,5,13,NA,NA,NA,0
56,5,13,NA,NA,NA,0
57,5,13,NA,NA,NA,0
58,6,14,NA,NA,NA,0
59,6,14,NA,NA,NA,0
60,6,14,NA,NA,NA,0
61,6,14,NA,NA,NA,0
62,6,14,NA,NA,NA,0
63,6,14,NA,NA,NA,0
64,4,15,NA,NA,NA,0
65,4,15,NA,NA,NA,0
66,4,15,NA,NA,NA,0
67,4,15,NA,NA,NA,0
68,5,16,NA,NA,NA,0
69,5,16,NA,NA,NA,0
70,5,16,NA,NA,NA,0
71,5,16,NA,NA,NA,0
72,5,16,NA,NA,NA,0
73,4,17,NA,NA,NA,0
74,4,17,NA,NA,NA,0
75,4,17,NA,NA,NA,0
76,4,17,NA,NA,NA,0
77,3,18,NA,NA,NA,0
78,3,18,NA,NA,NA,0
79,3,18,NA,NA,NA,0
80,4,19,NA,NA,NA,0
81,4,19,NA,NA,NA,0
82,4,19,NA,NA,NA,0
83,4,19,NA,NA,NA,0
84,3,20,NA,NA,NA,0
85,3,20,NA,NA,NA,0
86,3,20,NA,NA,NA,0
87,4,21,NA,NA,NA,0
88,4,21,NA,NA,NA,0
89,4,21,NA,NA,NA,0
90,4,21,NA,NA,NA,0
91,3,22,NA,NA,NA,0
92,3,22,NA,NA,NA,0
93,3,22,NA,NA,NA,0
94,3,23,NA,NA,NA,0
95,3,23,NA,NA,NA,0
96,3,23,NA,NA,NA,0
97,5,24,NA,NA,NA,0
98,5,24,NA,NA,NA,0
99,5,24,NA,NA,NA,0
100,5,24,NA,NA,NA,0
101,5,24,NA,NA,NA,0
102,6,25,NA,NA,NA,0
103,6,25,NA,NA,NA,0
104,6,25,NA,NA,NA,0
105,6,25,NA,NA,NA,0
106,6,25,NA,NA,NA,0
107,6,25,NA,NA,NA,0
108,3,26,NA,NA,NA,0
109,3,26,NA,NA,NA,0
110,3,26,NA,NA,NA,0
111,6,27,NA,NA,NA,0
112,6,27,NA,NA,NA,0
113,6,27,NA,NA,NA,0
114,6,27,NA,NA,NA,0
115,6,27,NA,NA,NA,0
116,6,27,NA,NA,NA,0
117,6,28,NA,NA,NA,0
118,6,28,NA,NA,NA,0
119,6,28,NA,NA,NA,0
120,6,28,NA,NA,NA,0
121,6,28,NA,NA,NA,0
122,6,28,NA,NA,NA,0
123,5,29,NA,NA,NA,0
124,5,29,NA,NA,NA,0
125,5,29,NA,NA,NA,0
126,5,29,NA,NA,NA,0
127,5,29,NA,NA,NA,0
128,6,30,NA,NA,NA,0
129,6,30,NA,NA,NA,0
130,6,30,NA,NA,NA,0
131,6,30,NA,NA,NA,0
132,6,30,NA,NA,NA,0
133,6,30,NA,NA,NA,0
134,5,31,NA,NA,NA,0
135,5,31,NA,NA,NA,0
136,5,31,NA,NA,NA,0
137,5,31,NA,NA,NA,0
138,5,31,NA,NA,NA,0
139,5,32,NA,NA,NA,0
140,5,32,NA,NA,NA,0
141,5,32,NA,NA,NA,0
142,5,32,NA,NA,NA,0
143,5,32,NA,NA,NA,0
144,4,33,NA,NA,NA,0
145,4,33,NA,NA,NA,0
146,4,33,NA,NA,NA,0
147,4,33,NA,NA,NA,0
148,3,34,NA,NA,NA,0
149,3,34,NA,NA,NA,0
150,3,34,NA,NA,NA,0
151,3,35,NA,NA,NA,0
152,3,35,NA,NA,NA,0
153,3,35,NA,NA,NA,0
154,4,36,NA,NA,NA,0
155,4,36,NA,NA,NA,0
156,4,36,NA,NA,NA,0
157,4,36,NA,NA,NA,0
158,6,37,NA,NA,NA,0
159,6,37,NA,NA,NA,0
160,6,37,NA,NA,NA,0
161,6,37,NA,NA,NA,0
162,6,37,NA,NA,NA,0
163,6,37,NA,NA,NA,0
164,4,38,NA,NA,NA,0
165,4,38,NA,NA,NA,0
166,4,38,NA,NA,NA,0
167,4,38,NA,NA,NA,0
168,4,39,NA,NA,NA,0
169,4,39,NA,NA,NA,0
170,4,39,NA,NA,NA,0
171,4,39,NA,NA,NA,0
172,6,40,NA,NA,NA,0
173,6,40,NA,NA,NA,0
174,6,40,NA,NA,NA,0
175,6,40,NA,NA,NA,0
176,6,40,NA,NA,NA,0
177,6,40,NA,NA,NA,0
178,5,41,NA,NA,NA,0
179,5,41,NA,NA,NA,0
180,5,41,NA,NA,NA,0
181,5,41,NA,NA,NA,0
182,5,41,NA,NA,NA,0
183,5,42,NA,NA,NA,0
184,5,42,NA,NA,NA,0
185,5,42,NA,NA,NA,0
186,5,42,NA,NA,NA,0
187,5,42,NA,NA,NA,0
188,5,43,NA,NA,NA,0
189,5,43,NA,NA,NA,0
190,5,43,"E",331,4,0
191,5,43,NA,NA,NA,0
192,5,43,NA,NA,NA,0
193,5,44,NA,NA,NA,0
194,5,44,NA,NA,NA,0
195,5,44,NA,NA,NA,0
196,5,44,"E",121,4,0
197,5,44,NA,NA,NA,0
198,3,45,NA,NA,NA,0
199,3,45,NA,NA,NA,0
200,3,45,NA,NA,NA,0
201,5,46,NA,NA,NA,0
202,5,46,NA,NA,NA,0
203,5,46,NA,NA,NA,0
204,5,46,NA,NA,NA,0
205,5,46,NA,NA,NA,0
206,5,47,NA,NA,NA,0
207,5,47,NA,NA,NA,0
208,5,47,NA,NA,NA,0
209,5,47,NA,NA,NA,0
210,5,47,NA,NA,NA,0
211,3,48,NA,NA,NA,0
212,3,48,NA,NA,NA,0
213,3,48,NA,NA,NA,0
214,6,49,NA,NA,NA,0
215,6,49,NA,NA,NA,0
216,6,49,NA,NA,NA,0
217,6,49,NA,NA,NA,0
218,6,49,NA,NA,NA,0
219,6,49,NA,NA,NA,0
220,5,50,NA,NA,NA,0
221,5,50,NA,NA,NA,0
222,5,50,NA,NA,NA,0
223,5,50,NA,NA,NA,0
224,5,50,NA,NA,NA,0
225,3,51,NA,NA,NA,0
226,3,51,NA,NA,NA,0
227,3,51,NA,NA,NA,0
228,4,52,NA,NA,NA,0
229,4,52,NA,NA,NA,0
230,4,52,NA,NA,NA,0
231,4,52,NA,NA,NA,0
232,6,53,NA,NA,NA,0
233,6,53,NA,NA,NA,0
234,6,53,NA,NA,NA,0
235,6,53,NA,NA,NA,0
236,6,53,NA,NA,NA,0
237,6,53,NA,NA,NA,0
238,5,54,NA,NA,NA,0
239,5,54,NA,NA,NA,0
240,5,54,NA,NA,NA,0
241,5,54,NA,NA,NA,0
242,5,54,NA,NA,NA,0
243,3,55,NA,NA,NA,0
244,3,55,NA,NA,NA,0
245,3,55,NA,NA,NA,0
246,6,56,NA,NA,NA,0
247,6,56,NA,NA,NA,0
248,6,56,NA,NA,NA,0
249,6,56,NA,NA,NA,0
250,6,56,NA,NA,NA,0
251,6,56,NA,NA,NA,0
252,4,57,NA,NA,NA,0
253,4,57,NA,NA,NA,0
254,4,57,NA,NA,NA,0
255,4,57,NA,NA,NA,0
256,6,58,NA,NA,NA,0
257,6,58,NA,NA,NA,0
258,6,58,NA,NA,NA,0
259,6,58,NA,NA,NA,0
260,6,58,NA,NA,NA,0
261,6,58,NA,NA,NA,0
262,4,59,NA,NA,NA,0
263,4,59,NA,NA,NA,0
264,4,59,NA,NA,NA,0
265,4,59,"C",220,3,0
266,6,60,NA,NA,NA,0
267,6,60,NA,NA,NA,0
268,6,60,NA,NA,NA,0
269,6,60,NA,NA,NA,0
270,6,60,NA,NA,NA,0
271,6,60,NA,NA,NA,0
272,5,61,NA,NA,NA,0
273,5,61,NA,NA,NA,0
274,5,61,NA,NA,NA,0
275,5,61,NA,NA,NA,0
276,5,61,NA,NA,NA,0
277,4,62,NA,NA,NA,0
278,4,62,NA,NA,NA,0
279,4,62,NA,NA,NA,0
280,4,62,NA,NA,NA,0
281,6,63,NA,NA,NA,0
282,6,63,NA,NA,NA,0
283,6,63,NA,NA,NA,0
284,6,63,NA,NA,NA,0
285,6,63,NA,NA,NA,0
286,6,63,NA,NA,NA,0
287,6,64,NA,NA,NA,0
288,6,64,NA,NA,NA,0
289,6,64,NA,NA,NA,0
290,6,64,NA,NA,NA,0
291,6,64,NA,NA,NA,0
292,6,64,NA,NA,NA,0
293,6,65,NA,NA,NA,0
294,6,65,NA,NA,NA,0
295,6,65,NA,NA,NA,0
296,6,65,NA,NA,NA,0
297,6,65,NA,NA,NA,0
298,6,65,NA,NA,NA,0
299,3,66,NA,NA,NA,0
300,3,66,NA,NA,NA,0
301,3,66,NA,NA,NA,0
302,5,67,NA,NA,NA,0
303,5,67,NA,NA,NA,0
304,5,67,NA,NA,NA,0
305,5,67,NA,NA,NA,0
306,5,67,NA,NA,NA,0
307,6,68,NA,NA,NA,0
308,6,68,NA,NA,NA,0
309,6,68,NA,NA,NA,0
310,6,68,NA,NA,NA,0
311,6,68,NA,NA,NA,0
312,6,68,NA,NA,NA,0
313,3,69,NA,NA,NA,0
314,3,69,NA,NA,NA,0
315,3,69,NA,NA,NA,0
316,5,70,NA,NA,NA,0
317,5,70,NA,NA,NA,0
318,5,70,NA,NA,NA,0
319,5,70,NA,NA,NA,0
320,5,70,NA,NA,NA,0
321,4,71,NA,NA,NA,0
322,4,71,NA,NA,NA,0
323,4,71,NA,NA,NA,0
324,4,71,NA,NA,NA,0
325,5,72,NA,NA,NA,0
326,5,72,NA,NA,NA,0
327,5,72,NA,NA,NA,0
328,5,72,NA,NA,NA,0
329,5,72,NA,NA,NA,0
330,5,73,NA,NA,NA,0
331,5,73,NA,NA,NA,0
332,5,73,NA,NA,NA,0
333,5,73,NA,NA,NA,0
334,5,73,NA,NA,NA,0
335,3,74,NA,NA,NA,0
336,3,74,NA,NA,NA,0
337,3,74,NA,NA,NA,0
338,3,75,NA,NA,NA,0
339,3,75,NA,NA,NA,0
340,3,75,NA,NA,NA,0
341,6,76,NA,NA,NA,0
342,6,76,NA,NA,NA,0
343,6,76,NA,NA,NA,0
344,6,76,NA,NA,NA,0
345,6,76,NA,NA,NA,0
346,6,76,NA,NA,NA,0
347,4,77,NA,NA,NA,0
348,4,77,NA,NA,NA,0
349,4,77,NA,NA,NA,0
350,4,77,NA,NA,NA,0
351,3,78,NA,NA,NA,0
352,3,78,NA,NA,NA,0
353,3,78,NA,NA,NA,0
354,6,79,NA,NA,NA,0
355,6,79,NA,NA,NA,0
356,6,79,NA,NA,NA,0
357,6,79,NA,NA,NA,0
358,6,79,NA,NA,NA,0
359,6,79,NA,NA,NA,0
360,6,80,NA,NA,NA,0
361,6,80,NA,NA,NA,0
362,6,80,NA,NA,NA,0
363,6,80,NA,NA,NA,0
364,6,80,NA,NA,NA,0
365,6,80,NA,NA,NA,0
366,6,81,NA,NA,NA,0
367,6,81,NA,NA,NA,0
368,6,81,NA,NA,NA,0
369,6,81,NA,NA,NA,0
370,6,81,NA,NA,NA,0
371,6,81,NA,NA,NA,0
372,6,82,NA,NA,NA,0
373,6,82,NA,NA,NA,0
374,6,82,NA,NA,NA,0
375,6,82,NA,NA,NA,0
376,6,82,NA,NA,NA,0
377,6,82,NA,NA,NA,0
378,4,83,NA,NA,NA,0
379,4,83,"C",227,3,1
380,4,83,"H",249,2,0
381,4,83,NA,NA,NA,0
382,5,84,NA,NA,NA,0
383,5,84,NA,NA,NA,0
384,5,84,NA,NA,NA,0
385,5,84,NA,NA,NA,0
386,5,84,NA,NA,NA,0
387,4,85,NA,NA,NA,0
388,4,85,NA,NA,NA,0
389,4,85,NA,NA,NA,0
390,4,85,NA,NA,NA,0
391,4,86,NA,NA,NA,0
392,4,86,NA,NA,NA,0
393,4,86,NA,NA,NA,0
394,4,86,NA,NA,NA,0
395,5,87,NA,NA,NA,0
396,5,87,NA,NA,NA,0
397,5,87,NA,NA,NA,0
398,5,87,NA,NA,NA,0
399,5,87,NA,NA,NA,0
400,3,88,NA,NA,NA,0
401,3,88,NA,NA,NA,0
402,3,88,NA,NA,NA,0
403,4,89,NA,NA,NA,0
404,4,89,NA,NA,NA,0
405,4,89,NA,NA,NA,0
406,4,89,NA,NA,NA,0
407,6,90,NA,NA,NA,0
408,6,90,NA,NA,NA,0
409,6,90,NA,NA,NA,0
410,6,90,NA,NA,NA,0
411,6,90,"E",127,5,0
412,6,90,NA,NA,NA,0
413,4,91,NA,NA,NA,0
414,4,91,NA,NA,NA,0
415,4,91,NA,NA,NA,0
416,4,91,NA,NA,NA,0
417,5,92,NA,NA,NA,0
418,5,92,NA,NA,NA,0
419,5,92,NA,NA,NA,0
420,5,92,NA,NA,NA,0
421,5,92,NA,NA,NA,0
422,5,93,NA,NA,NA,0
423,5,93,NA,NA,NA,0
424,5,93,NA,NA,NA,0
425,5,93,NA,NA,NA,0
426,5,93,NA,NA,NA,0
427,3,94,NA,NA,NA,0
428,3,94,NA,NA,NA,0
429,3,94,NA,NA,NA,0
430,6,95,NA,NA,NA,0
431,6,95,NA,NA,NA,0
432,6,95,NA,NA,NA,0
433,6,95,NA,NA,NA,0
434,6,95,NA,NA,NA,0
435,6,95,NA,NA,NA,0
436,4,96,NA,NA,NA,0
437,4,96,NA,NA,NA,0
438,4,96,NA,NA,NA,0
439,4,96,NA,NA,NA,0
440,5,97,NA,NA,NA,0
441,5,97,NA,NA,NA,0
442,5,97,NA,NA,NA,0
443,5,97,NA,NA,NA,0
444,5,97,NA,NA,NA,0
445,3,98,NA,NA,NA,0
446,3,98,NA,NA,NA,0
447,3,98,NA,NA,NA,0
448,3,99,"C",277,2,1
449,3,99,NA,NA,NA,0
450,3,99,"H",306,1,0
451,3,100,NA,NA,NA,0
452,3,100,NA,NA,NA,0
453,3,100,NA,NA,NA,0
454,4,101,NA,NA,NA,0
455,4,101,NA,NA,NA,0
456,4,101,NA,NA,NA,0
457,4,101,NA,NA,NA,0
458,3,102,NA,NA,NA,0
459,3,102,NA,NA,NA,0
460,3,102,NA,NA,NA,0
461,6,103,NA,NA,NA,0
462,6,103,NA,NA,NA,0
463,6,103,NA,NA,NA,0
464,6,103,NA,NA,NA,0
465,6,103,NA,NA,NA,0
466,6,103,NA,NA,NA,0
467,5,104,NA,NA,NA,0
468,5,104,NA,NA,NA,0
469,5,104,NA,NA,NA,0
470,5,104,NA,NA,NA,0
471,5,104,NA,NA,NA,0
472,5,105,NA,NA,NA,0
473,5,105,NA,NA,NA,0
474,5,105,NA,NA,NA,0
475,5,105,NA,NA,NA,0
476,5,105,NA,NA,NA,0
477,5,106,NA,NA,NA,0
478,5,106,NA,NA,NA,0
479,5,106,"H",198,2,0
480,5,106,"H",196,2,0
481,5,106,"C",172,4,2
482,5,107,NA,NA,NA,0
483,5,107,NA,NA,NA,0
484,5,107,NA,NA,NA,0
485,5,107,NA,NA,NA,0
486,5,107,NA,NA,NA,0
487,6,108,NA,NA,NA,0
488,6,108,NA,NA,NA,0
489,6,108,NA,NA,NA,0
490,6,108,NA,NA,NA,0
491,6,108,NA,NA,NA,0
492,6,108,NA,NA,NA,0
493,5,109,NA,NA,NA,0
494,5,109,NA,NA,NA,0
495,5,109,NA,NA,NA,0
496,5,109,NA,NA,NA,0
497,5,109,NA,NA,NA,0
498,5,110,NA,NA,NA,0
499,5,110,NA,NA,NA,0
500,5,110,NA,NA,NA,0
501,5,110,NA,NA,NA,0
502,5,110,NA,NA,NA,0
503,6,111,NA,NA,NA,0
504,6,111,NA,NA,NA,0
505,6,111,NA,NA,NA,0
506,6,111,NA,NA,NA,0
507,6,111,NA,NA,NA,0
508,6,111,NA,NA,NA,0
509,3,112,NA,NA,NA,0
510,3,112,NA,NA,NA,0
511,3,112,NA,NA,NA,0
512,4,113,NA,NA,NA,0
513,4,113,NA,NA,NA,0
514,4,113,NA,NA,NA,0
515,4,113,NA,NA,NA,0
516,6,114,"H",251,0,0
517,6,114,"H",219,1,1
518,6,114,"H",193,3,2
519,6,114,"C",166,5,2
520,6,114,"H",194,3,0
521,6,114,"H",225,1,0
522,6,115,NA,NA,NA,0
523,6,115,NA,NA,NA,0
524,6,115,NA,NA,NA,0
525,6,115,NA,NA,NA,0
526,6,115,NA,NA,NA,0
527,6,115,NA,NA,NA,0
528,4,116,NA,NA,NA,0
529,4,116,NA,NA,NA,0
530,4,116,NA,NA,NA,0
531,4,116,NA,NA,NA,0
532,5,117,NA,NA,NA,0
533,5,117,NA,NA,NA,0
534,5,117,"C",NA,NA,0
535,5,117,NA,NA,NA,0
536,5,117,NA,NA,NA,0
537,5,118,NA,NA,NA,0
538,5,118,NA,NA,NA,0
539,5,118,NA,NA,NA,0
540,5,118,NA,NA,NA,0
541,5,118,NA,NA,NA,0
542,6,119,NA,NA,NA,0
543,6,119,NA,NA,NA,0
544,6,119,NA,NA,NA,0
545,6,119,NA,NA,NA,0
546,6,119,NA,NA,NA,0
547,6,119,NA,NA,NA,0
548,5,120,NA,NA,NA,0
549,5,120,NA,NA,NA,0
550,5,120,NA,NA,NA,0
551,5,120,NA,NA,NA,0
552,5,120,NA,NA,NA,0
553,5,121,NA,NA,NA,0
554,5,121,"E",191,4,1
555,5,121,"H",221,3,0
556,5,121,NA,NA,NA,0
557,5,121,NA,NA,NA,0
558,6,122,NA,NA,NA,0
559,6,122,NA,NA,NA,0
560,6,122,NA,NA,NA,0
561,6,122,NA,NA,NA,0
562,6,122,NA,NA,NA,0
563,6,122,NA,NA,NA,0
564,3,123,NA,NA,NA,0
565,3,123,NA,NA,NA,0
566,3,123,NA,NA,NA,0
567,5,124,NA,NA,NA,0
568,5,124,NA,NA,NA,0
569,5,124,NA,NA,NA,0
570,5,124,NA,NA,NA,0
571,5,124,NA,NA,NA,0
572,3,125,NA,NA,NA,0
573,3,125,NA,NA,NA,0
574,3,125,NA,NA,NA,0
575,5,126,NA,NA,NA,0
576,5,126,NA,NA,NA,0
577,5,126,NA,NA,NA,0
578,5,126,NA,NA,NA,0
579,5,126,NA,NA,NA,0
580,4,127,NA,NA,NA,0
581,4,127,NA,NA,NA,0
582,4,127,NA,NA,NA,0
583,4,127,NA,NA,NA,0
584,6,128,NA,NA,NA,0
585,6,128,NA,NA,NA,0
586,6,128,NA,NA,NA,0
587,6,128,NA,NA,NA,0
588,6,128,NA,NA,NA,0
589,6,128,NA,NA,NA,0
590,5,129,NA,NA,NA,0
591,5,129,NA,NA,NA,0
592,5,129,NA,NA,NA,0
593,5,129,NA,NA,NA,0
594,5,129,NA,NA,NA,0
595,4,130,NA,NA,NA,0
596,4,130,NA,NA,NA,0
597,4,130,NA,NA,NA,0
598,4,130,NA,NA,NA,0
599,4,131,NA,NA,NA,0
600,4,131,NA,NA,NA,0
601,4,131,NA,NA,NA,0
602,4,131,NA,NA,NA,0
603,3,132,NA,NA,NA,0
604,3,132,"E",264,2,0
605,3,132,NA,NA,NA,0
606,5,133,"C",107,4,2
607,5,133,"H",173,1,0
608,5,133,"H",142,2,1
609,5,133,NA,NA,NA,0
610,5,133,"H",167,1,0
611,3,134,NA,NA,NA,0
612,3,134,NA,NA,NA,0
613,3,134,NA,NA,NA,0
614,4,135,NA,NA,NA,0
615,4,135,NA,NA,NA,0
616,4,135,NA,NA,NA,0
617,4,135,NA,NA,NA,0
618,6,136,NA,NA,NA,0
619,6,136,NA,NA,NA,0
620,6,136,NA,NA,NA,0
621,6,136,NA,NA,NA,0
622,6,136,NA,NA,NA,0
623,6,136,NA,NA,NA,0
624,3,137,NA,NA,NA,0
625,3,137,NA,NA,NA,0
626,3,137,NA,NA,NA,0
627,4,138,NA,NA,NA,0
628,4,138,NA,NA,NA,0
629,4,138,NA,NA,NA,0
630,4,138,NA,NA,NA,0
631,5,139,NA,NA,NA,0
632,5,139,NA,NA,NA,0
633,5,139,NA,NA,NA,0
634,5,139,NA,NA,NA,0
635,5,139,NA,NA,NA,0
636,6,140,NA,NA,NA,0
637,6,140,NA,NA,NA,0
638,6,140,NA,NA,NA,0
639,6,140,NA,NA,NA,0
640,6,140,NA,NA,NA,0
641,6,140,NA,NA,NA,0
642,5,141,NA,NA,NA,0
643,5,141,NA,NA,NA,0
644,5,141,NA,NA,NA,0
645,5,141,NA,NA,NA,0
646,5,141,NA,NA,NA,0
647,3,142,NA,NA,NA,0
648,3,142,NA,NA,NA,0
649,3,142,NA,NA,NA,0
650,5,143,NA,NA,NA,0
651,5,143,NA,NA,NA,0
652,5,143,NA,NA,NA,0
653,5,143,NA,NA,NA,0
654,5,143,NA,NA,NA,0
655,3,144,NA,NA,NA,0
656,3,144,NA,NA,NA,0
657,3,144,NA,NA,NA,0
658,3,145,NA,NA,NA,0
659,3,145,NA,NA,NA,0
660,3,145,NA,NA,NA,0
661,5,146,NA,NA,NA,0
662,5,146,NA,NA,NA,0
663,5,146,NA,NA,NA,0
664,5,146,NA,NA,NA,0
665,5,146,NA,NA,NA,0
666,4,147,"H",235,0,0
667,4,147,"H",235,0,0
668,4,147,"H",228,0,0
669,4,147,"C",209,3,3
670,5,148,NA,NA,NA,0
671,5,148,NA,NA,NA,0
672,5,148,NA,NA,NA,0
673,5,148,NA,NA,NA,0
674,5,148,NA,NA,NA,0
675,4,149,NA,NA,NA,0
676,4,149,NA,NA,NA,0
677,4,149,NA,NA,NA,0
678,4,149,NA,NA,NA,0
679,3,150,NA,NA,NA,0
680,3,150,NA,NA,NA,0
681,3,150,NA,NA,NA,0
682,5,151,"H",191,2,0
683,5,151,"H",167,2,0
684,5,151,"C",144,4,2
685,5,151,NA,NA,NA,0
686,5,151,NA,NA,NA,0
687,5,152,NA,NA,NA,0
688,5,152,NA,NA,NA,0
689,5,152,NA,NA,NA,0
690,5,152,NA,NA,NA,0
691,5,152,NA,NA,NA,0
692,5,153,NA,NA,NA,0
693,5,153,NA,NA,NA,0
694,5,153,NA,NA,NA,0
695,5,153,NA,NA,NA,0
696,5,153,NA,NA,NA,0
697,3,154,NA,NA,NA,0
698,3,154,NA,NA,NA,0
699,3,154,NA,NA,NA,0
700,6,155,"H",134,4,1
701,6,155,"H",238,1,1
702,6,155,"H",198,3,2
703,6,155,"E",115,5,1
704,6,155,"H",287,0,0
705,6,155,"H",228,1,0
706,5,156,NA,NA,NA,0
707,5,156,NA,NA,NA,0
708,5,156,NA,NA,NA,0
709,5,156,NA,NA,NA,0
710,5,156,NA,NA,NA,0
711,3,157,NA,NA,NA,0
712,3,157,NA,NA,NA,0
713,3,157,NA,NA,NA,0
714,4,158,NA,NA,NA,0
715,4,158,NA,NA,NA,0
716,4,158,NA,NA,NA,0
717,4,158,NA,NA,NA,0
718,6,159,NA,NA,NA,0
719,6,159,NA,NA,NA,0
720,6,159,NA,NA,NA,0
721,6,159,"H",344,4,0
722,6,159,NA,NA,NA,0
723,6,159,"C",315,5,1
724,6,160,NA,NA,NA,0
725,6,160,NA,NA,NA,0
726,6,160,NA,NA,NA,0
727,6,160,NA,NA,NA,0
728,6,160,NA,NA,NA,0
729,6,160,NA,NA,NA,0
730,6,161,NA,NA,NA,0
731,6,161,NA,NA,NA,0
732,6,161,NA,NA,NA,0
733,6,161,NA,NA,NA,0
734,6,161,NA,NA,NA,0
735,6,161,NA,NA,NA,0
736,6,162,NA,NA,NA,0
737,6,162,NA,NA,NA,0
738,6,162,NA,NA,NA,0
739,6,162,NA,NA,NA,0
740,6,162,"E",261,5,0
741,6,162,NA,NA,NA,0
742,3,163,NA,NA,NA,0
743,3,163,NA,NA,NA,0
744,3,163,NA,NA,NA,0
745,3,164,NA,NA,NA,0
746,3,164,NA,NA,NA,0
747,3,164,NA,NA,NA,0
748,3,165,NA,NA,NA,0
749,3,165,NA,NA,NA,0
750,3,165,NA,NA,NA,0
751,3,166,NA,NA,NA,0
752,3,166,NA,NA,NA,0
753,3,166,NA,NA,NA,0
754,5,167,NA,NA,NA,0
755,5,167,NA,NA,NA,0
756,5,167,NA,NA,NA,0
757,5,167,NA,NA,NA,0
758,5,167,NA,NA,NA,0
759,6,168,NA,NA,NA,0
760,6,168,NA,NA,NA,0
761,6,168,NA,NA,NA,0
762,6,168,NA,NA,NA,0
763,6,168,NA,NA,NA,0
764,6,168,NA,NA,NA,0
765,6,169,NA,NA,NA,0
766,6,169,NA,NA,NA,0
767,6,169,NA,NA,NA,0
768,6,169,NA,NA,NA,0
769,6,169,NA,NA,NA,0
770,6,169,NA,NA,NA,0
771,3,170,NA,NA,NA,0
772,3,170,NA,NA,NA,0
773,3,170,NA,NA,NA,0
774,6,171,NA,NA,NA,0
775,6,171,"E",250,5,0
776,6,171,NA,NA,NA,0
777,6,171,NA,NA,NA,0
778,6,171,NA,NA,NA,0
779,6,171,NA,NA,NA,0
780,3,172,NA,NA,NA,0
781,3,172,NA,NA,NA,0
782,3,172,NA,NA,NA,0
783,3,173,NA,NA,NA,0
784,3,173,NA,NA,NA,0
785,3,173,NA,NA,NA,0
786,5,174,NA,NA,NA,0
787,5,174,NA,NA,NA,0
788,5,174,NA,NA,NA,0
789,5,174,NA,NA,NA,0
790,5,174,NA,NA,NA,0
791,5,175,NA,NA,NA,0
792,5,175,NA,NA,NA,0
793,5,175,NA,NA,NA,0
794,5,175,NA,NA,NA,0
795,5,175,NA,NA,NA,0
796,4,176,NA,NA,NA,0
797,4,176,NA,NA,NA,0
798,4,176,NA,NA,NA,0
799,4,176,NA,NA,NA,0
800,3,177,NA,NA,NA,0
801,3,177,NA,NA,NA,0
802,3,177,NA,NA,NA,0
803,3,178,"E",84,2,0
804,3,178,NA,NA,NA,0
805,3,178,NA,NA,NA,0
806,5,179,NA,NA,NA,0
807,5,179,NA,NA,NA,0
808,5,179,NA,NA,NA,0
809,5,179,NA,NA,NA,0
810,5,179,NA,NA,NA,0
811,5,180,NA,NA,NA,0
812,5,180,NA,NA,NA,0
813,5,180,NA,NA,NA,0
814,5,180,NA,NA,NA,0
815,5,180,NA,NA,NA,0
816,5,181,NA,NA,NA,0
817,5,181,NA,NA,NA,0
818,5,181,NA,NA,NA,0
819,5,181,NA,NA,NA,0
820,5,181,NA,NA,NA,0
821,6,182,NA,NA,NA,0
822,6,182,NA,NA,NA,0
823,6,182,NA,NA,NA,0
824,6,182,NA,NA,NA,0
825,6,182,NA,NA,NA,0
826,6,182,NA,NA,NA,0
827,6,183,NA,NA,NA,0
828,6,183,NA,NA,NA,0
829,6,183,NA,NA,NA,0
830,6,183,NA,NA,NA,0
831,6,183,NA,NA,NA,0
832,6,183,NA,NA,NA,0
833,3,184,NA,NA,NA,0
834,3,184,NA,NA,NA,0
835,3,184,NA,NA,NA,0
836,3,185,NA,NA,NA,0
837,3,185,NA,NA,NA,0
838,3,185,NA,NA,NA,0
839,5,186,NA,NA,NA,0
840,5,186,NA,NA,NA,0
841,5,186,NA,NA,NA,0
842,5,186,NA,NA,NA,0
843,5,186,NA,NA,NA,0
844,3,187,NA,NA,NA,0
845,3,187,NA,NA,NA,0
846,3,187,NA,NA,NA,0
847,4,188,NA,NA,NA,0
848,4,188,NA,NA,NA,0
849,4,188,NA,NA,NA,0
850,4,188,NA,NA,NA,0
851,5,189,NA,NA,NA,0
852,5,189,NA,NA,NA,0
853,5,189,NA,NA,NA,0
854,5,189,NA,NA,NA,0
855,5,189,NA,NA,NA,0
856,4,190,NA,NA,NA,0
857,4,190,NA,NA,NA,0
858,4,190,NA,NA,NA,0
859,4,190,NA,NA,NA,0
860,5,191,NA,NA,NA,0
861,5,191,NA,NA,NA,0
862,5,191,NA,NA,NA,0
863,5,191,NA,NA,NA,0
864,5,191,NA,NA,NA,0
865,6,192,NA,NA,NA,0
866,6,192,NA,NA,NA,0
867,6,192,NA,NA,NA,0
868,6,192,NA,NA,NA,0
869,6,192,NA,NA,NA,0
870,6,192,NA,NA,NA,0
871,4,193,"H",284,0,0
872,4,193,"H",258,1,1
873,4,193,"E",239,3,2
874,4,193,"H",254,1,0
875,3,194,NA,NA,NA,0
876,3,194,NA,NA,NA,0
877,3,194,NA,NA,NA,0
878,3,195,NA,NA,NA,0
879,3,195,"E",79,2,1
880,3,195,"H",122,1,0
881,3,196,NA,NA,NA,0
882,3,196,NA,NA,NA,0
883,3,196,NA,NA,NA,0
884,5,197,NA,NA,NA,0
885,5,197,NA,NA,NA,0
886,5,197,NA,NA,NA,0
887,5,197,NA,NA,NA,0
888,5,197,NA,NA,NA,0
889,6,198,NA,NA,NA,0
890,6,198,"C",351,5,0
891,6,198,NA,NA,NA,0
892,6,198,NA,NA,NA,0
893,6,198,NA,NA,NA,0
894,6,198,NA,NA,NA,0
895,3,199,NA,NA,NA,0
896,3,199,NA,NA,NA,0
897,3,199,NA,NA,NA,0
898,3,200,NA,NA,NA,0
899,3,200,NA,NA,NA,0
900,3,200,NA,NA,NA,0
901,5,201,NA,NA,NA,0
902,5,201,NA,NA,NA,0
903,5,201,NA,NA,NA,0
904,5,201,NA,NA,NA,0
905,5,201,NA,NA,NA,0
906,4,202,NA,NA,NA,0
907,4,202,NA,NA,NA,0
908,4,202,NA,NA,NA,0
909,4,202,NA,NA,NA,0
910,6,203,NA,NA,NA,0
911,6,203,NA,NA,NA,0
912,6,203,NA,NA,NA,0
913,6,203,NA,NA,NA,0
914,6,203,NA,NA,NA,0
915,6,203,NA,NA,NA,0
916,5,204,NA,NA,NA,0
917,5,204,NA,NA,NA,0
918,5,204,NA,NA,NA,0
919,5,204,NA,NA,NA,0
920,5,204,NA,NA,NA,0
921,4,205,NA,NA,NA,0
922,4,205,NA,NA,NA,0
923,4,205,NA,NA,NA,0
924,4,205,NA,NA,NA,0
925,3,206,NA,NA,NA,0
926,3,206,NA,NA,NA,0
927,3,206,NA,NA,NA,0
928,3,207,NA,NA,NA,0
929,3,207,NA,NA,NA,0
930,3,207,NA,NA,NA,0
931,4,208,NA,NA,NA,0
932,4,208,NA,NA,NA,0
933,4,208,"E",323,3,0
934,4,208,NA,NA,NA,0
935,6,209,NA,NA,NA,0
936,6,209,NA,NA,NA,0
937,6,209,NA,NA,NA,0
938,6,209,NA,NA,NA,0
939,6,209,NA,NA,NA,0
940,6,209,NA,NA,NA,0
941,3,210,NA,NA,NA,0
942,3,210,"C",158,2,0
943,3,210,NA,NA,NA,0
944,3,211,NA,NA,NA,0
945,3,211,NA,NA,NA,0
946,3,211,NA,NA,NA,0
947,3,212,NA,NA,NA,0
948,3,212,"E",317,2,0
949,3,212,NA,NA,NA,0
950,4,213,NA,NA,NA,0
951,4,213,NA,NA,NA,0
952,4,213,NA,NA,NA,0
953,4,213,NA,NA,NA,0
954,4,214,NA,NA,NA,0
955,4,214,NA,NA,NA,0
956,4,214,NA,NA,NA,0
957,4,214,NA,NA,NA,0
958,5,215,NA,NA,NA,0
959,5,215,NA,NA,NA,0
960,5,215,NA,NA,NA,0
961,5,215,NA,NA,NA,0
962,5,215,NA,NA,NA,0
963,6,216,NA,NA,NA,0
964,6,216,NA,NA,NA,0
965,6,216,NA,NA,NA,0
966,6,216,NA,NA,NA,0
967,6,216,NA,NA,NA,0
968,6,216,NA,NA,NA,0
969,6,217,NA,NA,NA,0
970,6,217,NA,NA,NA,0
971,6,217,NA,NA,NA,0
972,6,217,NA,NA,NA,0
973,6,217,NA,NA,NA,0
974,6,217,"C",255,5,0
975,5,218,NA,NA,NA,0
976,5,218,NA,NA,NA,0
977,5,218,NA,NA,NA,0
978,5,218,NA,NA,NA,0
979,5,218,NA,NA,NA,0
980,6,219,NA,NA,NA,0
981,6,219,NA,NA,NA,0
982,6,219,NA,NA,NA,0
983,6,219,NA,NA,NA,0
984,6,219,NA,NA,NA,0
985,6,219,NA,NA,NA,0
986,4,220,NA,NA,NA,0
987,4,220,NA,NA,NA,0
988,4,220,NA,NA,NA,0
989,4,220,NA,NA,NA,0
990,4,221,NA,NA,NA,0
991,4,221,NA,NA,NA,0
992,4,221,NA,NA,NA,0
993,4,221,NA,NA,NA,0
994,3,222,NA,NA,NA,0
995,3,222,NA,NA,NA,0
996,3,222,NA,NA,NA,0
997,4,223,NA,NA,NA,0
998,4,223,NA,NA,NA,0
999,4,223,NA,NA,NA,0
1000,4,223,NA,NA,NA,0
