"","ID","SIZE","HH","TYPE","TIME","S_num","I_num"
"1",1,6,1,"0",NA,NA,0
"2",2,6,1,NA,NA,NA,0
"3",3,6,1,NA,NA,NA,0
"4",4,6,1,NA,NA,NA,0
"5",5,6,1,NA,NA,NA,0
"6",6,6,1,NA,NA,NA,0
"7",7,3,2,NA,NA,NA,0
"8",8,3,2,NA,NA,NA,0
"9",9,3,2,NA,NA,NA,0
"10",10,6,3,NA,NA,NA,0
"11",11,6,3,NA,NA,NA,0
"12",12,6,3,NA,NA,NA,0
"13",13,6,3,NA,NA,NA,0
"14",14,6,3,NA,NA,NA,0
"15",15,6,3,NA,NA,NA,0
"16",16,4,4,NA,NA,NA,0
"17",17,4,4,NA,NA,NA,0
"18",18,4,4,NA,NA,NA,0
"19",19,4,4,"E",293,3,0
"20",20,4,5,NA,NA,NA,0
"21",21,4,5,NA,NA,NA,0
"22",22,4,5,NA,NA,NA,0
"23",23,4,5,NA,NA,NA,0
"24",24,5,6,NA,NA,NA,0
"25",25,5,6,NA,NA,NA,0
"26",26,5,6,NA,NA,NA,0
"27",27,5,6,NA,NA,NA,0
"28",28,5,6,NA,NA,NA,0
"29",29,5,7,NA,NA,NA,0
"30",30,5,7,NA,NA,NA,0
"31",31,5,7,NA,NA,NA,0
"32",32,5,7,NA,NA,NA,0
"33",33,5,7,NA,NA,NA,0
"34",34,6,8,NA,NA,NA,0
"35",35,6,8,NA,NA,NA,0
"36",36,6,8,NA,NA,NA,0
"37",37,6,8,NA,NA,NA,0
"38",38,6,8,NA,NA,NA,0
"39",39,6,8,NA,NA,NA,0
"40",40,4,9,NA,NA,NA,0
"41",41,4,9,NA,NA,NA,0
"42",42,4,9,NA,NA,NA,0
"43",43,4,9,NA,NA,NA,0
"44",44,6,10,NA,NA,NA,0
"45",45,6,10,NA,NA,NA,0
"46",46,6,10,NA,NA,NA,0
"47",47,6,10,NA,NA,NA,0
"48",48,6,10,NA,NA,NA,0
"49",49,6,10,NA,NA,NA,0
"50",50,6,11,NA,NA,NA,0
"51",51,6,11,NA,NA,NA,0
"52",52,6,11,NA,NA,NA,0
"53",53,6,11,NA,NA,NA,0
"54",54,6,11,NA,NA,NA,0
"55",55,6,11,NA,NA,NA,0
"56",56,5,12,NA,NA,NA,0
"57",57,5,12,NA,NA,NA,0
"58",58,5,12,NA,NA,NA,0
"59",59,5,12,"E",117,4,1
"60",60,5,12,"H",131,3,0
"61",61,3,13,NA,NA,NA,0
"62",62,3,13,"E",354,2,0
"63",63,3,13,NA,NA,NA,0
"64",64,4,14,NA,NA,NA,0
"65",65,4,14,NA,NA,NA,0
"66",66,4,14,NA,NA,NA,0
"67",67,4,14,NA,NA,NA,0
"68",68,5,15,NA,NA,NA,0
"69",69,5,15,NA,NA,NA,0
"70",70,5,15,NA,NA,NA,0
"71",71,5,15,NA,NA,NA,0
"72",72,5,15,NA,NA,NA,0
"73",73,4,16,NA,NA,NA,0
"74",74,4,16,NA,NA,NA,0
"75",75,4,16,NA,NA,NA,0
"76",76,4,16,NA,NA,NA,0
"77",77,3,17,NA,NA,NA,0
"78",78,3,17,NA,NA,NA,0
"79",79,3,17,NA,NA,NA,0
"80",80,4,18,NA,NA,NA,0
"81",81,4,18,NA,NA,NA,0
"82",82,4,18,NA,NA,NA,0
"83",83,4,18,NA,NA,NA,0
"84",84,4,19,NA,NA,NA,0
"85",85,4,19,"E",353,2,0
"86",86,4,19,"E",311,3,0
"87",87,4,19,NA,NA,NA,0
"88",88,5,20,"H",103,3,0
"89",89,5,20,"E",56,4,1
"90",90,5,20,NA,NA,NA,0
"91",91,5,20,NA,NA,NA,0
"92",92,5,20,NA,NA,NA,0
"93",93,5,21,NA,NA,NA,0
"94",94,5,21,"E",NA,NA,0
"95",95,5,21,NA,NA,NA,0
"96",96,5,21,NA,NA,NA,0
"97",97,5,21,NA,NA,NA,0
"98",98,6,22,NA,NA,NA,0
"99",99,6,22,NA,NA,NA,0
"100",100,6,22,NA,NA,NA,0
"101",101,6,22,NA,NA,NA,0
"102",102,6,22,NA,NA,NA,0
"103",103,6,22,NA,NA,NA,0
"104",104,3,23,NA,NA,NA,0
"105",105,3,23,NA,NA,NA,0
"106",106,3,23,NA,NA,NA,0
"107",107,4,24,NA,NA,NA,0
"108",108,4,24,NA,NA,NA,0
"109",109,4,24,NA,NA,NA,0
"110",110,4,24,NA,NA,NA,0
"111",111,5,25,NA,NA,NA,0
"112",112,5,25,NA,NA,NA,0
"113",113,5,25,NA,NA,NA,0
"114",114,5,25,NA,NA,NA,0
"115",115,5,25,NA,NA,NA,0
"116",116,4,26,NA,NA,NA,0
"117",117,4,26,"E",238,3,0
"118",118,4,26,NA,NA,NA,0
"119",119,4,26,NA,NA,NA,0
"120",120,3,27,NA,NA,NA,0
"121",121,3,27,NA,NA,NA,0
"122",122,3,27,NA,NA,NA,0
"123",123,5,28,"E",343,4,0
"124",124,5,28,NA,NA,NA,0
"125",125,5,28,NA,NA,NA,0
"126",126,5,28,NA,NA,NA,0
"127",127,5,28,NA,NA,NA,0
"128",128,4,29,NA,NA,NA,0
"129",129,4,29,NA,NA,NA,0
"130",130,4,29,"E",139,3,0
"131",131,4,29,NA,NA,NA,0
"132",132,6,30,NA,NA,NA,0
"133",133,6,30,"H",NA,NA,0
"134",134,6,30,"E",318,5,1
"135",135,6,30,"H",351,4,1
"136",136,6,30,NA,NA,NA,0
"137",137,6,30,NA,NA,NA,0
"138",138,3,31,NA,NA,NA,0
"139",139,3,31,NA,NA,NA,0
"140",140,3,31,NA,NA,NA,0
"141",141,6,32,NA,NA,NA,0
"142",142,6,32,NA,NA,NA,0
"143",143,6,32,NA,NA,NA,0
"144",144,6,32,NA,NA,NA,0
"145",145,6,32,NA,NA,NA,0
"146",146,6,32,NA,NA,NA,0
"147",147,4,33,NA,NA,NA,0
"148",148,4,33,NA,NA,NA,0
"149",149,4,33,NA,NA,NA,0
"150",150,4,33,NA,NA,NA,0
"151",151,6,34,NA,NA,NA,0
"152",152,6,34,NA,NA,NA,0
"153",153,6,34,NA,NA,NA,0
"154",154,6,34,NA,NA,NA,0
"155",155,6,34,NA,NA,NA,0
"156",156,6,34,"E",247,5,0
"157",157,3,35,NA,NA,NA,0
"158",158,3,35,NA,NA,NA,0
"159",159,3,35,"E",72,2,0
"160",160,6,36,NA,NA,NA,0
"161",161,6,36,NA,NA,NA,0
"162",162,6,36,NA,NA,NA,0
"163",163,6,36,NA,NA,NA,0
"164",164,6,36,NA,NA,NA,0
"165",165,6,36,NA,NA,NA,0
"166",166,4,37,NA,NA,NA,0
"167",167,4,37,NA,NA,NA,0
"168",168,4,37,NA,NA,NA,0
"169",169,4,37,"E",220,3,0
"170",170,6,38,NA,NA,NA,0
"171",171,6,38,NA,NA,NA,0
"172",172,6,38,"E",364,4,0
"173",173,6,38,"E",150,5,0
"174",174,6,38,NA,NA,NA,0
"175",175,6,38,NA,NA,NA,0
"176",176,4,39,NA,NA,NA,0
"177",177,4,39,NA,NA,NA,0
"178",178,4,39,"E",70,3,0
"179",179,4,39,NA,NA,NA,0
"180",180,4,40,"E",196,3,0
"181",181,4,40,NA,NA,NA,0
"182",182,4,40,NA,NA,NA,0
"183",183,4,40,NA,NA,NA,0
"184",184,4,41,NA,NA,NA,0
"185",185,4,41,NA,NA,NA,0
"186",186,4,41,NA,NA,NA,0
"187",187,4,41,NA,NA,NA,0
"188",188,6,42,NA,NA,NA,0
"189",189,6,42,NA,NA,NA,0
"190",190,6,42,NA,NA,NA,0
"191",191,6,42,NA,NA,NA,0
"192",192,6,42,NA,NA,NA,0
"193",193,6,42,NA,NA,NA,0
"194",194,3,43,NA,NA,NA,0
"195",195,3,43,NA,NA,NA,0
"196",196,3,43,"E",337,2,0
"197",197,3,44,NA,NA,NA,0
"198",198,3,44,NA,NA,NA,0
"199",199,3,44,NA,NA,NA,0
"200",200,6,45,NA,NA,NA,0
"201",201,6,45,NA,NA,NA,0
"202",202,6,45,NA,NA,NA,0
"203",203,6,45,NA,NA,NA,0
"204",204,6,45,NA,NA,NA,0
"205",205,6,45,NA,NA,NA,0
"206",206,4,46,NA,NA,NA,0
"207",207,4,46,NA,NA,NA,0
"208",208,4,46,NA,NA,NA,0
"209",209,4,46,NA,NA,NA,0
"210",210,5,47,NA,NA,NA,0
"211",211,5,47,NA,NA,NA,0
"212",212,5,47,NA,NA,NA,0
"213",213,5,47,NA,NA,NA,0
"214",214,5,47,NA,NA,NA,0
"215",215,5,48,NA,NA,NA,0
"216",216,5,48,NA,NA,NA,0
"217",217,5,48,NA,NA,NA,0
"218",218,5,48,"E",223,4,0
"219",219,5,48,NA,NA,NA,0
"220",220,4,49,NA,NA,NA,0
"221",221,4,49,NA,NA,NA,0
"222",222,4,49,NA,NA,NA,0
"223",223,4,49,NA,NA,NA,0
"224",224,5,50,NA,NA,NA,0
"225",225,5,50,NA,NA,NA,0
"226",226,5,50,NA,NA,NA,0
"227",227,5,50,NA,NA,NA,0
"228",228,5,50,NA,NA,NA,0
"229",229,4,51,NA,NA,NA,0
"230",230,4,51,NA,NA,NA,0
"231",231,4,51,NA,NA,NA,0
"232",232,4,51,NA,NA,NA,0
"233",233,5,52,NA,NA,NA,0
"234",234,5,52,NA,NA,NA,0
"235",235,5,52,NA,NA,NA,0
"236",236,5,52,NA,NA,NA,0
"237",237,5,52,NA,NA,NA,0
"238",238,4,53,NA,NA,NA,0
"239",239,4,53,NA,NA,NA,0
"240",240,4,53,NA,NA,NA,0
"241",241,4,53,NA,NA,NA,0
"242",242,6,54,NA,NA,NA,0
"243",243,6,54,NA,NA,NA,0
"244",244,6,54,NA,NA,NA,0
"245",245,6,54,NA,NA,NA,0
"246",246,6,54,NA,NA,NA,0
"247",247,6,54,NA,NA,NA,0
"248",248,3,55,NA,NA,NA,0
"249",249,3,55,NA,NA,NA,0
"250",250,3,55,NA,NA,NA,0
"251",251,6,56,NA,NA,NA,0
"252",252,6,56,NA,NA,NA,0
"253",253,6,56,NA,NA,NA,0
"254",254,6,56,NA,NA,NA,0
"255",255,6,56,NA,NA,NA,0
"256",256,6,56,"E",158,5,0
"257",257,6,57,NA,NA,NA,0
"258",258,6,57,NA,NA,NA,0
"259",259,6,57,NA,NA,NA,0
"260",260,6,57,NA,NA,NA,0
"261",261,6,57,NA,NA,NA,0
"262",262,6,57,NA,NA,NA,0
"263",263,5,58,NA,NA,NA,0
"264",264,5,58,NA,NA,NA,0
"265",265,5,58,NA,NA,NA,0
"266",266,5,58,NA,NA,NA,0
"267",267,5,58,"E",222,4,0
"268",268,6,59,"E",107,5,1
"269",269,6,59,NA,NA,NA,0
"270",270,6,59,NA,NA,NA,0
"271",271,6,59,NA,NA,NA,0
"272",272,6,59,"H",123,4,0
"273",273,6,59,NA,NA,NA,0
"274",274,3,60,NA,NA,NA,0
"275",275,3,60,NA,NA,NA,0
"276",276,3,60,NA,NA,NA,0
"277",277,6,61,NA,NA,NA,0
"278",278,6,61,NA,NA,NA,0
"279",279,6,61,"E",317,5,0
"280",280,6,61,NA,NA,NA,0
"281",281,6,61,NA,NA,NA,0
"282",282,6,61,NA,NA,NA,0
"283",283,4,62,NA,NA,NA,0
"284",284,4,62,NA,NA,NA,0
"285",285,4,62,NA,NA,NA,0
"286",286,4,62,NA,NA,NA,0
"287",287,4,63,"E",315,3,0
"288",288,4,63,NA,NA,NA,0
"289",289,4,63,NA,NA,NA,0
"290",290,4,63,NA,NA,NA,0
"291",291,3,64,NA,NA,NA,0
"292",292,3,64,NA,NA,NA,0
"293",293,3,64,NA,NA,NA,0
"294",294,6,65,"E",327,5,1
"295",295,6,65,NA,NA,NA,0
"296",296,6,65,NA,NA,NA,0
"297",297,6,65,"H",364,4,0
"298",298,6,65,NA,NA,NA,0
"299",299,6,65,NA,NA,NA,0
"300",300,5,66,"E",96,4,0
"301",301,5,66,NA,NA,NA,0
"302",302,5,66,NA,NA,NA,0
"303",303,5,66,NA,NA,NA,0
"304",304,5,66,"E",176,3,0
"305",305,4,67,NA,NA,NA,0
"306",306,4,67,NA,NA,NA,0
"307",307,4,67,NA,NA,NA,0
"308",308,4,67,NA,NA,NA,0
"309",309,3,68,NA,NA,NA,0
"310",310,3,68,"E",65,2,0
"311",311,3,68,NA,NA,NA,0
"312",312,4,69,NA,NA,NA,0
"313",313,4,69,NA,NA,NA,0
"314",314,4,69,NA,NA,NA,0
"315",315,4,69,NA,NA,NA,0
"316",316,4,70,NA,NA,NA,0
"317",317,4,70,NA,NA,NA,0
"318",318,4,70,NA,NA,NA,0
"319",319,4,70,NA,NA,NA,0
"320",320,5,71,NA,NA,NA,0
"321",321,5,71,NA,NA,NA,0
"322",322,5,71,NA,NA,NA,0
"323",323,5,71,NA,NA,NA,0
"324",324,5,71,NA,NA,NA,0
"325",325,4,72,NA,NA,NA,0
"326",326,4,72,NA,NA,NA,0
"327",327,4,72,NA,NA,NA,0
"328",328,4,72,NA,NA,NA,0
"329",329,3,73,NA,NA,NA,0
"330",330,3,73,NA,NA,NA,0
"331",331,3,73,NA,NA,NA,0
"332",332,3,74,NA,NA,NA,0
"333",333,3,74,NA,NA,NA,0
"334",334,3,74,NA,NA,NA,0
"335",335,6,75,"E",184,5,0
"336",336,6,75,NA,NA,NA,0
"337",337,6,75,NA,NA,NA,0
"338",338,6,75,NA,NA,NA,0
"339",339,6,75,NA,NA,NA,0
"340",340,6,75,NA,NA,NA,0
"341",341,4,76,NA,NA,NA,0
"342",342,4,76,NA,NA,NA,0
"343",343,4,76,NA,NA,NA,0
"344",344,4,76,NA,NA,NA,0
"345",345,5,77,NA,NA,NA,0
"346",346,5,77,NA,NA,NA,0
"347",347,5,77,NA,NA,NA,0
"348",348,5,77,NA,NA,NA,0
"349",349,5,77,NA,NA,NA,0
"350",350,5,78,NA,NA,NA,0
"351",351,5,78,NA,NA,NA,0
"352",352,5,78,NA,NA,NA,0
"353",353,5,78,NA,NA,NA,0
"354",354,5,78,NA,NA,NA,0
"355",355,6,79,NA,NA,NA,0
"356",356,6,79,NA,NA,NA,0
"357",357,6,79,NA,NA,NA,0
"358",358,6,79,NA,NA,NA,0
"359",359,6,79,NA,NA,NA,0
"360",360,6,79,NA,NA,NA,0
"361",361,4,80,NA,NA,NA,0
"362",362,4,80,NA,NA,NA,0
"363",363,4,80,NA,NA,NA,0
"364",364,4,80,NA,NA,NA,0
"365",365,5,81,NA,NA,NA,0
"366",366,5,81,NA,NA,NA,0
"367",367,5,81,NA,NA,NA,0
"368",368,5,81,NA,NA,NA,0
"369",369,5,81,NA,NA,NA,0
"370",370,5,82,"E",345,3,0
"371",371,5,82,NA,NA,NA,0
"372",372,5,82,NA,NA,NA,0
"373",373,5,82,"E",258,4,0
"374",374,5,82,NA,NA,NA,0
"375",375,5,83,NA,NA,NA,0
"376",376,5,83,NA,NA,NA,0
"377",377,5,83,NA,NA,NA,0
"378",378,5,83,NA,NA,NA,0
"379",379,5,83,NA,NA,NA,0
"380",380,3,84,NA,NA,NA,0
"381",381,3,84,NA,NA,NA,0
"382",382,3,84,NA,NA,NA,0
"383",383,4,85,NA,NA,NA,0
"384",384,4,85,NA,NA,NA,0
"385",385,4,85,NA,NA,NA,0
"386",386,4,85,NA,NA,NA,0
"387",387,5,86,NA,NA,NA,0
"388",388,5,86,NA,NA,NA,0
"389",389,5,86,NA,NA,NA,0
"390",390,5,86,NA,NA,NA,0
"391",391,5,86,NA,NA,NA,0
"392",392,6,87,NA,NA,NA,0
"393",393,6,87,NA,NA,NA,0
"394",394,6,87,NA,NA,NA,0
"395",395,6,87,NA,NA,NA,0
"396",396,6,87,NA,NA,NA,0
"397",397,6,87,NA,NA,NA,0
"398",398,3,88,NA,NA,NA,0
"399",399,3,88,NA,NA,NA,0
"400",400,3,88,"E",244,2,0
"401",401,6,89,NA,NA,NA,0
"402",402,6,89,NA,NA,NA,0
"403",403,6,89,"E",255,5,1
"404",404,6,89,NA,NA,NA,0
"405",405,6,89,NA,NA,NA,0
"406",406,6,89,"H",328,4,0
"407",407,3,90,NA,NA,NA,0
"408",408,3,90,NA,NA,NA,0
"409",409,3,90,NA,NA,NA,0
"410",410,6,91,NA,NA,NA,0
"411",411,6,91,NA,NA,NA,0
"412",412,6,91,NA,NA,NA,0
"413",413,6,91,"E",192,5,0
"414",414,6,91,NA,NA,NA,0
"415",415,6,91,NA,NA,NA,0
"416",416,5,92,NA,NA,NA,0
"417",417,5,92,NA,NA,NA,0
"418",418,5,92,NA,NA,NA,0
"419",419,5,92,NA,NA,NA,0
"420",420,5,92,NA,NA,NA,0
"421",421,4,93,NA,NA,NA,0
"422",422,4,93,NA,NA,NA,0
"423",423,4,93,"E",159,3,0
"424",424,4,93,NA,NA,NA,0
"425",425,3,94,"E",46,2,0
"426",426,3,94,NA,NA,NA,0
"427",427,3,94,NA,NA,NA,0
"428",428,3,95,"H",236,1,0
"429",429,3,95,NA,NA,NA,0
"430",430,3,95,"E",184,2,1
"431",431,6,96,"E",93,5,0
"432",432,6,96,NA,NA,NA,0
"433",433,6,96,NA,NA,NA,0
"434",434,6,96,NA,NA,NA,0
"435",435,6,96,NA,NA,NA,0
"436",436,6,96,NA,NA,NA,0
"437",437,6,97,NA,NA,NA,0
"438",438,6,97,NA,NA,NA,0
"439",439,6,97,NA,NA,NA,0
"440",440,6,97,NA,NA,NA,0
"441",441,6,97,NA,NA,NA,0
"442",442,6,97,NA,NA,NA,0
"443",443,6,98,NA,NA,NA,0
"444",444,6,98,NA,NA,NA,0
"445",445,6,98,NA,NA,NA,0
"446",446,6,98,NA,NA,NA,0
"447",447,6,98,NA,NA,NA,0
"448",448,6,98,NA,NA,NA,0
"449",449,3,99,NA,NA,NA,0
"450",450,3,99,NA,NA,NA,0
"451",451,3,99,NA,NA,NA,0
"452",452,4,100,NA,NA,NA,0
"453",453,4,100,NA,NA,NA,0
"454",454,4,100,NA,NA,NA,0
"455",455,4,100,NA,NA,NA,0
"456",456,5,101,"E",187,4,0
"457",457,5,101,NA,NA,NA,0
"458",458,5,101,NA,NA,NA,0
"459",459,5,101,NA,NA,NA,0
"460",460,5,101,NA,NA,NA,0
"461",461,4,102,"E",338,3,1
"462",462,4,102,NA,NA,NA,0
"463",463,4,102,NA,NA,NA,0
"464",464,4,102,"H",NA,NA,0
"465",465,5,103,NA,NA,NA,0
"466",466,5,103,NA,NA,NA,0
"467",467,5,103,NA,NA,NA,0
"468",468,5,103,NA,NA,NA,0
"469",469,5,103,NA,NA,NA,0
"470",470,6,104,NA,NA,NA,0
"471",471,6,104,NA,NA,NA,0
"472",472,6,104,NA,NA,NA,0
"473",473,6,104,NA,NA,NA,0
"474",474,6,104,NA,NA,NA,0
"475",475,6,104,NA,NA,NA,0
"476",476,4,105,NA,NA,NA,0
"477",477,4,105,NA,NA,NA,0
"478",478,4,105,"E",248,3,0
"479",479,4,105,NA,NA,NA,0
"480",480,6,106,NA,NA,NA,0
"481",481,6,106,NA,NA,NA,0
"482",482,6,106,NA,NA,NA,0
"483",483,6,106,NA,NA,NA,0
"484",484,6,106,NA,NA,NA,0
"485",485,6,106,NA,NA,NA,0
"486",486,4,107,NA,NA,NA,0
"487",487,4,107,NA,NA,NA,0
"488",488,4,107,NA,NA,NA,0
"489",489,4,107,NA,NA,NA,0
"490",490,3,108,NA,NA,NA,0
"491",491,3,108,NA,NA,NA,0
"492",492,3,108,NA,NA,NA,0
"493",493,3,109,NA,NA,NA,0
"494",494,3,109,"E",361,1,0
"495",495,3,109,"E",309,2,0
"496",496,6,110,"E",272,3,0
"497",497,6,110,NA,NA,NA,0
"498",498,6,110,"E",168,5,1
"499",499,6,110,"H",188,4,0
"500",500,6,110,NA,NA,NA,0
"501",501,6,110,NA,NA,NA,0
"502",502,3,111,NA,NA,NA,0
"503",503,3,111,NA,NA,NA,0
"504",504,3,111,NA,NA,NA,0
"505",505,3,112,NA,NA,NA,0
"506",506,3,112,NA,NA,NA,0
"507",507,3,112,NA,NA,NA,0
"508",508,6,113,NA,NA,NA,0
"509",509,6,113,NA,NA,NA,0
"510",510,6,113,NA,NA,NA,0
"511",511,6,113,NA,NA,NA,0
"512",512,6,113,NA,NA,NA,0
"513",513,6,113,NA,NA,NA,0
"514",514,3,114,NA,NA,NA,0
"515",515,3,114,NA,NA,NA,0
"516",516,3,114,NA,NA,NA,0
"517",517,6,115,"E",144,5,1
"518",518,6,115,NA,NA,NA,0
"519",519,6,115,NA,NA,NA,0
"520",520,6,115,NA,NA,NA,0
"521",521,6,115,"H",165,3,0
"522",522,6,115,"E",171,3,0
"523",523,6,116,NA,NA,NA,0
"524",524,6,116,NA,NA,NA,0
"525",525,6,116,NA,NA,NA,0
"526",526,6,116,NA,NA,NA,0
"527",527,6,116,NA,NA,NA,0
"528",528,6,116,NA,NA,NA,0
"529",529,4,117,NA,NA,NA,0
"530",530,4,117,NA,NA,NA,0
"531",531,4,117,NA,NA,NA,0
"532",532,4,117,NA,NA,NA,0
"533",533,6,118,NA,NA,NA,0
"534",534,6,118,NA,NA,NA,0
"535",535,6,118,NA,NA,NA,0
"536",536,6,118,"E",112,5,0
"537",537,6,118,NA,NA,NA,0
"538",538,6,118,NA,NA,NA,0
"539",539,4,119,"H",86,2,0
"540",540,4,119,"E",42,3,1
"541",541,4,119,"E",185,1,1
"542",542,4,119,"H",204,0,0
"543",543,5,120,"E",268,4,0
"544",544,5,120,NA,NA,NA,0
"545",545,5,120,NA,NA,NA,0
"546",546,5,120,NA,NA,NA,0
"547",547,5,120,NA,NA,NA,0
"548",548,6,121,NA,NA,NA,0
"549",549,6,121,NA,NA,NA,0
"550",550,6,121,NA,NA,NA,0
"551",551,6,121,NA,NA,NA,0
"552",552,6,121,NA,NA,NA,0
"553",553,6,121,NA,NA,NA,0
"554",554,6,122,NA,NA,NA,0
"555",555,6,122,NA,NA,NA,0
"556",556,6,122,NA,NA,NA,0
"557",557,6,122,NA,NA,NA,0
"558",558,6,122,NA,NA,NA,0
"559",559,6,122,NA,NA,NA,0
"560",560,5,123,NA,NA,NA,0
"561",561,5,123,NA,NA,NA,0
"562",562,5,123,NA,NA,NA,0
"563",563,5,123,NA,NA,NA,0
"564",564,5,123,NA,NA,NA,0
"565",565,4,124,NA,NA,NA,0
"566",566,4,124,NA,NA,NA,0
"567",567,4,124,NA,NA,NA,0
"568",568,4,124,NA,NA,NA,0
"569",569,5,125,"E",48,4,0
"570",570,5,125,NA,NA,NA,0
"571",571,5,125,NA,NA,NA,0
"572",572,5,125,NA,NA,NA,0
"573",573,5,125,NA,NA,NA,0
"574",574,4,126,NA,NA,NA,0
"575",575,4,126,NA,NA,NA,0
"576",576,4,126,NA,NA,NA,0
"577",577,4,126,NA,NA,NA,0
"578",578,6,127,NA,NA,NA,0
"579",579,6,127,NA,NA,NA,0
"580",580,6,127,NA,NA,NA,0
"581",581,6,127,NA,NA,NA,0
"582",582,6,127,NA,NA,NA,0
"583",583,6,127,NA,NA,NA,0
"584",584,6,128,NA,NA,NA,0
"585",585,6,128,NA,NA,NA,0
"586",586,6,128,NA,NA,NA,0
"587",587,6,128,NA,NA,NA,0
"588",588,6,128,NA,NA,NA,0
"589",589,6,128,NA,NA,NA,0
"590",590,5,129,NA,NA,NA,0
"591",591,5,129,NA,NA,NA,0
"592",592,5,129,NA,NA,NA,0
"593",593,5,129,NA,NA,NA,0
"594",594,5,129,"E",253,4,0
"595",595,6,130,NA,NA,NA,0
"596",596,6,130,NA,NA,NA,0
"597",597,6,130,"E",247,5,0
"598",598,6,130,NA,NA,NA,0
"599",599,6,130,NA,NA,NA,0
"600",600,6,130,NA,NA,NA,0
"601",601,4,131,NA,NA,NA,0
"602",602,4,131,NA,NA,NA,0
"603",603,4,131,NA,NA,NA,0
"604",604,4,131,NA,NA,NA,0
"605",605,4,132,NA,NA,NA,0
"606",606,4,132,NA,NA,NA,0
"607",607,4,132,NA,NA,NA,0
"608",608,4,132,NA,NA,NA,0
"609",609,5,133,NA,NA,NA,0
"610",610,5,133,NA,NA,NA,0
"611",611,5,133,NA,NA,NA,0
"612",612,5,133,NA,NA,NA,0
"613",613,5,133,NA,NA,NA,0
"614",614,3,134,NA,NA,NA,0
"615",615,3,134,NA,NA,NA,0
"616",616,3,134,NA,NA,NA,0
"617",617,6,135,NA,NA,NA,0
"618",618,6,135,NA,NA,NA,0
"619",619,6,135,"E",341,5,0
"620",620,6,135,NA,NA,NA,0
"621",621,6,135,NA,NA,NA,0
"622",622,6,135,NA,NA,NA,0
"623",623,6,136,NA,NA,NA,0
"624",624,6,136,NA,NA,NA,0
"625",625,6,136,NA,NA,NA,0
"626",626,6,136,NA,NA,NA,0
"627",627,6,136,NA,NA,NA,0
"628",628,6,136,NA,NA,NA,0
"629",629,6,137,"E",319,5,0
"630",630,6,137,NA,NA,NA,0
"631",631,6,137,NA,NA,NA,0
"632",632,6,137,NA,NA,NA,0
"633",633,6,137,NA,NA,NA,0
"634",634,6,137,NA,NA,NA,0
"635",635,6,138,NA,NA,NA,0
"636",636,6,138,NA,NA,NA,0
"637",637,6,138,NA,NA,NA,0
"638",638,6,138,NA,NA,NA,0
"639",639,6,138,"E",206,5,0
"640",640,6,138,NA,NA,NA,0
"641",641,3,139,NA,NA,NA,0
"642",642,3,139,NA,NA,NA,0
"643",643,3,139,NA,NA,NA,0
"644",644,6,140,NA,NA,NA,0
"645",645,6,140,NA,NA,NA,0
"646",646,6,140,NA,NA,NA,0
"647",647,6,140,NA,NA,NA,0
"648",648,6,140,"E",336,5,0
"649",649,6,140,NA,NA,NA,0
"650",650,4,141,NA,NA,NA,0
"651",651,4,141,NA,NA,NA,0
"652",652,4,141,NA,NA,NA,0
"653",653,4,141,NA,NA,NA,0
"654",654,5,142,NA,NA,NA,0
"655",655,5,142,NA,NA,NA,0
"656",656,5,142,NA,NA,NA,0
"657",657,5,142,NA,NA,NA,0
"658",658,5,142,NA,NA,NA,0
"659",659,6,143,NA,NA,NA,0
"660",660,6,143,NA,NA,NA,0
"661",661,6,143,NA,NA,NA,0
"662",662,6,143,NA,NA,NA,0
"663",663,6,143,NA,NA,NA,0
"664",664,6,143,NA,NA,NA,0
"665",665,6,144,NA,NA,NA,0
"666",666,6,144,NA,NA,NA,0
"667",667,6,144,NA,NA,NA,0
"668",668,6,144,NA,NA,NA,0
"669",669,6,144,NA,NA,NA,0
"670",670,6,144,NA,NA,NA,0
"671",671,6,145,"H",219,4,0
"672",672,6,145,NA,NA,NA,0
"673",673,6,145,"E",193,5,1
"674",674,6,145,NA,NA,NA,0
"675",675,6,145,NA,NA,NA,0
"676",676,6,145,NA,NA,NA,0
"677",677,5,146,NA,NA,NA,0
"678",678,5,146,NA,NA,NA,0
"679",679,5,146,NA,NA,NA,0
"680",680,5,146,NA,NA,NA,0
"681",681,5,146,NA,NA,NA,0
"682",682,6,147,NA,NA,NA,0
"683",683,6,147,NA,NA,NA,0
"684",684,6,147,NA,NA,NA,0
"685",685,6,147,NA,NA,NA,0
"686",686,6,147,NA,NA,NA,0
"687",687,6,147,NA,NA,NA,0
"688",688,4,148,NA,NA,NA,0
"689",689,4,148,NA,NA,NA,0
"690",690,4,148,NA,NA,NA,0
"691",691,4,148,NA,NA,NA,0
"692",692,6,149,NA,NA,NA,0
"693",693,6,149,NA,NA,NA,0
"694",694,6,149,NA,NA,NA,0
"695",695,6,149,NA,NA,NA,0
"696",696,6,149,NA,NA,NA,0
"697",697,6,149,NA,NA,NA,0
"698",698,5,150,NA,NA,NA,0
"699",699,5,150,NA,NA,NA,0
"700",700,5,150,NA,NA,NA,0
"701",701,5,150,NA,NA,NA,0
"702",702,5,150,NA,NA,NA,0
"703",703,3,151,NA,NA,NA,0
"704",704,3,151,NA,NA,NA,0
"705",705,3,151,NA,NA,NA,0
"706",706,4,152,NA,NA,NA,0
"707",707,4,152,NA,NA,NA,0
"708",708,4,152,NA,NA,NA,0
"709",709,4,152,NA,NA,NA,0
"710",710,4,153,NA,NA,NA,0
"711",711,4,153,NA,NA,NA,0
"712",712,4,153,NA,NA,NA,0
"713",713,4,153,NA,NA,NA,0
"714",714,4,154,NA,NA,NA,0
"715",715,4,154,NA,NA,NA,0
"716",716,4,154,NA,NA,NA,0
"717",717,4,154,"E",193,3,0
"718",718,3,155,NA,NA,NA,0
"719",719,3,155,NA,NA,NA,0
"720",720,3,155,NA,NA,NA,0
"721",721,3,156,NA,NA,NA,0
"722",722,3,156,NA,NA,NA,0
"723",723,3,156,NA,NA,NA,0
"724",724,3,157,NA,NA,NA,0
"725",725,3,157,NA,NA,NA,0
"726",726,3,157,NA,NA,NA,0
"727",727,4,158,NA,NA,NA,0
"728",728,4,158,NA,NA,NA,0
"729",729,4,158,NA,NA,NA,0
"730",730,4,158,NA,NA,NA,0
"731",731,6,159,NA,NA,NA,0
"732",732,6,159,NA,NA,NA,0
"733",733,6,159,NA,NA,NA,0
"734",734,6,159,NA,NA,NA,0
"735",735,6,159,NA,NA,NA,0
"736",736,6,159,NA,NA,NA,0
"737",737,6,160,NA,NA,NA,0
"738",738,6,160,NA,NA,NA,0
"739",739,6,160,NA,NA,NA,0
"740",740,6,160,NA,NA,NA,0
"741",741,6,160,NA,NA,NA,0
"742",742,6,160,NA,NA,NA,0
"743",743,3,161,NA,NA,NA,0
"744",744,3,161,NA,NA,NA,0
"745",745,3,161,"E",303,2,0
"746",746,5,162,NA,NA,NA,0
"747",747,5,162,NA,NA,NA,0
"748",748,5,162,NA,NA,NA,0
"749",749,5,162,NA,NA,NA,0
"750",750,5,162,NA,NA,NA,0
"751",751,4,163,NA,NA,NA,0
"752",752,4,163,NA,NA,NA,0
"753",753,4,163,NA,NA,NA,0
"754",754,4,163,NA,NA,NA,0
"755",755,4,164,NA,NA,NA,0
"756",756,4,164,NA,NA,NA,0
"757",757,4,164,NA,NA,NA,0
"758",758,4,164,NA,NA,NA,0
"759",759,4,165,NA,NA,NA,0
"760",760,4,165,NA,NA,NA,0
"761",761,4,165,NA,NA,NA,0
"762",762,4,165,"E",268,3,0
"763",763,4,166,NA,NA,NA,0
"764",764,4,166,NA,NA,NA,0
"765",765,4,166,NA,NA,NA,0
"766",766,4,166,NA,NA,NA,0
"767",767,5,167,NA,NA,NA,0
"768",768,5,167,"E",354,4,0
"769",769,5,167,NA,NA,NA,0
"770",770,5,167,NA,NA,NA,0
"771",771,5,167,NA,NA,NA,0
"772",772,3,168,NA,NA,NA,0
"773",773,3,168,NA,NA,NA,0
"774",774,3,168,NA,NA,NA,0
"775",775,3,169,NA,NA,NA,0
"776",776,3,169,NA,NA,NA,0
"777",777,3,169,NA,NA,NA,0
"778",778,4,170,NA,NA,NA,0
"779",779,4,170,NA,NA,NA,0
"780",780,4,170,NA,NA,NA,0
"781",781,4,170,NA,NA,NA,0
"782",782,4,171,NA,NA,NA,0
"783",783,4,171,NA,NA,NA,0
"784",784,4,171,NA,NA,NA,0
"785",785,4,171,NA,NA,NA,0
"786",786,5,172,NA,NA,NA,0
"787",787,5,172,NA,NA,NA,0
"788",788,5,172,NA,NA,NA,0
"789",789,5,172,NA,NA,NA,0
"790",790,5,172,NA,NA,NA,0
"791",791,6,173,NA,NA,NA,0
"792",792,6,173,NA,NA,NA,0
"793",793,6,173,NA,NA,NA,0
"794",794,6,173,NA,NA,NA,0
"795",795,6,173,NA,NA,NA,0
"796",796,6,173,NA,NA,NA,0
"797",797,5,174,"E",38,4,0
"798",798,5,174,NA,NA,NA,0
"799",799,5,174,NA,NA,NA,0
"800",800,5,174,NA,NA,NA,0
"801",801,5,174,NA,NA,NA,0
"802",802,6,175,NA,NA,NA,0
"803",803,6,175,NA,NA,NA,0
"804",804,6,175,NA,NA,NA,0
"805",805,6,175,NA,NA,NA,0
"806",806,6,175,NA,NA,NA,0
"807",807,6,175,NA,NA,NA,0
"808",808,6,176,NA,NA,NA,0
"809",809,6,176,NA,NA,NA,0
"810",810,6,176,NA,NA,NA,0
"811",811,6,176,"E",NA,NA,0
"812",812,6,176,NA,NA,NA,0
"813",813,6,176,NA,NA,NA,0
"814",814,4,177,NA,NA,NA,0
"815",815,4,177,"E",275,3,0
"816",816,4,177,NA,NA,NA,0
"817",817,4,177,NA,NA,NA,0
"818",818,5,178,NA,NA,NA,0
"819",819,5,178,NA,NA,NA,0
"820",820,5,178,NA,NA,NA,0
"821",821,5,178,NA,NA,NA,0
"822",822,5,178,NA,NA,NA,0
"823",823,3,179,NA,NA,NA,0
"824",824,3,179,NA,NA,NA,0
"825",825,3,179,NA,NA,NA,0
"826",826,5,180,NA,NA,NA,0
"827",827,5,180,NA,NA,NA,0
"828",828,5,180,NA,NA,NA,0
"829",829,5,180,NA,NA,NA,0
"830",830,5,180,NA,NA,NA,0
"831",831,3,181,NA,NA,NA,0
"832",832,3,181,NA,NA,NA,0
"833",833,3,181,NA,NA,NA,0
"834",834,3,182,"E",120,2,0
"835",835,3,182,NA,NA,NA,0
"836",836,3,182,NA,NA,NA,0
"837",837,4,183,NA,NA,NA,0
"838",838,4,183,NA,NA,NA,0
"839",839,4,183,NA,NA,NA,0
"840",840,4,183,NA,NA,NA,0
"841",841,4,184,"H",154,1,0
"842",842,4,184,"H",127,2,1
"843",843,4,184,"E",87,3,1
"844",844,4,184,NA,NA,NA,0
"845",845,6,185,NA,NA,NA,0
"846",846,6,185,NA,NA,NA,0
"847",847,6,185,NA,NA,NA,0
"848",848,6,185,NA,NA,NA,0
"849",849,6,185,"E",272,5,0
"850",850,6,185,NA,NA,NA,0
"851",851,5,186,NA,NA,NA,0
"852",852,5,186,NA,NA,NA,0
"853",853,5,186,NA,NA,NA,0
"854",854,5,186,NA,NA,NA,0
"855",855,5,186,NA,NA,NA,0
"856",856,6,187,NA,NA,NA,0
"857",857,6,187,NA,NA,NA,0
"858",858,6,187,NA,NA,NA,0
"859",859,6,187,NA,NA,NA,0
"860",860,6,187,NA,NA,NA,0
"861",861,6,187,NA,NA,NA,0
"862",862,6,188,NA,NA,NA,0
"863",863,6,188,NA,NA,NA,0
"864",864,6,188,NA,NA,NA,0
"865",865,6,188,NA,NA,NA,0
"866",866,6,188,NA,NA,NA,0
"867",867,6,188,NA,NA,NA,0
"868",868,3,189,NA,NA,NA,0
"869",869,3,189,NA,NA,NA,0
"870",870,3,189,NA,NA,NA,0
"871",871,3,190,NA,NA,NA,0
"872",872,3,190,NA,NA,NA,0
"873",873,3,190,"E",307,2,0
"874",874,6,191,NA,NA,NA,0
"875",875,6,191,NA,NA,NA,0
"876",876,6,191,NA,NA,NA,0
"877",877,6,191,NA,NA,NA,0
"878",878,6,191,NA,NA,NA,0
"879",879,6,191,NA,NA,NA,0
"880",880,3,192,NA,NA,NA,0
"881",881,3,192,NA,NA,NA,0
"882",882,3,192,NA,NA,NA,0
"883",883,3,193,NA,NA,NA,0
"884",884,3,193,NA,NA,NA,0
"885",885,3,193,NA,NA,NA,0
"886",886,5,194,NA,NA,NA,0
"887",887,5,194,NA,NA,NA,0
"888",888,5,194,NA,NA,NA,0
"889",889,5,194,NA,NA,NA,0
"890",890,5,194,NA,NA,NA,0
"891",891,4,195,NA,NA,NA,0
"892",892,4,195,"E",68,3,0
"893",893,4,195,NA,NA,NA,0
"894",894,4,195,NA,NA,NA,0
"895",895,6,196,NA,NA,NA,0
"896",896,6,196,NA,NA,NA,0
"897",897,6,196,NA,NA,NA,0
"898",898,6,196,NA,NA,NA,0
"899",899,6,196,NA,NA,NA,0
"900",900,6,196,NA,NA,NA,0
"901",901,4,197,"E",NA,NA,0
"902",902,4,197,NA,NA,NA,0
"903",903,4,197,NA,NA,NA,0
"904",904,4,197,NA,NA,NA,0
"905",905,6,198,NA,NA,NA,0
"906",906,6,198,NA,NA,NA,0
"907",907,6,198,NA,NA,NA,0
"908",908,6,198,NA,NA,NA,0
"909",909,6,198,NA,NA,NA,0
"910",910,6,198,NA,NA,NA,0
"911",911,4,199,NA,NA,NA,0
"912",912,4,199,"H",NA,NA,0
"913",913,4,199,"E",337,3,1
"914",914,4,199,NA,NA,NA,0
"915",915,3,200,NA,NA,NA,0
"916",916,3,200,"E",182,2,0
"917",917,3,200,NA,NA,NA,0
"918",918,3,201,NA,NA,NA,0
"919",919,3,201,NA,NA,NA,0
"920",920,3,201,NA,NA,NA,0
"921",921,4,202,NA,NA,NA,0
"922",922,4,202,NA,NA,NA,0
"923",923,4,202,NA,NA,NA,0
"924",924,4,202,NA,NA,NA,0
"925",925,6,203,NA,NA,NA,0
"926",926,6,203,NA,NA,NA,0
"927",927,6,203,NA,NA,NA,0
"928",928,6,203,NA,NA,NA,0
"929",929,6,203,NA,NA,NA,0
"930",930,6,203,NA,NA,NA,0
"931",931,3,204,NA,NA,NA,0
"932",932,3,204,NA,NA,NA,0
"933",933,3,204,NA,NA,NA,0
"934",934,4,205,NA,NA,NA,0
"935",935,4,205,NA,NA,NA,0
"936",936,4,205,NA,NA,NA,0
"937",937,4,205,NA,NA,NA,0
"938",938,6,206,NA,NA,NA,0
"939",939,6,206,NA,NA,NA,0
"940",940,6,206,NA,NA,NA,0
"941",941,6,206,NA,NA,NA,0
"942",942,6,206,NA,NA,NA,0
"943",943,6,206,NA,NA,NA,0
"944",944,3,207,NA,NA,NA,0
"945",945,3,207,NA,NA,NA,0
"946",946,3,207,"E",358,2,0
"947",947,3,208,"E",48,2,0
"948",948,3,208,NA,NA,NA,0
"949",949,3,208,NA,NA,NA,0
"950",950,6,209,"E",141,5,0
"951",951,6,209,"E",209,4,0
"952",952,6,209,NA,NA,NA,0
"953",953,6,209,NA,NA,NA,0
"954",954,6,209,NA,NA,NA,0
"955",955,6,209,NA,NA,NA,0
"956",956,5,210,"H",349,3,0
"957",957,5,210,NA,NA,NA,0
"958",958,5,210,NA,NA,NA,0
"959",959,5,210,NA,NA,NA,0
"960",960,5,210,"E",320,4,1
"961",961,6,211,NA,NA,NA,0
"962",962,6,211,NA,NA,NA,0
"963",963,6,211,"H",310,4,1
"964",964,6,211,NA,NA,NA,0
"965",965,6,211,"H",337,3,0
"966",966,6,211,"E",260,5,1
"967",967,6,212,"E",92,5,0
"968",968,6,212,NA,NA,NA,0
"969",969,6,212,NA,NA,NA,0
"970",970,6,212,NA,NA,NA,0
"971",971,6,212,NA,NA,NA,0
"972",972,6,212,NA,NA,NA,0
"973",973,6,213,NA,NA,NA,0
"974",974,6,213,NA,NA,NA,0
"975",975,6,213,"H",193,4,0
"976",976,6,213,NA,NA,NA,0
"977",977,6,213,"E",140,5,1
"978",978,6,213,NA,NA,NA,0
"979",979,6,214,NA,NA,NA,0
"980",980,6,214,NA,NA,NA,0
"981",981,6,214,NA,NA,NA,0
"982",982,6,214,NA,NA,NA,0
"983",983,6,214,NA,NA,NA,0
"984",984,6,214,NA,NA,NA,0
"985",985,6,215,NA,NA,NA,0
"986",986,6,215,NA,NA,NA,0
"987",987,6,215,NA,NA,NA,0
"988",988,6,215,NA,NA,NA,0
"989",989,6,215,NA,NA,NA,0
"990",990,6,215,NA,NA,NA,0
"991",991,6,216,"E",220,4,1
"992",992,6,216,NA,NA,NA,0
"993",993,6,216,NA,NA,NA,0
"994",994,6,216,"E",210,4,0
"995",995,6,216,"H",255,3,0
"996",996,6,216,NA,NA,NA,0
"997",997,4,217,NA,NA,NA,0
"998",998,4,217,"E",348,3,0
"999",999,4,217,NA,NA,NA,0
"1000",1000,4,217,NA,NA,NA,0
