"ID","SIZE","HH","TYPE","TIME","S_NUM","I_NUM"
1,4,1,NA,NA,NA,0
2,4,1,NA,NA,NA,0
3,4,1,NA,NA,NA,0
4,4,1,"E",NA,NA,0
5,5,2,NA,NA,NA,0
6,5,2,NA,NA,NA,0
7,5,2,NA,NA,NA,0
8,5,2,NA,NA,NA,0
9,5,2,NA,NA,NA,0
10,3,3,NA,NA,NA,0
11,3,3,"E",NA,NA,0
12,3,3,"E",NA,NA,0
13,4,4,NA,NA,NA,0
14,4,4,NA,NA,NA,0
15,4,4,NA,NA,NA,0
16,4,4,"E",NA,NA,0
17,6,5,NA,NA,NA,0
18,6,5,"E",193,NA,0
19,6,5,"E",178,NA,0
20,6,5,"E",232,NA,0
21,6,5,NA,NA,NA,0
22,6,5,"E",84,NA,0
23,4,6,NA,NA,NA,0
24,4,6,NA,NA,NA,0
25,4,6,NA,NA,NA,0
26,4,6,NA,NA,NA,0
27,4,7,NA,NA,NA,0
28,4,7,NA,NA,NA,0
29,4,7,NA,NA,NA,0
30,4,7,NA,NA,NA,0
31,3,8,NA,NA,NA,0
32,3,8,NA,NA,NA,0
33,3,8,"E",NA,NA,0
34,5,9,"E",NA,NA,0
35,5,9,"E",NA,NA,0
36,5,9,"E",NA,NA,0
37,5,9,NA,NA,NA,0
38,5,9,NA,NA,NA,0
39,6,10,NA,NA,NA,0
40,6,10,NA,NA,NA,0
41,6,10,"E",NA,NA,0
42,6,10,NA,NA,NA,0
43,6,10,NA,NA,NA,0
44,6,10,"E",178,NA,0
45,3,11,"E",NA,NA,0
46,3,11,"E",290,NA,0
47,3,11,NA,NA,NA,0
48,3,12,"E",90,NA,0
49,3,12,NA,NA,NA,0
50,3,12,NA,NA,NA,0
51,4,13,NA,NA,NA,0
52,4,13,"E",NA,NA,0
53,4,13,NA,NA,NA,0
54,4,13,NA,NA,NA,0
55,3,14,NA,NA,NA,0
56,3,14,NA,NA,NA,0
57,3,14,NA,NA,NA,0
58,6,15,NA,NA,NA,0
59,6,15,"E",NA,NA,0
60,6,15,NA,NA,NA,0
61,6,15,NA,NA,NA,0
62,6,15,"E",NA,NA,0
63,6,15,NA,NA,NA,0
64,3,16,NA,NA,NA,0
65,3,16,NA,NA,NA,0
66,3,16,NA,NA,NA,0
67,4,17,NA,NA,NA,0
68,4,17,"E",NA,NA,0
69,4,17,NA,NA,NA,0
70,4,17,NA,NA,NA,0
71,3,18,NA,NA,NA,0
72,3,18,NA,NA,NA,0
73,3,18,"E",150,NA,0
74,4,19,NA,NA,NA,0
75,4,19,NA,NA,NA,0
76,4,19,NA,NA,NA,0
77,4,19,"E",NA,NA,0
78,3,20,NA,NA,NA,0
79,3,20,NA,NA,NA,0
80,3,20,"E",210,NA,0
81,5,21,NA,NA,NA,0
82,5,21,"E",104,NA,0
83,5,21,NA,NA,NA,0
84,5,21,NA,NA,NA,0
85,5,21,"E",NA,NA,0
86,5,22,"E",NA,NA,0
87,5,22,"E",NA,NA,0
88,5,22,NA,NA,NA,0
89,5,22,NA,NA,NA,0
90,5,22,NA,NA,NA,0
91,4,23,NA,NA,NA,0
92,4,23,NA,NA,NA,0
93,4,23,NA,NA,NA,0
94,4,23,"E",148,NA,0
95,3,24,NA,NA,NA,0
96,3,24,"E",126,NA,0
97,3,24,"E",200,NA,0
98,4,25,"E",271,NA,0
99,4,25,NA,NA,NA,0
100,4,25,"E",NA,NA,0
101,4,25,"E",123,NA,0
102,6,26,NA,NA,NA,0
103,6,26,NA,NA,NA,0
104,6,26,"E",102,NA,0
105,6,26,NA,NA,NA,0
106,6,26,NA,NA,NA,0
107,6,26,NA,NA,NA,0
108,4,27,"E",NA,NA,0
109,4,27,NA,NA,NA,0
110,4,27,"E",192,NA,0
111,4,27,NA,NA,NA,0
112,4,28,"E",NA,NA,0
113,4,28,NA,NA,NA,0
114,4,28,NA,NA,NA,0
115,4,28,"E",36,NA,0
116,4,29,NA,NA,NA,0
117,4,29,"E",258,NA,0
118,4,29,NA,NA,NA,0
119,4,29,NA,NA,NA,0
120,5,30,"E",324,NA,0
121,5,30,NA,NA,NA,0
122,5,30,NA,NA,NA,0
123,5,30,NA,NA,NA,0
124,5,30,NA,NA,NA,0
125,5,31,NA,NA,NA,0
126,5,31,"E",366,NA,0
127,5,31,NA,NA,NA,0
128,5,31,"E",NA,NA,0
129,5,31,NA,NA,NA,0
130,6,32,NA,NA,NA,0
131,6,32,"E",202,NA,0
132,6,32,NA,NA,NA,0
133,6,32,NA,NA,NA,0
134,6,32,NA,NA,NA,0
135,6,32,"E",NA,NA,0
136,4,33,NA,NA,NA,0
137,4,33,"E",271,NA,0
138,4,33,NA,NA,NA,0
139,4,33,NA,NA,NA,0
140,4,34,"E",NA,NA,0
141,4,34,NA,NA,NA,0
142,4,34,NA,NA,NA,0
143,4,34,NA,NA,NA,0
144,3,35,NA,NA,NA,0
145,3,35,"E",NA,NA,0
146,3,35,NA,NA,NA,0
147,3,36,NA,NA,NA,0
148,3,36,"E",NA,NA,0
149,3,36,NA,NA,NA,0
150,4,37,"E",153,NA,0
151,4,37,NA,NA,NA,0
152,4,37,NA,NA,NA,0
153,4,37,"E",157,NA,0
154,3,38,NA,NA,NA,0
155,3,38,NA,NA,NA,0
156,3,38,"E",NA,NA,0
157,3,39,NA,NA,NA,0
158,3,39,NA,NA,NA,0
159,3,39,NA,NA,NA,0
160,5,40,"E",255,NA,0
161,5,40,NA,NA,NA,0
162,5,40,NA,NA,NA,0
163,5,40,NA,NA,NA,0
164,5,40,"E",133,NA,0
165,5,41,"E",80,NA,0
166,5,41,NA,NA,NA,0
167,5,41,NA,NA,NA,0
168,5,41,"E",NA,NA,0
169,5,41,NA,NA,NA,0
170,6,42,NA,NA,NA,0
171,6,42,NA,NA,NA,0
172,6,42,NA,NA,NA,0
173,6,42,NA,NA,NA,0
174,6,42,NA,NA,NA,0
175,6,42,NA,NA,NA,0
176,6,43,NA,NA,NA,0
177,6,43,"E",306,NA,0
178,6,43,"E",103,NA,0
179,6,43,NA,NA,NA,0
180,6,43,NA,NA,NA,0
181,6,43,"E",NA,NA,0
182,5,44,NA,NA,NA,0
183,5,44,"E",NA,NA,0
184,5,44,NA,NA,NA,0
185,5,44,NA,NA,NA,0
186,5,44,NA,NA,NA,0
187,4,45,NA,NA,NA,0
188,4,45,NA,NA,NA,0
189,4,45,NA,NA,NA,0
190,4,45,"E",NA,NA,0
191,6,46,NA,NA,NA,0
192,6,46,NA,NA,NA,0
193,6,46,NA,NA,NA,0
194,6,46,NA,NA,NA,0
195,6,46,"E",222,NA,0
196,6,46,NA,NA,NA,0
197,3,47,NA,NA,NA,0
198,3,47,NA,NA,NA,0
199,3,47,"E",NA,NA,0
200,6,48,"E",185,NA,0
201,6,48,"E",172,NA,0
202,6,48,"E",43,NA,0
203,6,48,NA,NA,NA,0
204,6,48,NA,NA,NA,0
205,6,48,"E",NA,NA,0
206,3,49,"E",63,NA,0
207,3,49,"E",NA,NA,0
208,3,49,NA,NA,NA,0
209,3,50,NA,NA,NA,0
210,3,50,NA,NA,NA,0
211,3,50,NA,NA,NA,0
212,6,51,NA,NA,NA,0
213,6,51,NA,NA,NA,0
214,6,51,NA,NA,NA,0
215,6,51,"E",NA,NA,0
216,6,51,"E",26,NA,0
217,6,51,NA,NA,NA,0
218,5,52,NA,NA,NA,0
219,5,52,"E",NA,NA,0
220,5,52,"E",NA,NA,0
221,5,52,NA,NA,NA,0
222,5,52,"E",251,NA,0
223,6,53,NA,NA,NA,0
224,6,53,NA,NA,NA,0
225,6,53,"E",NA,NA,0
226,6,53,NA,NA,NA,0
227,6,53,NA,NA,NA,0
228,6,53,NA,NA,NA,0
229,4,54,"E",147,NA,0
230,4,54,NA,NA,NA,0
231,4,54,"E",342,NA,0
232,4,54,NA,NA,NA,0
233,6,55,NA,NA,NA,0
234,6,55,NA,NA,NA,0
235,6,55,NA,NA,NA,0
236,6,55,NA,NA,NA,0
237,6,55,"E",96,NA,0
238,6,55,NA,NA,NA,0
239,5,56,NA,NA,NA,0
240,5,56,NA,NA,NA,0
241,5,56,NA,NA,NA,0
242,5,56,NA,NA,NA,0
243,5,56,NA,NA,NA,0
244,6,57,NA,NA,NA,0
245,6,57,"E",208,NA,0
246,6,57,NA,NA,NA,0
247,6,57,NA,NA,NA,0
248,6,57,NA,NA,NA,0
249,6,57,NA,NA,NA,0
250,4,58,NA,NA,NA,0
251,4,58,NA,NA,NA,0
252,4,58,NA,NA,NA,0
253,4,58,NA,NA,NA,0
254,6,59,NA,NA,NA,0
255,6,59,NA,NA,NA,0
256,6,59,NA,NA,NA,0
257,6,59,NA,NA,NA,0
258,6,59,NA,NA,NA,0
259,6,59,"E",159,NA,0
260,4,60,"E",NA,NA,0
261,4,60,NA,NA,NA,0
262,4,60,"E",82,NA,0
263,4,60,NA,NA,NA,0
264,4,61,NA,NA,NA,0
265,4,61,NA,NA,NA,0
266,4,61,NA,NA,NA,0
267,4,61,"E",201,NA,0
268,5,62,"E",265,NA,0
269,5,62,"E",299,NA,0
270,5,62,NA,NA,NA,0
271,5,62,NA,NA,NA,0
272,5,62,NA,NA,NA,0
273,5,63,"E",NA,NA,0
274,5,63,"E",216,NA,0
275,5,63,NA,NA,NA,0
276,5,63,NA,NA,NA,0
277,5,63,"E",213,NA,0
278,3,64,"E",NA,NA,0
279,3,64,"E",88,NA,0
280,3,64,"E",NA,NA,0
281,4,65,NA,NA,NA,0
282,4,65,"E",NA,NA,0
283,4,65,"E",145,NA,0
284,4,65,NA,NA,NA,0
285,3,66,NA,NA,NA,0
286,3,66,NA,NA,NA,0
287,3,66,NA,NA,NA,0
288,5,67,NA,NA,NA,0
289,5,67,NA,NA,NA,0
290,5,67,NA,NA,NA,0
291,5,67,NA,NA,NA,0
292,5,67,NA,NA,NA,0
293,4,68,NA,NA,NA,0
294,4,68,NA,NA,NA,0
295,4,68,NA,NA,NA,0
296,4,68,NA,NA,NA,0
297,6,69,NA,NA,NA,0
298,6,69,"E",236,NA,0
299,6,69,NA,NA,NA,0
300,6,69,"E",218,NA,0
301,6,69,NA,NA,NA,0
302,6,69,"E",NA,NA,0
303,3,70,NA,NA,NA,0
304,3,70,NA,NA,NA,0
305,3,70,"E",NA,NA,0
306,3,71,NA,NA,NA,0
307,3,71,"E",NA,NA,0
308,3,71,"E",NA,NA,0
309,4,72,NA,NA,NA,0
310,4,72,NA,NA,NA,0
311,4,72,NA,NA,NA,0
312,4,72,NA,NA,NA,0
313,4,73,"E",NA,NA,0
314,4,73,"E",NA,NA,0
315,4,73,"E",169,NA,0
316,4,73,NA,NA,NA,0
317,4,74,"E",NA,NA,0
318,4,74,NA,NA,NA,0
319,4,74,NA,NA,NA,0
320,4,74,NA,NA,NA,0
321,6,75,NA,NA,NA,0
322,6,75,NA,NA,NA,0
323,6,75,NA,NA,NA,0
324,6,75,NA,NA,NA,0
325,6,75,NA,NA,NA,0
326,6,75,"E",87,NA,0
327,5,76,NA,NA,NA,0
328,5,76,"E",166,NA,0
329,5,76,NA,NA,NA,0
330,5,76,NA,NA,NA,0
331,5,76,NA,NA,NA,0
332,4,77,"E",NA,NA,0
333,4,77,NA,NA,NA,0
334,4,77,NA,NA,NA,0
335,4,77,"E",98,NA,0
336,5,78,"E",238,NA,0
337,5,78,"E",63,NA,0
338,5,78,NA,NA,NA,0
339,5,78,NA,NA,NA,0
340,5,78,NA,NA,NA,0
341,6,79,NA,NA,NA,0
342,6,79,"E",NA,NA,0
343,6,79,"E",NA,NA,0
344,6,79,NA,NA,NA,0
345,6,79,NA,NA,NA,0
346,6,79,NA,NA,NA,0
347,5,80,NA,NA,NA,0
348,5,80,NA,NA,NA,0
349,5,80,NA,NA,NA,0
350,5,80,NA,NA,NA,0
351,5,80,NA,NA,NA,0
352,3,81,"E",180,NA,0
353,3,81,NA,NA,NA,0
354,3,81,NA,NA,NA,0
355,5,82,NA,NA,NA,0
356,5,82,"E",31,NA,0
357,5,82,NA,NA,NA,0
358,5,82,NA,NA,NA,0
359,5,82,"E",NA,NA,0
360,6,83,NA,NA,NA,0
361,6,83,NA,NA,NA,0
362,6,83,NA,NA,NA,0
363,6,83,NA,NA,NA,0
364,6,83,"E",140,NA,0
365,6,83,NA,NA,NA,0
366,6,84,NA,NA,NA,0
367,6,84,NA,NA,NA,0
368,6,84,NA,NA,NA,0
369,6,84,NA,NA,NA,0
370,6,84,"E",NA,NA,0
371,6,84,NA,NA,NA,0
372,6,85,NA,NA,NA,0
373,6,85,NA,NA,NA,0
374,6,85,"E",74,NA,0
375,6,85,NA,NA,NA,0
376,6,85,NA,NA,NA,0
377,6,85,"E",90,NA,0
378,3,86,NA,NA,NA,0
379,3,86,"E",NA,NA,0
380,3,86,NA,NA,NA,0
381,3,87,"E",366,NA,0
382,3,87,NA,NA,NA,0
383,3,87,"E",NA,NA,0
384,4,88,NA,NA,NA,0
385,4,88,"E",82,NA,0
386,4,88,"E",NA,NA,0
387,4,88,"E",331,NA,0
388,3,89,"E",165,NA,0
389,3,89,NA,NA,NA,0
390,3,89,NA,NA,NA,0
391,5,90,NA,NA,NA,0
392,5,90,NA,NA,NA,0
393,5,90,NA,NA,NA,0
394,5,90,NA,NA,NA,0
395,5,90,NA,NA,NA,0
396,4,91,"E",239,NA,0
397,4,91,NA,NA,NA,0
398,4,91,NA,NA,NA,0
399,4,91,NA,NA,NA,0
400,3,92,NA,NA,NA,0
401,3,92,NA,NA,NA,0
402,3,92,NA,NA,NA,0
403,4,93,NA,NA,NA,0
404,4,93,NA,NA,NA,0
405,4,93,NA,NA,NA,0
406,4,93,NA,NA,NA,0
407,6,94,NA,NA,NA,0
408,6,94,NA,NA,NA,0
409,6,94,NA,NA,NA,0
410,6,94,NA,NA,NA,0
411,6,94,"E",87,NA,0
412,6,94,NA,NA,NA,0
413,4,95,NA,NA,NA,0
414,4,95,NA,NA,NA,0
415,4,95,NA,NA,NA,0
416,4,95,"E",41,NA,0
417,5,96,NA,NA,NA,0
418,5,96,"E",NA,NA,0
419,5,96,NA,NA,NA,0
420,5,96,NA,NA,NA,0
421,5,96,"E",NA,NA,0
422,5,97,NA,NA,NA,0
423,5,97,NA,NA,NA,0
424,5,97,NA,NA,NA,0
425,5,97,"E",106,NA,0
426,5,97,"E",214,NA,0
427,5,98,NA,NA,NA,0
428,5,98,NA,NA,NA,0
429,5,98,"E",228,NA,0
430,5,98,"E",304,NA,0
431,5,98,NA,NA,NA,0
432,3,99,NA,NA,NA,0
433,3,99,NA,NA,NA,0
434,3,99,"E",27,NA,0
435,4,100,NA,NA,NA,0
436,4,100,NA,NA,NA,0
437,4,100,NA,NA,NA,0
438,4,100,"E",NA,NA,0
439,4,101,NA,NA,NA,0
440,4,101,"E",NA,NA,0
441,4,101,NA,NA,NA,0
442,4,101,NA,NA,NA,0
443,4,102,NA,NA,NA,0
444,4,102,NA,NA,NA,0
445,4,102,"E",336,NA,0
446,4,102,NA,NA,NA,0
447,6,103,NA,NA,NA,0
448,6,103,NA,NA,NA,0
449,6,103,NA,NA,NA,0
450,6,103,NA,NA,NA,0
451,6,103,NA,NA,NA,0
452,6,103,"E",213,NA,0
453,3,104,"E",330,NA,0
454,3,104,NA,NA,NA,0
455,3,104,NA,NA,NA,0
456,6,105,"E",NA,NA,0
457,6,105,"E",NA,NA,0
458,6,105,NA,NA,NA,0
459,6,105,"E",NA,NA,0
460,6,105,NA,NA,NA,0
461,6,105,NA,NA,NA,0
462,6,106,NA,NA,NA,0
463,6,106,NA,NA,NA,0
464,6,106,NA,NA,NA,0
465,6,106,NA,NA,NA,0
466,6,106,"E",285,NA,0
467,6,106,"E",227,NA,0
468,4,107,NA,NA,NA,0
469,4,107,"E",246,NA,0
470,4,107,"E",NA,NA,0
471,4,107,NA,NA,NA,0
472,3,108,"E",NA,NA,0
473,3,108,NA,NA,NA,0
474,3,108,NA,NA,NA,0
475,3,109,NA,NA,NA,0
476,3,109,NA,NA,NA,0
477,3,109,NA,NA,NA,0
478,6,110,NA,NA,NA,0
479,6,110,NA,NA,NA,0
480,6,110,"E",NA,NA,0
481,6,110,"E",NA,NA,0
482,6,110,NA,NA,NA,0
483,6,110,NA,NA,NA,0
484,4,111,NA,NA,NA,0
485,4,111,NA,NA,NA,0
486,4,111,NA,NA,NA,0
487,4,111,NA,NA,NA,0
488,4,112,NA,NA,NA,0
489,4,112,NA,NA,NA,0
490,4,112,"E",131,NA,0
491,4,112,"E",40,NA,0
492,6,113,NA,NA,NA,0
493,6,113,"E",NA,NA,0
494,6,113,NA,NA,NA,0
495,6,113,NA,NA,NA,0
496,6,113,"E",NA,NA,0
497,6,113,NA,NA,NA,0
498,3,114,"E",351,NA,0
499,3,114,NA,NA,NA,0
500,3,114,NA,NA,NA,0
501,5,115,NA,NA,NA,0
502,5,115,NA,NA,NA,0
503,5,115,NA,NA,NA,0
504,5,115,NA,NA,NA,0
505,5,115,NA,NA,NA,0
506,3,116,"E",NA,NA,0
507,3,116,NA,NA,NA,0
508,3,116,NA,NA,NA,0
509,3,117,"E",NA,NA,0
510,3,117,NA,NA,NA,0
511,3,117,NA,NA,NA,0
512,5,118,NA,NA,NA,0
513,5,118,NA,NA,NA,0
514,5,118,"E",346,NA,0
515,5,118,NA,NA,NA,0
516,5,118,"E",36,NA,0
517,5,119,"E",NA,NA,0
518,5,119,NA,NA,NA,0
519,5,119,NA,NA,NA,0
520,5,119,NA,NA,NA,0
521,5,119,NA,NA,NA,0
522,6,120,NA,NA,NA,0
523,6,120,NA,NA,NA,0
524,6,120,NA,NA,NA,0
525,6,120,"E",240,NA,0
526,6,120,"E",325,NA,0
527,6,120,NA,NA,NA,0
528,3,121,NA,NA,NA,0
529,3,121,NA,NA,NA,0
530,3,121,"E",NA,NA,0
531,4,122,NA,NA,NA,0
532,4,122,NA,NA,NA,0
533,4,122,NA,NA,NA,0
534,4,122,NA,NA,NA,0
535,4,123,"E",NA,NA,0
536,4,123,NA,NA,NA,0
537,4,123,NA,NA,NA,0
538,4,123,"E",NA,NA,0
539,5,124,NA,NA,NA,0
540,5,124,"E",310,NA,0
541,5,124,"E",NA,NA,0
542,5,124,NA,NA,NA,0
543,5,124,NA,NA,NA,0
544,6,125,NA,NA,NA,0
545,6,125,NA,NA,NA,0
546,6,125,NA,NA,NA,0
547,6,125,NA,NA,NA,0
548,6,125,NA,NA,NA,0
549,6,125,"E",192,NA,0
550,3,126,NA,NA,NA,0
551,3,126,NA,NA,NA,0
552,3,126,NA,NA,NA,0
553,5,127,NA,NA,NA,0
554,5,127,"E",NA,NA,0
555,5,127,NA,NA,NA,0
556,5,127,NA,NA,NA,0
557,5,127,NA,NA,NA,0
558,3,128,"E",NA,NA,0
559,3,128,NA,NA,NA,0
560,3,128,"E",98,NA,0
561,5,129,"E",NA,NA,0
562,5,129,NA,NA,NA,0
563,5,129,"E",64,NA,0
564,5,129,"E",136,NA,0
565,5,129,"E",199,NA,0
566,5,130,"E",NA,NA,0
567,5,130,"E",NA,NA,0
568,5,130,NA,NA,NA,0
569,5,130,NA,NA,NA,0
570,5,130,NA,NA,NA,0
571,6,131,NA,NA,NA,0
572,6,131,NA,NA,NA,0
573,6,131,"E",NA,NA,0
574,6,131,"E",319,NA,0
575,6,131,NA,NA,NA,0
576,6,131,NA,NA,NA,0
577,3,132,NA,NA,NA,0
578,3,132,NA,NA,NA,0
579,3,132,"E",NA,NA,0
580,6,133,NA,NA,NA,0
581,6,133,NA,NA,NA,0
582,6,133,"E",NA,NA,0
583,6,133,NA,NA,NA,0
584,6,133,NA,NA,NA,0
585,6,133,NA,NA,NA,0
586,4,134,NA,NA,NA,0
587,4,134,"E",358,NA,0
588,4,134,NA,NA,NA,0
589,4,134,NA,NA,NA,0
590,6,135,NA,NA,NA,0
591,6,135,NA,NA,NA,0
592,6,135,NA,NA,NA,0
593,6,135,"E",NA,NA,0
594,6,135,NA,NA,NA,0
595,6,135,NA,NA,NA,0
596,5,136,NA,NA,NA,0
597,5,136,NA,NA,NA,0
598,5,136,NA,NA,NA,0
599,5,136,NA,NA,NA,0
600,5,136,"E",NA,NA,0
601,6,137,NA,NA,NA,0
602,6,137,NA,NA,NA,0
603,6,137,"E",NA,NA,0
604,6,137,NA,NA,NA,0
605,6,137,"E",NA,NA,0
606,6,137,NA,NA,NA,0
607,6,138,"E",55,NA,0
608,6,138,NA,NA,NA,0
609,6,138,"E",NA,NA,0
610,6,138,NA,NA,NA,0
611,6,138,NA,NA,NA,0
612,6,138,NA,NA,NA,0
613,5,139,NA,NA,NA,0
614,5,139,NA,NA,NA,0
615,5,139,NA,NA,NA,0
616,5,139,"E",NA,NA,0
617,5,139,"E",NA,NA,0
618,5,140,NA,NA,NA,0
619,5,140,NA,NA,NA,0
620,5,140,"E",NA,NA,0
621,5,140,"E",293,NA,0
622,5,140,"E",116,NA,0
623,5,141,NA,NA,NA,0
624,5,141,NA,NA,NA,0
625,5,141,"E",NA,NA,0
626,5,141,NA,NA,NA,0
627,5,141,"E",NA,NA,0
628,3,142,NA,NA,NA,0
629,3,142,NA,NA,NA,0
630,3,142,"E",NA,NA,0
631,3,143,NA,NA,NA,0
632,3,143,NA,NA,NA,0
633,3,143,NA,NA,NA,0
634,3,144,NA,NA,NA,0
635,3,144,NA,NA,NA,0
636,3,144,NA,NA,NA,0
637,5,145,"E",NA,NA,0
638,5,145,NA,NA,NA,0
639,5,145,NA,NA,NA,0
640,5,145,NA,NA,NA,0
641,5,145,NA,NA,NA,0
642,5,146,NA,NA,NA,0
643,5,146,NA,NA,NA,0
644,5,146,"E",NA,NA,0
645,5,146,"E",303,NA,0
646,5,146,"E",NA,NA,0
647,5,147,"E",87,NA,0
648,5,147,"E",NA,NA,0
649,5,147,NA,NA,NA,0
650,5,147,NA,NA,NA,0
651,5,147,"E",305,NA,0
652,4,148,NA,NA,NA,0
653,4,148,NA,NA,NA,0
654,4,148,"E",176,NA,0
655,4,148,NA,NA,NA,0
656,4,149,"E",NA,NA,0
657,4,149,NA,NA,NA,0
658,4,149,"E",NA,NA,0
659,4,149,NA,NA,NA,0
660,3,150,NA,NA,NA,0
661,3,150,NA,NA,NA,0
662,3,150,NA,NA,NA,0
663,5,151,NA,NA,NA,0
664,5,151,"E",NA,NA,0
665,5,151,NA,NA,NA,0
666,5,151,NA,NA,NA,0
667,5,151,NA,NA,NA,0
668,5,152,NA,NA,NA,0
669,5,152,NA,NA,NA,0
670,5,152,"E",NA,NA,0
671,5,152,NA,NA,NA,0
672,5,152,NA,NA,NA,0
673,3,153,"E",NA,NA,0
674,3,153,NA,NA,NA,0
675,3,153,NA,NA,NA,0
676,3,154,NA,NA,NA,0
677,3,154,NA,NA,NA,0
678,3,154,"E",33,NA,0
679,6,155,"E",310,NA,0
680,6,155,NA,NA,NA,0
681,6,155,NA,NA,NA,0
682,6,155,NA,NA,NA,0
683,6,155,NA,NA,NA,0
684,6,155,NA,NA,NA,0
685,6,156,"E",NA,NA,0
686,6,156,"E",261,NA,0
687,6,156,NA,NA,NA,0
688,6,156,NA,NA,NA,0
689,6,156,NA,NA,NA,0
690,6,156,NA,NA,NA,0
691,5,157,NA,NA,NA,0
692,5,157,NA,NA,NA,0
693,5,157,NA,NA,NA,0
694,5,157,"E",194,NA,0
695,5,157,NA,NA,NA,0
696,3,158,NA,NA,NA,0
697,3,158,NA,NA,NA,0
698,3,158,NA,NA,NA,0
699,5,159,"E",182,NA,0
700,5,159,"E",NA,NA,0
701,5,159,NA,NA,NA,0
702,5,159,"E",NA,NA,0
703,5,159,NA,NA,NA,0
704,3,160,NA,NA,NA,0
705,3,160,NA,NA,NA,0
706,3,160,NA,NA,NA,0
707,5,161,NA,NA,NA,0
708,5,161,NA,NA,NA,0
709,5,161,"E",NA,NA,0
710,5,161,NA,NA,NA,0
711,5,161,NA,NA,NA,0
712,4,162,"E",NA,NA,0
713,4,162,"E",191,NA,0
714,4,162,"E",179,NA,0
715,4,162,NA,NA,NA,0
716,3,163,NA,NA,NA,0
717,3,163,NA,NA,NA,0
718,3,163,"E",NA,NA,0
719,4,164,NA,NA,NA,0
720,4,164,NA,NA,NA,0
721,4,164,"E",NA,NA,0
722,4,164,NA,NA,NA,0
723,3,165,NA,NA,NA,0
724,3,165,NA,NA,NA,0
725,3,165,"E",NA,NA,0
726,3,166,NA,NA,NA,0
727,3,166,NA,NA,NA,0
728,3,166,NA,NA,NA,0
729,6,167,NA,NA,NA,0
730,6,167,"E",NA,NA,0
731,6,167,NA,NA,NA,0
732,6,167,NA,NA,NA,0
733,6,167,"E",NA,NA,0
734,6,167,"E",NA,NA,0
735,6,168,"E",NA,NA,0
736,6,168,NA,NA,NA,0
737,6,168,NA,NA,NA,0
738,6,168,NA,NA,NA,0
739,6,168,NA,NA,NA,0
740,6,168,"E",NA,NA,0
741,6,169,NA,NA,NA,0
742,6,169,NA,NA,NA,0
743,6,169,NA,NA,NA,0
744,6,169,NA,NA,NA,0
745,6,169,"E",344,NA,0
746,6,169,"E",249,NA,0
747,6,170,NA,NA,NA,0
748,6,170,NA,NA,NA,0
749,6,170,NA,NA,NA,0
750,6,170,NA,NA,NA,0
751,6,170,"E",NA,NA,0
752,6,170,NA,NA,NA,0
753,6,171,NA,NA,NA,0
754,6,171,NA,NA,NA,0
755,6,171,NA,NA,NA,0
756,6,171,NA,NA,NA,0
757,6,171,NA,NA,NA,0
758,6,171,NA,NA,NA,0
759,5,172,"E",NA,NA,0
760,5,172,NA,NA,NA,0
761,5,172,NA,NA,NA,0
762,5,172,NA,NA,NA,0
763,5,172,"E",122,NA,0
764,3,173,"E",350,NA,0
765,3,173,"E",344,NA,0
766,3,173,NA,NA,NA,0
767,3,174,NA,NA,NA,0
768,3,174,NA,NA,NA,0
769,3,174,NA,NA,NA,0
770,6,175,"E",71,NA,0
771,6,175,"E",NA,NA,0
772,6,175,NA,NA,NA,0
773,6,175,NA,NA,NA,0
774,6,175,"E",270,NA,0
775,6,175,NA,NA,NA,0
776,6,176,NA,NA,NA,0
777,6,176,NA,NA,NA,0
778,6,176,"E",152,NA,0
779,6,176,NA,NA,NA,0
780,6,176,NA,NA,NA,0
781,6,176,NA,NA,NA,0
782,6,177,"E",NA,NA,0
783,6,177,NA,NA,NA,0
784,6,177,"E",278,NA,0
785,6,177,NA,NA,NA,0
786,6,177,"E",NA,NA,0
787,6,177,"E",147,NA,0
788,5,178,NA,NA,NA,0
789,5,178,"E",162,NA,0
790,5,178,NA,NA,NA,0
791,5,178,"E",261,NA,0
792,5,178,NA,NA,NA,0
793,3,179,NA,NA,NA,0
794,3,179,"E",NA,NA,0
795,3,179,NA,NA,NA,0
796,5,180,NA,NA,NA,0
797,5,180,"E",177,NA,0
798,5,180,"E",NA,NA,0
799,5,180,NA,NA,NA,0
800,5,180,NA,NA,NA,0
801,3,181,NA,NA,NA,0
802,3,181,NA,NA,NA,0
803,3,181,NA,NA,NA,0
804,6,182,NA,NA,NA,0
805,6,182,NA,NA,NA,0
806,6,182,NA,NA,NA,0
807,6,182,NA,NA,NA,0
808,6,182,"E",NA,NA,0
809,6,182,"E",111,NA,0
810,5,183,NA,NA,NA,0
811,5,183,NA,NA,NA,0
812,5,183,NA,NA,NA,0
813,5,183,NA,NA,NA,0
814,5,183,"E",62,NA,0
815,3,184,NA,NA,NA,0
816,3,184,NA,NA,NA,0
817,3,184,NA,NA,NA,0
818,4,185,NA,NA,NA,0
819,4,185,NA,NA,NA,0
820,4,185,"E",234,NA,0
821,4,185,NA,NA,NA,0
822,6,186,"E",NA,NA,0
823,6,186,NA,NA,NA,0
824,6,186,"E",NA,NA,0
825,6,186,"E",87,NA,0
826,6,186,NA,NA,NA,0
827,6,186,NA,NA,NA,0
828,4,187,NA,NA,NA,0
829,4,187,"E",299,NA,0
830,4,187,NA,NA,NA,0
831,4,187,NA,NA,NA,0
832,4,188,NA,NA,NA,0
833,4,188,"E",NA,NA,0
834,4,188,NA,NA,NA,0
835,4,188,NA,NA,NA,0
836,3,189,NA,NA,NA,0
837,3,189,NA,NA,NA,0
838,3,189,NA,NA,NA,0
839,5,190,"E",301,NA,0
840,5,190,NA,NA,NA,0
841,5,190,"E",NA,NA,0
842,5,190,"E",NA,NA,0
843,5,190,"E",208,NA,0
844,4,191,NA,NA,NA,0
845,4,191,"E",297,NA,0
846,4,191,NA,NA,NA,0
847,4,191,NA,NA,NA,0
848,5,192,"E",311,NA,0
849,5,192,NA,NA,NA,0
850,5,192,NA,NA,NA,0
851,5,192,NA,NA,NA,0
852,5,192,NA,NA,NA,0
853,6,193,NA,NA,NA,0
854,6,193,NA,NA,NA,0
855,6,193,NA,NA,NA,0
856,6,193,NA,NA,NA,0
857,6,193,NA,NA,NA,0
858,6,193,NA,NA,NA,0
859,5,194,"E",260,NA,0
860,5,194,NA,NA,NA,0
861,5,194,NA,NA,NA,0
862,5,194,"E",NA,NA,0
863,5,194,NA,NA,NA,0
864,5,195,NA,NA,NA,0
865,5,195,NA,NA,NA,0
866,5,195,NA,NA,NA,0
867,5,195,"E",213,NA,0
868,5,195,"E",NA,NA,0
869,3,196,NA,NA,NA,0
870,3,196,NA,NA,NA,0
871,3,196,NA,NA,NA,0
872,6,197,NA,NA,NA,0
873,6,197,NA,NA,NA,0
874,6,197,"E",262,NA,0
875,6,197,NA,NA,NA,0
876,6,197,"E",NA,NA,0
877,6,197,"E",NA,NA,0
878,6,198,NA,NA,NA,0
879,6,198,"E",NA,NA,0
880,6,198,NA,NA,NA,0
881,6,198,NA,NA,NA,0
882,6,198,"E",NA,NA,0
883,6,198,"E",NA,NA,0
884,6,199,"E",279,NA,0
885,6,199,NA,NA,NA,0
886,6,199,NA,NA,NA,0
887,6,199,"E",NA,NA,0
888,6,199,NA,NA,NA,0
889,6,199,"E",NA,NA,0
890,3,200,NA,NA,NA,0
891,3,200,"E",NA,NA,0
892,3,200,NA,NA,NA,0
893,5,201,NA,NA,NA,0
894,5,201,"E",NA,NA,0
895,5,201,NA,NA,NA,0
896,5,201,NA,NA,NA,0
897,5,201,"E",277,NA,0
898,5,202,"E",221,NA,0
899,5,202,"E",NA,NA,0
900,5,202,"E",NA,NA,0
901,5,202,"E",253,NA,0
902,5,202,"E",52,NA,0
903,6,203,NA,NA,NA,0
904,6,203,NA,NA,NA,0
905,6,203,"E",NA,NA,0
906,6,203,NA,NA,NA,0
907,6,203,NA,NA,NA,0
908,6,203,NA,NA,NA,0
909,6,204,NA,NA,NA,0
910,6,204,NA,NA,NA,0
911,6,204,"E",319,NA,0
912,6,204,NA,NA,NA,0
913,6,204,NA,NA,NA,0
914,6,204,"E",NA,NA,0
915,6,205,NA,NA,NA,0
916,6,205,"E",NA,NA,0
917,6,205,NA,NA,NA,0
918,6,205,"E",113,NA,0
919,6,205,"E",170,NA,0
920,6,205,NA,NA,NA,0
921,5,206,NA,NA,NA,0
922,5,206,"E",NA,NA,0
923,5,206,NA,NA,NA,0
924,5,206,NA,NA,NA,0
925,5,206,NA,NA,NA,0
926,4,207,NA,NA,NA,0
927,4,207,NA,NA,NA,0
928,4,207,NA,NA,NA,0
929,4,207,NA,NA,NA,0
930,3,208,NA,NA,NA,0
931,3,208,NA,NA,NA,0
932,3,208,"E",300,NA,0
933,3,209,NA,NA,NA,0
934,3,209,"E",73,NA,0
935,3,209,"E",NA,NA,0
936,4,210,NA,NA,NA,0
937,4,210,NA,NA,NA,0
938,4,210,NA,NA,NA,0
939,4,210,"E",102,NA,0
940,5,211,NA,NA,NA,0
941,5,211,"E",219,NA,0
942,5,211,NA,NA,NA,0
943,5,211,"E",91,NA,0
944,5,211,"E",NA,NA,0
945,5,212,NA,NA,NA,0
946,5,212,NA,NA,NA,0
947,5,212,"E",24,NA,0
948,5,212,NA,NA,NA,0
949,5,212,NA,NA,NA,0
950,3,213,NA,NA,NA,0
951,3,213,"E",NA,NA,0
952,3,213,"E",NA,NA,0
953,5,214,"E",NA,NA,0
954,5,214,"E",119,NA,0
955,5,214,"E",NA,NA,0
956,5,214,"E",NA,NA,0
957,5,214,"E",124,NA,0
958,4,215,"E",NA,NA,0
959,4,215,NA,NA,NA,0
960,4,215,NA,NA,NA,0
961,4,215,NA,NA,NA,0
962,5,216,NA,NA,NA,0
963,5,216,"E",NA,NA,0
964,5,216,NA,NA,NA,0
965,5,216,"E",NA,NA,0
966,5,216,NA,NA,NA,0
967,6,217,NA,NA,NA,0
968,6,217,NA,NA,NA,0
969,6,217,NA,NA,NA,0
970,6,217,"E",313,NA,0
971,6,217,NA,NA,NA,0
972,6,217,NA,NA,NA,0
973,5,218,NA,NA,NA,0
974,5,218,NA,NA,NA,0
975,5,218,NA,NA,NA,0
976,5,218,NA,NA,NA,0
977,5,218,"E",NA,NA,0
978,6,219,NA,NA,NA,0
979,6,219,NA,NA,NA,0
980,6,219,NA,NA,NA,0
981,6,219,NA,NA,NA,0
982,6,219,NA,NA,NA,0
983,6,219,NA,NA,NA,0
984,5,220,NA,NA,NA,0
985,5,220,"E",63,NA,0
986,5,220,NA,NA,NA,0
987,5,220,NA,NA,NA,0
988,5,220,NA,NA,NA,0
989,6,221,"E",NA,NA,0
990,6,221,NA,NA,NA,0
991,6,221,NA,NA,NA,0
992,6,221,NA,NA,NA,0
993,6,221,NA,NA,NA,0
994,6,221,NA,NA,NA,0
995,6,222,NA,NA,NA,0
996,6,222,"E",NA,NA,0
997,6,222,NA,NA,NA,0
998,6,222,NA,NA,NA,0
999,6,222,"E",NA,NA,0
1000,6,222,NA,NA,NA,0
