"ID","SIZE","HH","TYPE","TIME","S_NUM","I_NUM"
1,6,1,NA,NA,NA,0
2,6,1,NA,NA,NA,0
3,6,1,"E",NA,NA,0
4,6,1,"E",110,NA,0
5,6,1,NA,NA,NA,0
6,6,1,NA,NA,NA,0
7,5,2,NA,NA,NA,0
8,5,2,NA,NA,NA,0
9,5,2,NA,NA,NA,0
10,5,2,"E",NA,NA,0
11,5,2,NA,NA,NA,0
12,4,3,NA,NA,NA,0
13,4,3,NA,NA,NA,0
14,4,3,"E",204,NA,0
15,4,3,NA,NA,NA,0
16,3,4,NA,NA,NA,0
17,3,4,NA,NA,NA,0
18,3,4,NA,NA,NA,0
19,6,5,NA,NA,NA,0
20,6,5,NA,NA,NA,0
21,6,5,NA,NA,NA,0
22,6,5,NA,NA,NA,0
23,6,5,NA,NA,NA,0
24,6,5,NA,NA,NA,0
25,5,6,NA,NA,NA,0
26,5,6,"E",NA,NA,0
27,5,6,"E",NA,NA,0
28,5,6,"E",260,NA,0
29,5,6,NA,NA,NA,0
30,6,7,NA,NA,NA,0
31,6,7,"E",NA,NA,0
32,6,7,NA,NA,NA,0
33,6,7,NA,NA,NA,0
34,6,7,NA,NA,NA,0
35,6,7,"E",NA,NA,0
36,3,8,NA,NA,NA,0
37,3,8,NA,NA,NA,0
38,3,8,NA,NA,NA,0
39,4,9,"E",NA,NA,0
40,4,9,NA,NA,NA,0
41,4,9,NA,NA,NA,0
42,4,9,NA,NA,NA,0
43,3,10,NA,NA,NA,0
44,3,10,NA,NA,NA,0
45,3,10,NA,NA,NA,0
46,6,11,NA,NA,NA,0
47,6,11,"E",83,NA,0
48,6,11,NA,NA,NA,0
49,6,11,NA,NA,NA,0
50,6,11,"E",251,NA,0
51,6,11,"E",NA,NA,0
52,3,12,"E",NA,NA,0
53,3,12,NA,NA,NA,0
54,3,12,NA,NA,NA,0
55,6,13,"E",72,NA,0
56,6,13,"E",NA,NA,0
57,6,13,NA,NA,NA,0
58,6,13,NA,NA,NA,0
59,6,13,"E",NA,NA,0
60,6,13,"E",NA,NA,0
61,5,14,"E",NA,NA,0
62,5,14,NA,NA,NA,0
63,5,14,"E",NA,NA,0
64,5,14,NA,NA,NA,0
65,5,14,"E",303,NA,0
66,4,15,"E",196,NA,0
67,4,15,"E",NA,NA,0
68,4,15,"E",284,NA,0
69,4,15,NA,NA,NA,0
70,3,16,"E",NA,NA,0
71,3,16,"E",NA,NA,0
72,3,16,NA,NA,NA,0
73,5,17,"E",NA,NA,0
74,5,17,NA,NA,NA,0
75,5,17,NA,NA,NA,0
76,5,17,"E",353,NA,0
77,5,17,"E",284,NA,0
78,4,18,NA,NA,NA,0
79,4,18,"E",NA,NA,0
80,4,18,NA,NA,NA,0
81,4,18,NA,NA,NA,0
82,6,19,NA,NA,NA,0
83,6,19,"E",NA,NA,0
84,6,19,NA,NA,NA,0
85,6,19,"E",NA,NA,0
86,6,19,"E",NA,NA,0
87,6,19,NA,NA,NA,0
88,3,20,"E",318,NA,0
89,3,20,"E",94,NA,0
90,3,20,"E",NA,NA,0
91,5,21,NA,NA,NA,0
92,5,21,NA,NA,NA,0
93,5,21,NA,NA,NA,0
94,5,21,NA,NA,NA,0
95,5,21,NA,NA,NA,0
96,6,22,NA,NA,NA,0
97,6,22,NA,NA,NA,0
98,6,22,NA,NA,NA,0
99,6,22,NA,NA,NA,0
100,6,22,NA,NA,NA,0
101,6,22,NA,NA,NA,0
102,4,23,"E",194,NA,0
103,4,23,"E",279,NA,0
104,4,23,NA,NA,NA,0
105,4,23,"E",163,NA,0
106,4,24,"E",327,NA,0
107,4,24,NA,NA,NA,0
108,4,24,"E",42,NA,0
109,4,24,NA,NA,NA,0
110,6,25,NA,NA,NA,0
111,6,25,NA,NA,NA,0
112,6,25,NA,NA,NA,0
113,6,25,NA,NA,NA,0
114,6,25,"E",311,NA,0
115,6,25,NA,NA,NA,0
116,5,26,"E",NA,NA,0
117,5,26,"E",135,NA,0
118,5,26,NA,NA,NA,0
119,5,26,NA,NA,NA,0
120,5,26,NA,NA,NA,0
121,6,27,NA,NA,NA,0
122,6,27,NA,NA,NA,0
123,6,27,NA,NA,NA,0
124,6,27,NA,NA,NA,0
125,6,27,NA,NA,NA,0
126,6,27,"E",NA,NA,0
127,4,28,NA,NA,NA,0
128,4,28,NA,NA,NA,0
129,4,28,"E",126,NA,0
130,4,28,"E",307,NA,0
131,6,29,NA,NA,NA,0
132,6,29,NA,NA,NA,0
133,6,29,"E",NA,NA,0
134,6,29,NA,NA,NA,0
135,6,29,"E",NA,NA,0
136,6,29,NA,NA,NA,0
137,4,30,"E",NA,NA,0
138,4,30,NA,NA,NA,0
139,4,30,NA,NA,NA,0
140,4,30,"E",NA,NA,0
141,4,31,NA,NA,NA,0
142,4,31,"E",NA,NA,0
143,4,31,"E",NA,NA,0
144,4,31,NA,NA,NA,0
145,6,32,NA,NA,NA,0
146,6,32,NA,NA,NA,0
147,6,32,NA,NA,NA,0
148,6,32,NA,NA,NA,0
149,6,32,NA,NA,NA,0
150,6,32,NA,NA,NA,0
151,4,33,NA,NA,NA,0
152,4,33,NA,NA,NA,0
153,4,33,NA,NA,NA,0
154,4,33,NA,NA,NA,0
155,5,34,"E",NA,NA,0
156,5,34,NA,NA,NA,0
157,5,34,NA,NA,NA,0
158,5,34,NA,NA,NA,0
159,5,34,"E",NA,NA,0
160,5,35,"E",251,NA,0
161,5,35,"E",NA,NA,0
162,5,35,NA,NA,NA,0
163,5,35,NA,NA,NA,0
164,5,35,"E",NA,NA,0
165,3,36,NA,NA,NA,0
166,3,36,NA,NA,NA,0
167,3,36,NA,NA,NA,0
168,3,37,"E",NA,NA,0
169,3,37,NA,NA,NA,0
170,3,37,NA,NA,NA,0
171,3,38,NA,NA,NA,0
172,3,38,"E",NA,NA,0
173,3,38,NA,NA,NA,0
174,3,39,"E",NA,NA,0
175,3,39,NA,NA,NA,0
176,3,39,NA,NA,NA,0
177,3,40,"E",247,NA,0
178,3,40,NA,NA,NA,0
179,3,40,NA,NA,NA,0
180,5,41,NA,NA,NA,0
181,5,41,NA,NA,NA,0
182,5,41,NA,NA,NA,0
183,5,41,NA,NA,NA,0
184,5,41,NA,NA,NA,0
185,6,42,NA,NA,NA,0
186,6,42,NA,NA,NA,0
187,6,42,"E",133,NA,0
188,6,42,NA,NA,NA,0
189,6,42,NA,NA,NA,0
190,6,42,"E",NA,NA,0
191,3,43,NA,NA,NA,0
192,3,43,NA,NA,NA,0
193,3,43,NA,NA,NA,0
194,5,44,NA,NA,NA,0
195,5,44,"E",NA,NA,0
196,5,44,"E",56,NA,0
197,5,44,NA,NA,NA,0
198,5,44,"E",345,NA,0
199,4,45,"E",NA,NA,0
200,4,45,NA,NA,NA,0
201,4,45,NA,NA,NA,0
202,4,45,NA,NA,NA,0
203,5,46,"E",NA,NA,0
204,5,46,NA,NA,NA,0
205,5,46,NA,NA,NA,0
206,5,46,NA,NA,NA,0
207,5,46,NA,NA,NA,0
208,4,47,NA,NA,NA,0
209,4,47,NA,NA,NA,0
210,4,47,NA,NA,NA,0
211,4,47,NA,NA,NA,0
212,4,48,"E",366,NA,0
213,4,48,NA,NA,NA,0
214,4,48,"E",224,NA,0
215,4,48,NA,NA,NA,0
216,5,49,NA,NA,NA,0
217,5,49,NA,NA,NA,0
218,5,49,NA,NA,NA,0
219,5,49,NA,NA,NA,0
220,5,49,NA,NA,NA,0
221,6,50,NA,NA,NA,0
222,6,50,NA,NA,NA,0
223,6,50,"E",NA,NA,0
224,6,50,"E",NA,NA,0
225,6,50,"E",340,NA,0
226,6,50,NA,NA,NA,0
227,5,51,"E",NA,NA,0
228,5,51,NA,NA,NA,0
229,5,51,NA,NA,NA,0
230,5,51,NA,NA,NA,0
231,5,51,"E",NA,NA,0
232,6,52,NA,NA,NA,0
233,6,52,NA,NA,NA,0
234,6,52,NA,NA,NA,0
235,6,52,NA,NA,NA,0
236,6,52,NA,NA,NA,0
237,6,52,NA,NA,NA,0
238,3,53,NA,NA,NA,0
239,3,53,"E",NA,NA,0
240,3,53,NA,NA,NA,0
241,4,54,NA,NA,NA,0
242,4,54,NA,NA,NA,0
243,4,54,NA,NA,NA,0
244,4,54,NA,NA,NA,0
245,6,55,"E",NA,NA,0
246,6,55,NA,NA,NA,0
247,6,55,NA,NA,NA,0
248,6,55,"E",163,NA,0
249,6,55,"E",NA,NA,0
250,6,55,"E",275,NA,0
251,3,56,"E",NA,NA,0
252,3,56,NA,NA,NA,0
253,3,56,"E",NA,NA,0
254,6,57,NA,NA,NA,0
255,6,57,NA,NA,NA,0
256,6,57,NA,NA,NA,0
257,6,57,"E",NA,NA,0
258,6,57,"E",NA,NA,0
259,6,57,NA,NA,NA,0
260,5,58,NA,NA,NA,0
261,5,58,NA,NA,NA,0
262,5,58,NA,NA,NA,0
263,5,58,NA,NA,NA,0
264,5,58,NA,NA,NA,0
265,5,59,NA,NA,NA,0
266,5,59,"E",158,NA,0
267,5,59,NA,NA,NA,0
268,5,59,NA,NA,NA,0
269,5,59,NA,NA,NA,0
270,6,60,"E",NA,NA,0
271,6,60,NA,NA,NA,0
272,6,60,NA,NA,NA,0
273,6,60,NA,NA,NA,0
274,6,60,NA,NA,NA,0
275,6,60,NA,NA,NA,0
276,5,61,NA,NA,NA,0
277,5,61,"E",NA,NA,0
278,5,61,NA,NA,NA,0
279,5,61,NA,NA,NA,0
280,5,61,NA,NA,NA,0
281,5,62,NA,NA,NA,0
282,5,62,NA,NA,NA,0
283,5,62,NA,NA,NA,0
284,5,62,NA,NA,NA,0
285,5,62,"E",102,NA,0
286,4,63,"E",NA,NA,0
287,4,63,NA,NA,NA,0
288,4,63,NA,NA,NA,0
289,4,63,NA,NA,NA,0
290,6,64,"E",NA,NA,0
291,6,64,NA,NA,NA,0
292,6,64,NA,NA,NA,0
293,6,64,"E",299,NA,0
294,6,64,NA,NA,NA,0
295,6,64,"E",356,NA,0
296,5,65,"E",NA,NA,0
297,5,65,NA,NA,NA,0
298,5,65,"E",NA,NA,0
299,5,65,NA,NA,NA,0
300,5,65,NA,NA,NA,0
301,5,66,NA,NA,NA,0
302,5,66,"E",NA,NA,0
303,5,66,NA,NA,NA,0
304,5,66,"E",NA,NA,0
305,5,66,NA,NA,NA,0
306,4,67,NA,NA,NA,0
307,4,67,NA,NA,NA,0
308,4,67,NA,NA,NA,0
309,4,67,NA,NA,NA,0
310,6,68,NA,NA,NA,0
311,6,68,NA,NA,NA,0
312,6,68,NA,NA,NA,0
313,6,68,NA,NA,NA,0
314,6,68,"E",NA,NA,0
315,6,68,"E",NA,NA,0
316,4,69,NA,NA,NA,0
317,4,69,NA,NA,NA,0
318,4,69,"E",NA,NA,0
319,4,69,"E",NA,NA,0
320,3,70,NA,NA,NA,0
321,3,70,"E",192,NA,0
322,3,70,NA,NA,NA,0
323,4,71,"E",NA,NA,0
324,4,71,"E",NA,NA,0
325,4,71,NA,NA,NA,0
326,4,71,"E",NA,NA,0
327,3,72,NA,NA,NA,0
328,3,72,NA,NA,NA,0
329,3,72,"E",NA,NA,0
330,4,73,NA,NA,NA,0
331,4,73,NA,NA,NA,0
332,4,73,"E",NA,NA,0
333,4,73,NA,NA,NA,0
334,6,74,NA,NA,NA,0
335,6,74,NA,NA,NA,0
336,6,74,"E",NA,NA,0
337,6,74,"E",NA,NA,0
338,6,74,NA,NA,NA,0
339,6,74,NA,NA,NA,0
340,4,75,"E",125,NA,0
341,4,75,NA,NA,NA,0
342,4,75,NA,NA,NA,0
343,4,75,NA,NA,NA,0
344,4,76,NA,NA,NA,0
345,4,76,NA,NA,NA,0
346,4,76,NA,NA,NA,0
347,4,76,"E",149,NA,0
348,4,77,NA,NA,NA,0
349,4,77,"E",NA,NA,0
350,4,77,"E",97,NA,0
351,4,77,"E",NA,NA,0
352,5,78,NA,NA,NA,0
353,5,78,"E",NA,NA,0
354,5,78,NA,NA,NA,0
355,5,78,NA,NA,NA,0
356,5,78,NA,NA,NA,0
357,3,79,"E",NA,NA,0
358,3,79,NA,NA,NA,0
359,3,79,NA,NA,NA,0
360,6,80,NA,NA,NA,0
361,6,80,NA,NA,NA,0
362,6,80,"E",NA,NA,0
363,6,80,NA,NA,NA,0
364,6,80,"E",NA,NA,0
365,6,80,NA,NA,NA,0
366,3,81,"E",259,NA,0
367,3,81,NA,NA,NA,0
368,3,81,NA,NA,NA,0
369,6,82,"E",NA,NA,0
370,6,82,"E",93,NA,0
371,6,82,NA,NA,NA,0
372,6,82,"E",NA,NA,0
373,6,82,"E",NA,NA,0
374,6,82,NA,NA,NA,0
375,4,83,NA,NA,NA,0
376,4,83,NA,NA,NA,0
377,4,83,NA,NA,NA,0
378,4,83,NA,NA,NA,0
379,5,84,NA,NA,NA,0
380,5,84,NA,NA,NA,0
381,5,84,NA,NA,NA,0
382,5,84,NA,NA,NA,0
383,5,84,NA,NA,NA,0
384,3,85,NA,NA,NA,0
385,3,85,"E",NA,NA,0
386,3,85,NA,NA,NA,0
387,5,86,NA,NA,NA,0
388,5,86,NA,NA,NA,0
389,5,86,NA,NA,NA,0
390,5,86,NA,NA,NA,0
391,5,86,"E",273,NA,0
392,4,87,"E",154,NA,0
393,4,87,"E",NA,NA,0
394,4,87,NA,NA,NA,0
395,4,87,NA,NA,NA,0
396,5,88,"E",227,NA,0
397,5,88,"E",NA,NA,0
398,5,88,NA,NA,NA,0
399,5,88,NA,NA,NA,0
400,5,88,"E",156,NA,0
401,3,89,NA,NA,NA,0
402,3,89,NA,NA,NA,0
403,3,89,NA,NA,NA,0
404,6,90,NA,NA,NA,0
405,6,90,"E",NA,NA,0
406,6,90,NA,NA,NA,0
407,6,90,NA,NA,NA,0
408,6,90,NA,NA,NA,0
409,6,90,"E",NA,NA,0
410,6,91,NA,NA,NA,0
411,6,91,"E",164,NA,0
412,6,91,"E",142,NA,0
413,6,91,"E",NA,NA,0
414,6,91,NA,NA,NA,0
415,6,91,NA,NA,NA,0
416,6,92,NA,NA,NA,0
417,6,92,NA,NA,NA,0
418,6,92,NA,NA,NA,0
419,6,92,NA,NA,NA,0
420,6,92,NA,NA,NA,0
421,6,92,NA,NA,NA,0
422,4,93,NA,NA,NA,0
423,4,93,NA,NA,NA,0
424,4,93,NA,NA,NA,0
425,4,93,NA,NA,NA,0
426,4,94,NA,NA,NA,0
427,4,94,"E",290,NA,0
428,4,94,"E",56,NA,0
429,4,94,NA,NA,NA,0
430,3,95,"E",NA,NA,0
431,3,95,NA,NA,NA,0
432,3,95,"E",314,NA,0
433,5,96,NA,NA,NA,0
434,5,96,NA,NA,NA,0
435,5,96,NA,NA,NA,0
436,5,96,NA,NA,NA,0
437,5,96,NA,NA,NA,0
438,6,97,"E",154,NA,0
439,6,97,NA,NA,NA,0
440,6,97,"E",331,NA,0
441,6,97,NA,NA,NA,0
442,6,97,"E",53,NA,0
443,6,97,NA,NA,NA,0
444,4,98,"E",357,NA,0
445,4,98,"E",NA,NA,0
446,4,98,NA,NA,NA,0
447,4,98,NA,NA,NA,0
448,4,99,NA,NA,NA,0
449,4,99,NA,NA,NA,0
450,4,99,"E",344,NA,0
451,4,99,NA,NA,NA,0
452,3,100,NA,NA,NA,0
453,3,100,NA,NA,NA,0
454,3,100,NA,NA,NA,0
455,5,101,"E",329,NA,0
456,5,101,"E",NA,NA,0
457,5,101,NA,NA,NA,0
458,5,101,NA,NA,NA,0
459,5,101,NA,NA,NA,0
460,6,102,NA,NA,NA,0
461,6,102,NA,NA,NA,0
462,6,102,NA,NA,NA,0
463,6,102,NA,NA,NA,0
464,6,102,NA,NA,NA,0
465,6,102,NA,NA,NA,0
466,5,103,"E",NA,NA,0
467,5,103,NA,NA,NA,0
468,5,103,"E",NA,NA,0
469,5,103,NA,NA,NA,0
470,5,103,NA,NA,NA,0
471,4,104,NA,NA,NA,0
472,4,104,"E",NA,NA,0
473,4,104,"E",100,NA,0
474,4,104,NA,NA,NA,0
475,4,105,NA,NA,NA,0
476,4,105,NA,NA,NA,0
477,4,105,"E",NA,NA,0
478,4,105,NA,NA,NA,0
479,5,106,NA,NA,NA,0
480,5,106,NA,NA,NA,0
481,5,106,NA,NA,NA,0
482,5,106,"E",NA,NA,0
483,5,106,NA,NA,NA,0
484,4,107,NA,NA,NA,0
485,4,107,"E",177,NA,0
486,4,107,"E",NA,NA,0
487,4,107,NA,NA,NA,0
488,3,108,NA,NA,NA,0
489,3,108,"E",222,NA,0
490,3,108,NA,NA,NA,0
491,5,109,"E",NA,NA,0
492,5,109,"E",NA,NA,0
493,5,109,"E",332,NA,0
494,5,109,NA,NA,NA,0
495,5,109,NA,NA,NA,0
496,3,110,NA,NA,NA,0
497,3,110,NA,NA,NA,0
498,3,110,"E",NA,NA,0
499,4,111,NA,NA,NA,0
500,4,111,"E",54,NA,0
501,4,111,NA,NA,NA,0
502,4,111,NA,NA,NA,0
503,5,112,NA,NA,NA,0
504,5,112,"E",364,NA,0
505,5,112,"E",220,NA,0
506,5,112,NA,NA,NA,0
507,5,112,NA,NA,NA,0
508,6,113,NA,NA,NA,0
509,6,113,"E",173,NA,0
510,6,113,"E",NA,NA,0
511,6,113,"E",38,NA,0
512,6,113,NA,NA,NA,0
513,6,113,NA,NA,NA,0
514,6,114,NA,NA,NA,0
515,6,114,NA,NA,NA,0
516,6,114,NA,NA,NA,0
517,6,114,NA,NA,NA,0
518,6,114,NA,NA,NA,0
519,6,114,"E",NA,NA,0
520,3,115,NA,NA,NA,0
521,3,115,NA,NA,NA,0
522,3,115,NA,NA,NA,0
523,3,116,"E",123,NA,0
524,3,116,NA,NA,NA,0
525,3,116,NA,NA,NA,0
526,6,117,NA,NA,NA,0
527,6,117,NA,NA,NA,0
528,6,117,NA,NA,NA,0
529,6,117,NA,NA,NA,0
530,6,117,NA,NA,NA,0
531,6,117,"E",219,NA,0
532,3,118,NA,NA,NA,0
533,3,118,"E",241,NA,0
534,3,118,"E",300,NA,0
535,3,119,NA,NA,NA,0
536,3,119,"E",309,NA,0
537,3,119,NA,NA,NA,0
538,3,120,NA,NA,NA,0
539,3,120,"E",NA,NA,0
540,3,120,NA,NA,NA,0
541,6,121,"E",109,NA,0
542,6,121,NA,NA,NA,0
543,6,121,NA,NA,NA,0
544,6,121,NA,NA,NA,0
545,6,121,NA,NA,NA,0
546,6,121,NA,NA,NA,0
547,6,122,NA,NA,NA,0
548,6,122,NA,NA,NA,0
549,6,122,NA,NA,NA,0
550,6,122,"E",NA,NA,0
551,6,122,"E",163,NA,0
552,6,122,NA,NA,NA,0
553,4,123,NA,NA,NA,0
554,4,123,NA,NA,NA,0
555,4,123,NA,NA,NA,0
556,4,123,NA,NA,NA,0
557,5,124,"E",NA,NA,0
558,5,124,"E",NA,NA,0
559,5,124,NA,NA,NA,0
560,5,124,NA,NA,NA,0
561,5,124,NA,NA,NA,0
562,4,125,"E",NA,NA,0
563,4,125,NA,NA,NA,0
564,4,125,NA,NA,NA,0
565,4,125,NA,NA,NA,0
566,5,126,NA,NA,NA,0
567,5,126,NA,NA,NA,0
568,5,126,NA,NA,NA,0
569,5,126,"E",310,NA,0
570,5,126,NA,NA,NA,0
571,6,127,"E",NA,NA,0
572,6,127,"E",NA,NA,0
573,6,127,NA,NA,NA,0
574,6,127,NA,NA,NA,0
575,6,127,NA,NA,NA,0
576,6,127,NA,NA,NA,0
577,6,128,"E",NA,NA,0
578,6,128,NA,NA,NA,0
579,6,128,"E",NA,NA,0
580,6,128,NA,NA,NA,0
581,6,128,NA,NA,NA,0
582,6,128,NA,NA,NA,0
583,4,129,"E",NA,NA,0
584,4,129,NA,NA,NA,0
585,4,129,"E",NA,NA,0
586,4,129,NA,NA,NA,0
587,5,130,NA,NA,NA,0
588,5,130,NA,NA,NA,0
589,5,130,"E",NA,NA,0
590,5,130,NA,NA,NA,0
591,5,130,"E",292,NA,0
592,6,131,NA,NA,NA,0
593,6,131,NA,NA,NA,0
594,6,131,NA,NA,NA,0
595,6,131,"E",NA,NA,0
596,6,131,NA,NA,NA,0
597,6,131,"E",47,NA,0
598,6,132,"E",322,NA,0
599,6,132,"E",NA,NA,0
600,6,132,NA,NA,NA,0
601,6,132,NA,NA,NA,0
602,6,132,NA,NA,NA,0
603,6,132,NA,NA,NA,0
604,4,133,"E",NA,NA,0
605,4,133,NA,NA,NA,0
606,4,133,"E",NA,NA,0
607,4,133,NA,NA,NA,0
608,4,134,NA,NA,NA,0
609,4,134,NA,NA,NA,0
610,4,134,NA,NA,NA,0
611,4,134,"E",NA,NA,0
612,6,135,NA,NA,NA,0
613,6,135,NA,NA,NA,0
614,6,135,NA,NA,NA,0
615,6,135,"E",NA,NA,0
616,6,135,NA,NA,NA,0
617,6,135,NA,NA,NA,0
618,5,136,"E",NA,NA,0
619,5,136,"E",NA,NA,0
620,5,136,NA,NA,NA,0
621,5,136,NA,NA,NA,0
622,5,136,NA,NA,NA,0
623,6,137,NA,NA,NA,0
624,6,137,NA,NA,NA,0
625,6,137,NA,NA,NA,0
626,6,137,NA,NA,NA,0
627,6,137,NA,NA,NA,0
628,6,137,NA,NA,NA,0
629,6,138,NA,NA,NA,0
630,6,138,NA,NA,NA,0
631,6,138,NA,NA,NA,0
632,6,138,NA,NA,NA,0
633,6,138,"E",NA,NA,0
634,6,138,NA,NA,NA,0
635,3,139,NA,NA,NA,0
636,3,139,"E",NA,NA,0
637,3,139,NA,NA,NA,0
638,6,140,NA,NA,NA,0
639,6,140,"E",NA,NA,0
640,6,140,"E",NA,NA,0
641,6,140,NA,NA,NA,0
642,6,140,NA,NA,NA,0
643,6,140,"E",NA,NA,0
644,3,141,NA,NA,NA,0
645,3,141,"E",169,NA,0
646,3,141,NA,NA,NA,0
647,4,142,"E",144,NA,0
648,4,142,NA,NA,NA,0
649,4,142,"E",NA,NA,0
650,4,142,NA,NA,NA,0
651,5,143,"E",310,NA,0
652,5,143,"E",364,NA,0
653,5,143,NA,NA,NA,0
654,5,143,NA,NA,NA,0
655,5,143,NA,NA,NA,0
656,3,144,"E",121,NA,0
657,3,144,NA,NA,NA,0
658,3,144,NA,NA,NA,0
659,5,145,"E",NA,NA,0
660,5,145,"E",NA,NA,0
661,5,145,NA,NA,NA,0
662,5,145,"E",NA,NA,0
663,5,145,NA,NA,NA,0
664,4,146,"E",214,NA,0
665,4,146,NA,NA,NA,0
666,4,146,NA,NA,NA,0
667,4,146,"E",NA,NA,0
668,6,147,"E",75,NA,0
669,6,147,NA,NA,NA,0
670,6,147,"E",NA,NA,0
671,6,147,NA,NA,NA,0
672,6,147,"E",55,NA,0
673,6,147,NA,NA,NA,0
674,6,148,NA,NA,NA,0
675,6,148,"E",73,NA,0
676,6,148,NA,NA,NA,0
677,6,148,NA,NA,NA,0
678,6,148,NA,NA,NA,0
679,6,148,NA,NA,NA,0
680,3,149,NA,NA,NA,0
681,3,149,NA,NA,NA,0
682,3,149,NA,NA,NA,0
683,5,150,NA,NA,NA,0
684,5,150,NA,NA,NA,0
685,5,150,NA,NA,NA,0
686,5,150,NA,NA,NA,0
687,5,150,NA,NA,NA,0
688,5,151,"E",71,NA,0
689,5,151,NA,NA,NA,0
690,5,151,"E",74,NA,0
691,5,151,NA,NA,NA,0
692,5,151,"E",NA,NA,0
693,3,152,NA,NA,NA,0
694,3,152,NA,NA,NA,0
695,3,152,NA,NA,NA,0
696,6,153,NA,NA,NA,0
697,6,153,NA,NA,NA,0
698,6,153,"E",NA,NA,0
699,6,153,NA,NA,NA,0
700,6,153,NA,NA,NA,0
701,6,153,NA,NA,NA,0
702,5,154,NA,NA,NA,0
703,5,154,NA,NA,NA,0
704,5,154,NA,NA,NA,0
705,5,154,NA,NA,NA,0
706,5,154,"E",298,NA,0
707,6,155,"E",155,NA,0
708,6,155,"E",168,NA,0
709,6,155,NA,NA,NA,0
710,6,155,NA,NA,NA,0
711,6,155,"E",65,NA,0
712,6,155,NA,NA,NA,0
713,4,156,"E",138,NA,0
714,4,156,NA,NA,NA,0
715,4,156,"E",192,NA,0
716,4,156,"E",NA,NA,0
717,4,157,"E",NA,NA,0
718,4,157,NA,NA,NA,0
719,4,157,NA,NA,NA,0
720,4,157,NA,NA,NA,0
721,4,158,NA,NA,NA,0
722,4,158,"E",NA,NA,0
723,4,158,"E",NA,NA,0
724,4,158,NA,NA,NA,0
725,4,159,"E",NA,NA,0
726,4,159,NA,NA,NA,0
727,4,159,NA,NA,NA,0
728,4,159,NA,NA,NA,0
729,3,160,NA,NA,NA,0
730,3,160,NA,NA,NA,0
731,3,160,NA,NA,NA,0
732,5,161,NA,NA,NA,0
733,5,161,NA,NA,NA,0
734,5,161,NA,NA,NA,0
735,5,161,NA,NA,NA,0
736,5,161,NA,NA,NA,0
737,6,162,NA,NA,NA,0
738,6,162,"E",85,NA,0
739,6,162,NA,NA,NA,0
740,6,162,"E",NA,NA,0
741,6,162,NA,NA,NA,0
742,6,162,"E",350,NA,0
743,5,163,NA,NA,NA,0
744,5,163,NA,NA,NA,0
745,5,163,NA,NA,NA,0
746,5,163,"E",314,NA,0
747,5,163,NA,NA,NA,0
748,4,164,"E",NA,NA,0
749,4,164,"E",175,NA,0
750,4,164,NA,NA,NA,0
751,4,164,NA,NA,NA,0
752,6,165,"E",43,NA,0
753,6,165,"E",149,NA,0
754,6,165,NA,NA,NA,0
755,6,165,"E",NA,NA,0
756,6,165,"E",NA,NA,0
757,6,165,NA,NA,NA,0
758,4,166,NA,NA,NA,0
759,4,166,NA,NA,NA,0
760,4,166,NA,NA,NA,0
761,4,166,NA,NA,NA,0
762,5,167,"E",NA,NA,0
763,5,167,NA,NA,NA,0
764,5,167,NA,NA,NA,0
765,5,167,NA,NA,NA,0
766,5,167,"E",307,NA,0
767,6,168,"E",NA,NA,0
768,6,168,"E",NA,NA,0
769,6,168,"E",NA,NA,0
770,6,168,NA,NA,NA,0
771,6,168,"E",NA,NA,0
772,6,168,"E",328,NA,0
773,5,169,NA,NA,NA,0
774,5,169,NA,NA,NA,0
775,5,169,"E",240,NA,0
776,5,169,NA,NA,NA,0
777,5,169,NA,NA,NA,0
778,4,170,"E",NA,NA,0
779,4,170,"E",308,NA,0
780,4,170,NA,NA,NA,0
781,4,170,NA,NA,NA,0
782,4,171,NA,NA,NA,0
783,4,171,NA,NA,NA,0
784,4,171,NA,NA,NA,0
785,4,171,NA,NA,NA,0
786,4,172,"E",307,NA,0
787,4,172,NA,NA,NA,0
788,4,172,NA,NA,NA,0
789,4,172,NA,NA,NA,0
790,3,173,"E",286,NA,0
791,3,173,"E",84,NA,0
792,3,173,"E",169,NA,0
793,4,174,NA,NA,NA,0
794,4,174,NA,NA,NA,0
795,4,174,NA,NA,NA,0
796,4,174,NA,NA,NA,0
797,3,175,"E",NA,NA,0
798,3,175,NA,NA,NA,0
799,3,175,"E",NA,NA,0
800,3,176,NA,NA,NA,0
801,3,176,"E",333,NA,0
802,3,176,NA,NA,NA,0
803,3,177,"E",335,NA,0
804,3,177,NA,NA,NA,0
805,3,177,NA,NA,NA,0
806,4,178,"E",NA,NA,0
807,4,178,NA,NA,NA,0
808,4,178,NA,NA,NA,0
809,4,178,NA,NA,NA,0
810,3,179,"E",NA,NA,0
811,3,179,NA,NA,NA,0
812,3,179,NA,NA,NA,0
813,6,180,NA,NA,NA,0
814,6,180,"E",162,NA,0
815,6,180,NA,NA,NA,0
816,6,180,"E",172,NA,0
817,6,180,"E",243,NA,0
818,6,180,NA,NA,NA,0
819,3,181,"E",NA,NA,0
820,3,181,NA,NA,NA,0
821,3,181,"E",308,NA,0
822,4,182,NA,NA,NA,0
823,4,182,"E",NA,NA,0
824,4,182,"E",166,NA,0
825,4,182,NA,NA,NA,0
826,3,183,"E",NA,NA,0
827,3,183,NA,NA,NA,0
828,3,183,"E",277,NA,0
829,6,184,"E",NA,NA,0
830,6,184,NA,NA,NA,0
831,6,184,"E",NA,NA,0
832,6,184,NA,NA,NA,0
833,6,184,NA,NA,NA,0
834,6,184,NA,NA,NA,0
835,6,185,NA,NA,NA,0
836,6,185,NA,NA,NA,0
837,6,185,"E",122,NA,0
838,6,185,NA,NA,NA,0
839,6,185,NA,NA,NA,0
840,6,185,NA,NA,NA,0
841,3,186,NA,NA,NA,0
842,3,186,NA,NA,NA,0
843,3,186,NA,NA,NA,0
844,5,187,NA,NA,NA,0
845,5,187,NA,NA,NA,0
846,5,187,NA,NA,NA,0
847,5,187,"E",184,NA,0
848,5,187,NA,NA,NA,0
849,6,188,NA,NA,NA,0
850,6,188,NA,NA,NA,0
851,6,188,NA,NA,NA,0
852,6,188,NA,NA,NA,0
853,6,188,NA,NA,NA,0
854,6,188,"E",318,NA,0
855,6,189,NA,NA,NA,0
856,6,189,NA,NA,NA,0
857,6,189,"E",NA,NA,0
858,6,189,"E",NA,NA,0
859,6,189,NA,NA,NA,0
860,6,189,NA,NA,NA,0
861,6,190,NA,NA,NA,0
862,6,190,NA,NA,NA,0
863,6,190,NA,NA,NA,0
864,6,190,NA,NA,NA,0
865,6,190,NA,NA,NA,0
866,6,190,NA,NA,NA,0
867,5,191,NA,NA,NA,0
868,5,191,NA,NA,NA,0
869,5,191,"E",84,NA,0
870,5,191,"E",NA,NA,0
871,5,191,NA,NA,NA,0
872,5,192,NA,NA,NA,0
873,5,192,"E",NA,NA,0
874,5,192,NA,NA,NA,0
875,5,192,"E",NA,NA,0
876,5,192,NA,NA,NA,0
877,6,193,NA,NA,NA,0
878,6,193,NA,NA,NA,0
879,6,193,NA,NA,NA,0
880,6,193,NA,NA,NA,0
881,6,193,"E",NA,NA,0
882,6,193,NA,NA,NA,0
883,3,194,NA,NA,NA,0
884,3,194,NA,NA,NA,0
885,3,194,NA,NA,NA,0
886,6,195,NA,NA,NA,0
887,6,195,"E",NA,NA,0
888,6,195,NA,NA,NA,0
889,6,195,"E",259,NA,0
890,6,195,NA,NA,NA,0
891,6,195,NA,NA,NA,0
892,3,196,"E",145,NA,0
893,3,196,NA,NA,NA,0
894,3,196,"E",NA,NA,0
895,6,197,"E",112,NA,0
896,6,197,NA,NA,NA,0
897,6,197,NA,NA,NA,0
898,6,197,NA,NA,NA,0
899,6,197,NA,NA,NA,0
900,6,197,NA,NA,NA,0
901,4,198,NA,NA,NA,0
902,4,198,"E",191,NA,0
903,4,198,NA,NA,NA,0
904,4,198,NA,NA,NA,0
905,4,199,NA,NA,NA,0
906,4,199,NA,NA,NA,0
907,4,199,NA,NA,NA,0
908,4,199,NA,NA,NA,0
909,6,200,"E",NA,NA,0
910,6,200,NA,NA,NA,0
911,6,200,NA,NA,NA,0
912,6,200,NA,NA,NA,0
913,6,200,NA,NA,NA,0
914,6,200,"E",325,NA,0
915,4,201,"E",NA,NA,0
916,4,201,NA,NA,NA,0
917,4,201,NA,NA,NA,0
918,4,201,"E",NA,NA,0
919,5,202,NA,NA,NA,0
920,5,202,NA,NA,NA,0
921,5,202,"E",252,NA,0
922,5,202,NA,NA,NA,0
923,5,202,"E",NA,NA,0
924,4,203,"E",NA,NA,0
925,4,203,NA,NA,NA,0
926,4,203,"E",NA,NA,0
927,4,203,NA,NA,NA,0
928,4,204,NA,NA,NA,0
929,4,204,NA,NA,NA,0
930,4,204,"E",NA,NA,0
931,4,204,"E",NA,NA,0
932,4,205,"E",NA,NA,0
933,4,205,"E",NA,NA,0
934,4,205,"E",NA,NA,0
935,4,205,"E",NA,NA,0
936,3,206,"E",NA,NA,0
937,3,206,NA,NA,NA,0
938,3,206,"E",NA,NA,0
939,5,207,NA,NA,NA,0
940,5,207,NA,NA,NA,0
941,5,207,NA,NA,NA,0
942,5,207,NA,NA,NA,0
943,5,207,NA,NA,NA,0
944,3,208,NA,NA,NA,0
945,3,208,NA,NA,NA,0
946,3,208,NA,NA,NA,0
947,4,209,NA,NA,NA,0
948,4,209,NA,NA,NA,0
949,4,209,"E",65,NA,0
950,4,209,"E",251,NA,0
951,6,210,NA,NA,NA,0
952,6,210,"E",NA,NA,0
953,6,210,"E",258,NA,0
954,6,210,NA,NA,NA,0
955,6,210,"E",230,NA,0
956,6,210,NA,NA,NA,0
957,5,211,"E",94,NA,0
958,5,211,"E",NA,NA,0
959,5,211,"E",NA,NA,0
960,5,211,"E",NA,NA,0
961,5,211,"E",154,NA,0
962,4,212,NA,NA,NA,0
963,4,212,"E",NA,NA,0
964,4,212,"E",271,NA,0
965,4,212,NA,NA,NA,0
966,6,213,"E",NA,NA,0
967,6,213,NA,NA,NA,0
968,6,213,NA,NA,NA,0
969,6,213,NA,NA,NA,0
970,6,213,NA,NA,NA,0
971,6,213,NA,NA,NA,0
972,6,214,NA,NA,NA,0
973,6,214,NA,NA,NA,0
974,6,214,NA,NA,NA,0
975,6,214,NA,NA,NA,0
976,6,214,NA,NA,NA,0
977,6,214,NA,NA,NA,0
978,6,215,NA,NA,NA,0
979,6,215,NA,NA,NA,0
980,6,215,NA,NA,NA,0
981,6,215,NA,NA,NA,0
982,6,215,NA,NA,NA,0
983,6,215,NA,NA,NA,0
984,3,216,NA,NA,NA,0
985,3,216,NA,NA,NA,0
986,3,216,NA,NA,NA,0
987,4,217,NA,NA,NA,0
988,4,217,"E",NA,NA,0
989,4,217,NA,NA,NA,0
990,4,217,NA,NA,NA,0
991,4,218,"E",320,NA,0
992,4,218,NA,NA,NA,0
993,4,218,NA,NA,NA,0
994,4,218,NA,NA,NA,0
995,6,219,NA,NA,NA,0
996,6,219,NA,NA,NA,0
997,6,219,"E",NA,NA,0
998,6,219,NA,NA,NA,0
999,6,219,"E",34,NA,0
1000,6,219,NA,NA,NA,0
