"ID","SIZE","HH","TYPE","TIME","S_NUM","I_NUM"
1,3,1,"0",20,2,0
2,3,1,NA,NA,NA,0
3,3,1,NA,NA,NA,0
4,4,2,NA,NA,NA,0
5,4,2,"C",64,3,1
6,4,2,"H",95,2,0
7,4,2,NA,NA,NA,0
8,5,3,"H",224,1,1
9,5,3,"C",206,4,3
10,5,3,"H",234,0,0
11,5,3,"H",228,0,0
12,5,3,"H",233,0,0
13,5,4,NA,NA,NA,0
14,5,4,NA,NA,NA,0
15,5,4,NA,NA,NA,0
16,5,4,NA,NA,NA,0
17,5,4,NA,NA,NA,0
18,3,5,NA,NA,NA,0
19,3,5,NA,NA,NA,0
20,3,5,NA,NA,NA,0
21,4,6,NA,NA,NA,0
22,4,6,NA,NA,NA,0
23,4,6,NA,NA,NA,0
24,4,6,NA,NA,NA,0
25,6,7,NA,NA,NA,0
26,6,7,NA,NA,NA,0
27,6,7,NA,NA,NA,0
28,6,7,NA,NA,NA,0
29,6,7,NA,NA,NA,0
30,6,7,NA,NA,NA,0
31,6,8,NA,NA,NA,0
32,6,8,NA,NA,NA,0
33,6,8,NA,NA,NA,0
34,6,8,NA,NA,NA,0
35,6,8,NA,NA,NA,0
36,6,8,NA,NA,NA,0
37,4,9,NA,NA,NA,0
38,4,9,NA,NA,NA,0
39,4,9,NA,NA,NA,0
40,4,9,NA,NA,NA,0
41,6,10,NA,NA,NA,0
42,6,10,NA,NA,NA,0
43,6,10,NA,NA,NA,0
44,6,10,NA,NA,NA,0
45,6,10,NA,NA,NA,0
46,6,10,NA,NA,NA,0
47,6,11,NA,NA,NA,0
48,6,11,NA,NA,NA,0
49,6,11,NA,NA,NA,0
50,6,11,NA,NA,NA,0
51,6,11,NA,NA,NA,0
52,6,11,NA,NA,NA,0
53,5,12,NA,NA,NA,0
54,5,12,NA,NA,NA,0
55,5,12,NA,NA,NA,0
56,5,12,NA,NA,NA,0
57,5,12,NA,NA,NA,0
58,3,13,NA,NA,NA,0
59,3,13,NA,NA,NA,0
60,3,13,NA,NA,NA,0
61,6,14,"H",365,2,0
62,6,14,NA,NA,NA,0
63,6,14,"C",274,5,2
64,6,14,"H",327,3,1
65,6,14,"H",319,3,0
66,6,14,NA,NA,NA,0
67,4,15,NA,NA,NA,0
68,4,15,NA,NA,NA,0
69,4,15,NA,NA,NA,0
70,4,15,NA,NA,NA,0
71,3,16,NA,NA,NA,0
72,3,16,NA,NA,NA,0
73,3,16,NA,NA,NA,0
74,4,17,NA,NA,NA,0
75,4,17,NA,NA,NA,0
76,4,17,NA,NA,NA,0
77,4,17,NA,NA,NA,0
78,5,18,NA,NA,NA,0
79,5,18,NA,NA,NA,0
80,5,18,NA,NA,NA,0
81,5,18,NA,NA,NA,0
82,5,18,NA,NA,NA,0
83,5,19,NA,NA,NA,0
84,5,19,NA,NA,NA,0
85,5,19,NA,NA,NA,0
86,5,19,NA,NA,NA,0
87,5,19,NA,NA,NA,0
88,4,20,"C",339,3,0
89,4,20,NA,NA,NA,0
90,4,20,NA,NA,NA,0
91,4,20,NA,NA,NA,0
92,3,21,NA,NA,NA,0
93,3,21,NA,NA,NA,0
94,3,21,NA,NA,NA,0
95,3,22,NA,NA,NA,0
96,3,22,NA,NA,NA,0
97,3,22,NA,NA,NA,0
98,3,23,NA,NA,NA,0
99,3,23,NA,NA,NA,0
100,3,23,NA,NA,NA,0
101,5,24,"H",224,3,0
102,5,24,NA,NA,NA,0
103,5,24,"C",179,4,1
104,5,24,NA,NA,NA,0
105,5,24,NA,NA,NA,0
106,4,25,NA,NA,NA,0
107,4,25,NA,NA,NA,0
108,4,25,NA,NA,NA,0
109,4,25,NA,NA,NA,0
110,6,26,NA,NA,NA,0
111,6,26,NA,NA,NA,0
112,6,26,NA,NA,NA,0
113,6,26,NA,NA,NA,0
114,6,26,NA,NA,NA,0
115,6,26,NA,NA,NA,0
116,6,27,NA,NA,NA,0
117,6,27,NA,NA,NA,0
118,6,27,NA,NA,NA,0
119,6,27,NA,NA,NA,0
120,6,27,NA,NA,NA,0
121,6,27,NA,NA,NA,0
122,3,28,NA,NA,NA,0
123,3,28,NA,NA,NA,0
124,3,28,NA,NA,NA,0
125,4,29,NA,NA,NA,0
126,4,29,NA,NA,NA,0
127,4,29,"C",201,3,0
128,4,29,NA,NA,NA,0
129,5,30,NA,NA,NA,0
130,5,30,NA,NA,NA,0
131,5,30,NA,NA,NA,0
132,5,30,NA,NA,NA,0
133,5,30,NA,NA,NA,0
134,4,31,NA,NA,NA,0
135,4,31,NA,NA,NA,0
136,4,31,NA,NA,NA,0
137,4,31,"C",272,3,0
138,4,32,NA,NA,NA,0
139,4,32,NA,NA,NA,0
140,4,32,NA,NA,NA,0
141,4,32,NA,NA,NA,0
142,3,33,NA,NA,NA,0
143,3,33,NA,NA,NA,0
144,3,33,NA,NA,NA,0
145,3,34,"H",221,1,0
146,3,34,"C",178,2,1
147,3,34,NA,NA,NA,0
148,5,35,NA,NA,NA,0
149,5,35,NA,NA,NA,0
150,5,35,NA,NA,NA,0
151,5,35,NA,NA,NA,0
152,5,35,NA,NA,NA,0
153,5,36,NA,NA,NA,0
154,5,36,"H",354,3,0
155,5,36,NA,NA,NA,0
156,5,36,"C",310,4,1
157,5,36,NA,NA,NA,0
158,4,37,NA,NA,NA,0
159,4,37,NA,NA,NA,0
160,4,37,NA,NA,NA,0
161,4,37,NA,NA,NA,0
162,6,38,NA,NA,NA,0
163,6,38,NA,NA,NA,0
164,6,38,NA,NA,NA,0
165,6,38,NA,NA,NA,0
166,6,38,NA,NA,NA,0
167,6,38,NA,NA,NA,0
168,4,39,NA,NA,NA,0
169,4,39,NA,NA,NA,0
170,4,39,NA,NA,NA,0
171,4,39,NA,NA,NA,0
172,4,40,NA,NA,NA,0
173,4,40,NA,NA,NA,0
174,4,40,NA,NA,NA,0
175,4,40,NA,NA,NA,0
176,5,41,"C",273,4,1
177,5,41,NA,NA,NA,0
178,5,41,"H",343,1,0
179,5,41,"H",301,3,2
180,5,41,"H",341,1,0
181,5,42,NA,NA,NA,0
182,5,42,NA,NA,NA,0
183,5,42,NA,NA,NA,0
184,5,42,NA,NA,NA,0
185,5,42,NA,NA,NA,0
186,3,43,NA,NA,NA,0
187,3,43,NA,NA,NA,0
188,3,43,NA,NA,NA,0
189,4,44,NA,NA,NA,0
190,4,44,NA,NA,NA,0
191,4,44,"C",236,3,0
192,4,44,NA,NA,NA,0
193,4,45,NA,NA,NA,0
194,4,45,"H",68,2,1
195,4,45,"H",111,1,0
196,4,45,"C",36,3,1
197,5,46,NA,NA,NA,0
198,5,46,NA,NA,NA,0
199,5,46,NA,NA,NA,0
200,5,46,NA,NA,NA,0
201,5,46,NA,NA,NA,0
202,5,47,NA,NA,NA,0
203,5,47,NA,NA,NA,0
204,5,47,NA,NA,NA,0
205,5,47,NA,NA,NA,0
206,5,47,NA,NA,NA,0
207,3,48,NA,NA,NA,0
208,3,48,NA,NA,NA,0
209,3,48,NA,NA,NA,0
210,3,49,NA,NA,NA,0
211,3,49,"C",197,2,0
212,3,49,"C",NA,NA,0
213,5,50,NA,NA,NA,0
214,5,50,"C",NA,NA,0
215,5,50,NA,NA,NA,0
216,5,50,"C",141,4,0
217,5,50,NA,NA,NA,0
218,5,51,NA,NA,NA,0
219,5,51,NA,NA,NA,0
220,5,51,NA,NA,NA,0
221,5,51,NA,NA,NA,0
222,5,51,NA,NA,NA,0
223,4,52,NA,NA,NA,0
224,4,52,NA,NA,NA,0
225,4,52,NA,NA,NA,0
226,4,52,NA,NA,NA,0
227,3,53,NA,NA,NA,0
228,3,53,NA,NA,NA,0
229,3,53,NA,NA,NA,0
230,4,54,NA,NA,NA,0
231,4,54,NA,NA,NA,0
232,4,54,NA,NA,NA,0
233,4,54,NA,NA,NA,0
234,5,55,NA,NA,NA,0
235,5,55,NA,NA,NA,0
236,5,55,NA,NA,NA,0
237,5,55,NA,NA,NA,0
238,5,55,NA,NA,NA,0
239,6,56,NA,NA,NA,0
240,6,56,NA,NA,NA,0
241,6,56,NA,NA,NA,0
242,6,56,NA,NA,NA,0
243,6,56,NA,NA,NA,0
244,6,56,NA,NA,NA,0
245,5,57,NA,NA,NA,0
246,5,57,NA,NA,NA,0
247,5,57,NA,NA,NA,0
248,5,57,NA,NA,NA,0
249,5,57,NA,NA,NA,0
250,4,58,NA,NA,NA,0
251,4,58,NA,NA,NA,0
252,4,58,NA,NA,NA,0
253,4,58,NA,NA,NA,0
254,5,59,NA,NA,NA,0
255,5,59,NA,NA,NA,0
256,5,59,"H",NA,NA,0
257,5,59,"C",299,4,1
258,5,59,"H",346,3,1
259,3,60,NA,NA,NA,0
260,3,60,NA,NA,NA,0
261,3,60,NA,NA,NA,0
262,5,61,NA,NA,NA,0
263,5,61,NA,NA,NA,0
264,5,61,NA,NA,NA,0
265,5,61,NA,NA,NA,0
266,5,61,NA,NA,NA,0
267,6,62,NA,NA,NA,0
268,6,62,NA,NA,NA,0
269,6,62,NA,NA,NA,0
270,6,62,NA,NA,NA,0
271,6,62,NA,NA,NA,0
272,6,62,NA,NA,NA,0
273,5,63,NA,NA,NA,0
274,5,63,"H",257,1,0
275,5,63,"H",237,1,0
276,5,63,"C",217,4,3
277,5,63,"H",243,1,0
278,6,64,NA,NA,NA,0
279,6,64,NA,NA,NA,0
280,6,64,NA,NA,NA,0
281,6,64,NA,NA,NA,0
282,6,64,NA,NA,NA,0
283,6,64,NA,NA,NA,0
284,3,65,NA,NA,NA,0
285,3,65,NA,NA,NA,0
286,3,65,NA,NA,NA,0
287,4,66,NA,NA,NA,0
288,4,66,NA,NA,NA,0
289,4,66,NA,NA,NA,0
290,4,66,NA,NA,NA,0
291,6,67,NA,NA,NA,0
292,6,67,"C",321,5,1
293,6,67,NA,NA,NA,0
294,6,67,"H",NA,NA,0
295,6,67,"H",362,2,0
296,6,67,"H",341,4,2
297,4,68,NA,NA,NA,0
298,4,68,NA,NA,NA,0
299,4,68,NA,NA,NA,0
300,4,68,NA,NA,NA,0
301,3,69,NA,NA,NA,0
302,3,69,NA,NA,NA,0
303,3,69,NA,NA,NA,0
304,5,70,NA,NA,NA,0
305,5,70,NA,NA,NA,0
306,5,70,NA,NA,NA,0
307,5,70,NA,NA,NA,0
308,5,70,NA,NA,NA,0
309,6,71,"H",271,3,2
310,6,71,"H",311,0,0
311,6,71,"H",291,1,1
312,6,71,"H",314,0,0
313,6,71,"C",206,5,2
314,6,71,"H",233,3,0
315,4,72,NA,NA,NA,0
316,4,72,NA,NA,NA,0
317,4,72,"C",174,3,0
318,4,72,NA,NA,NA,0
319,4,73,NA,NA,NA,0
320,4,73,NA,NA,NA,0
321,4,73,NA,NA,NA,0
322,4,73,NA,NA,NA,0
323,5,74,NA,NA,NA,0
324,5,74,"H",NA,NA,0
325,5,74,NA,NA,NA,0
326,5,74,NA,NA,NA,0
327,5,74,"C",355,4,1
328,4,75,NA,NA,NA,0
329,4,75,NA,NA,NA,0
330,4,75,NA,NA,NA,0
331,4,75,NA,NA,NA,0
332,3,76,NA,NA,NA,0
333,3,76,"C",NA,NA,0
334,3,76,NA,NA,NA,0
335,6,77,"H",NA,NA,0
336,6,77,"H",341,3,1
337,6,77,"H",345,2,0
338,6,77,NA,NA,NA,0
339,6,77,NA,NA,NA,0
340,6,77,"C",308,5,2
341,5,78,NA,NA,NA,0
342,5,78,NA,NA,NA,0
343,5,78,NA,NA,NA,0
344,5,78,NA,NA,NA,0
345,5,78,NA,NA,NA,0
346,4,79,NA,NA,NA,0
347,4,79,NA,NA,NA,0
348,4,79,NA,NA,NA,0
349,4,79,NA,NA,NA,0
350,4,80,NA,NA,NA,0
351,4,80,NA,NA,NA,0
352,4,80,NA,NA,NA,0
353,4,80,NA,NA,NA,0
354,4,81,NA,NA,NA,0
355,4,81,NA,NA,NA,0
356,4,81,NA,NA,NA,0
357,4,81,NA,NA,NA,0
358,6,82,NA,NA,NA,0
359,6,82,NA,NA,NA,0
360,6,82,NA,NA,NA,0
361,6,82,NA,NA,NA,0
362,6,82,NA,NA,NA,0
363,6,82,NA,NA,NA,0
364,3,83,NA,NA,NA,0
365,3,83,NA,NA,NA,0
366,3,83,NA,NA,NA,0
367,6,84,NA,NA,NA,0
368,6,84,NA,NA,NA,0
369,6,84,NA,NA,NA,0
370,6,84,NA,NA,NA,0
371,6,84,NA,NA,NA,0
372,6,84,NA,NA,NA,0
373,3,85,NA,NA,NA,0
374,3,85,NA,NA,NA,0
375,3,85,NA,NA,NA,0
376,5,86,"H",204,2,1
377,5,86,NA,NA,NA,0
378,5,86,"H",212,1,0
379,5,86,"C",163,4,2
380,5,86,"H",245,1,0
381,5,87,"H",206,1,0
382,5,87,"H",183,2,1
383,5,87,"H",191,1,0
384,5,87,NA,NA,NA,0
385,5,87,"C",162,4,2
386,4,88,NA,NA,NA,0
387,4,88,"C",216,3,0
388,4,88,NA,NA,NA,0
389,4,88,NA,NA,NA,0
390,3,89,NA,NA,NA,0
391,3,89,NA,NA,NA,0
392,3,89,NA,NA,NA,0
393,3,90,NA,NA,NA,0
394,3,90,NA,NA,NA,0
395,3,90,NA,NA,NA,0
396,5,91,NA,NA,NA,0
397,5,91,NA,NA,NA,0
398,5,91,NA,NA,NA,0
399,5,91,NA,NA,NA,0
400,5,91,NA,NA,NA,0
401,3,92,NA,NA,NA,0
402,3,92,NA,NA,NA,0
403,3,92,NA,NA,NA,0
404,3,93,NA,NA,NA,0
405,3,93,NA,NA,NA,0
406,3,93,NA,NA,NA,0
407,3,94,NA,NA,NA,0
408,3,94,NA,NA,NA,0
409,3,94,NA,NA,NA,0
410,4,95,NA,NA,NA,0
411,4,95,NA,NA,NA,0
412,4,95,NA,NA,NA,0
413,4,95,NA,NA,NA,0
414,4,96,NA,NA,NA,0
415,4,96,NA,NA,NA,0
416,4,96,NA,NA,NA,0
417,4,96,NA,NA,NA,0
418,6,97,"H",231,3,0
419,6,97,NA,NA,NA,0
420,6,97,NA,NA,NA,0
421,6,97,NA,NA,NA,0
422,6,97,"H",178,4,1
423,6,97,"C",141,5,1
424,6,98,NA,NA,NA,0
425,6,98,NA,NA,NA,0
426,6,98,NA,NA,NA,0
427,6,98,NA,NA,NA,0
428,6,98,NA,NA,NA,0
429,6,98,NA,NA,NA,0
430,3,99,NA,NA,NA,0
431,3,99,NA,NA,NA,0
432,3,99,NA,NA,NA,0
433,4,100,NA,NA,NA,0
434,4,100,NA,NA,NA,0
435,4,100,NA,NA,NA,0
436,4,100,"C",NA,NA,0
437,4,101,NA,NA,NA,0
438,4,101,NA,NA,NA,0
439,4,101,NA,NA,NA,0
440,4,101,NA,NA,NA,0
441,5,102,NA,NA,NA,0
442,5,102,NA,NA,NA,0
443,5,102,NA,NA,NA,0
444,5,102,NA,NA,NA,0
445,5,102,NA,NA,NA,0
446,3,103,"C",362,2,0
447,3,103,NA,NA,NA,0
448,3,103,NA,NA,NA,0
449,4,104,NA,NA,NA,0
450,4,104,NA,NA,NA,0
451,4,104,NA,NA,NA,0
452,4,104,NA,NA,NA,0
453,5,105,NA,NA,NA,0
454,5,105,NA,NA,NA,0
455,5,105,NA,NA,NA,0
456,5,105,NA,NA,NA,0
457,5,105,NA,NA,NA,0
458,3,106,NA,NA,NA,0
459,3,106,NA,NA,NA,0
460,3,106,NA,NA,NA,0
461,3,107,NA,NA,NA,0
462,3,107,NA,NA,NA,0
463,3,107,NA,NA,NA,0
464,3,108,NA,NA,NA,0
465,3,108,NA,NA,NA,0
466,3,108,"C",306,2,0
467,5,109,NA,NA,NA,0
468,5,109,NA,NA,NA,0
469,5,109,NA,NA,NA,0
470,5,109,NA,NA,NA,0
471,5,109,NA,NA,NA,0
472,3,110,"C",187,2,0
473,3,110,NA,NA,NA,0
474,3,110,NA,NA,NA,0
475,4,111,NA,NA,NA,0
476,4,111,NA,NA,NA,0
477,4,111,NA,NA,NA,0
478,4,111,NA,NA,NA,0
479,6,112,NA,NA,NA,0
480,6,112,NA,NA,NA,0
481,6,112,NA,NA,NA,0
482,6,112,NA,NA,NA,0
483,6,112,NA,NA,NA,0
484,6,112,NA,NA,NA,0
485,5,113,NA,NA,NA,0
486,5,113,NA,NA,NA,0
487,5,113,NA,NA,NA,0
488,5,113,NA,NA,NA,0
489,5,113,NA,NA,NA,0
490,4,114,NA,NA,NA,0
491,4,114,"H",NA,NA,0
492,4,114,"C",340,3,2
493,4,114,"H",NA,NA,0
494,5,115,"C",353,4,2
495,5,115,NA,NA,NA,0
496,5,115,"H",NA,NA,0
497,5,115,NA,NA,NA,0
498,5,115,"H",NA,NA,0
499,5,116,"H",256,3,0
500,5,116,NA,NA,NA,0
501,5,116,NA,NA,NA,0
502,5,116,NA,NA,NA,0
503,5,116,"C",205,4,1
504,4,117,NA,NA,NA,0
505,4,117,NA,NA,NA,0
506,4,117,NA,NA,NA,0
507,4,117,NA,NA,NA,0
508,5,118,NA,NA,NA,0
509,5,118,NA,NA,NA,0
510,5,118,NA,NA,NA,0
511,5,118,NA,NA,NA,0
512,5,118,NA,NA,NA,0
513,4,119,NA,NA,NA,0
514,4,119,NA,NA,NA,0
515,4,119,NA,NA,NA,0
516,4,119,NA,NA,NA,0
517,4,120,NA,NA,NA,0
518,4,120,NA,NA,NA,0
519,4,120,NA,NA,NA,0
520,4,120,NA,NA,NA,0
521,5,121,NA,NA,NA,0
522,5,121,NA,NA,NA,0
523,5,121,NA,NA,NA,0
524,5,121,NA,NA,NA,0
525,5,121,NA,NA,NA,0
526,5,122,NA,NA,NA,0
527,5,122,NA,NA,NA,0
528,5,122,NA,NA,NA,0
529,5,122,NA,NA,NA,0
530,5,122,NA,NA,NA,0
531,5,123,NA,NA,NA,0
532,5,123,"H",199,3,2
533,5,123,"H",236,1,0
534,5,123,"H",257,1,0
535,5,123,"C",162,4,1
536,4,124,NA,NA,NA,0
537,4,124,NA,NA,NA,0
538,4,124,"C",209,3,0
539,4,124,NA,NA,NA,0
540,3,125,NA,NA,NA,0
541,3,125,"C",NA,NA,0
542,3,125,NA,NA,NA,0
543,5,126,NA,NA,NA,0
544,5,126,NA,NA,NA,0
545,5,126,NA,NA,NA,0
546,5,126,NA,NA,NA,0
547,5,126,NA,NA,NA,0
548,4,127,NA,NA,NA,0
549,4,127,NA,NA,NA,0
550,4,127,NA,NA,NA,0
551,4,127,NA,NA,NA,0
552,5,128,NA,NA,NA,0
553,5,128,NA,NA,NA,0
554,5,128,NA,NA,NA,0
555,5,128,NA,NA,NA,0
556,5,128,NA,NA,NA,0
557,3,129,NA,NA,NA,0
558,3,129,NA,NA,NA,0
559,3,129,NA,NA,NA,0
560,6,130,NA,NA,NA,0
561,6,130,NA,NA,NA,0
562,6,130,NA,NA,NA,0
563,6,130,NA,NA,NA,0
564,6,130,"C",NA,NA,0
565,6,130,NA,NA,NA,0
566,6,131,NA,NA,NA,0
567,6,131,NA,NA,NA,0
568,6,131,NA,NA,NA,0
569,6,131,NA,NA,NA,0
570,6,131,NA,NA,NA,0
571,6,131,NA,NA,NA,0
572,4,132,NA,NA,NA,0
573,4,132,NA,NA,NA,0
574,4,132,NA,NA,NA,0
575,4,132,NA,NA,NA,0
576,3,133,"H",286,1,1
577,3,133,"H",343,0,0
578,3,133,"C",266,2,1
579,5,134,NA,NA,NA,0
580,5,134,NA,NA,NA,0
581,5,134,NA,NA,NA,0
582,5,134,NA,NA,NA,0
583,5,134,NA,NA,NA,0
584,5,135,NA,NA,NA,0
585,5,135,NA,NA,NA,0
586,5,135,NA,NA,NA,0
587,5,135,NA,NA,NA,0
588,5,135,NA,NA,NA,0
589,4,136,NA,NA,NA,0
590,4,136,NA,NA,NA,0
591,4,136,NA,NA,NA,0
592,4,136,NA,NA,NA,0
593,4,137,NA,NA,NA,0
594,4,137,NA,NA,NA,0
595,4,137,NA,NA,NA,0
596,4,137,NA,NA,NA,0
597,5,138,NA,NA,NA,0
598,5,138,NA,NA,NA,0
599,5,138,NA,NA,NA,0
600,5,138,NA,NA,NA,0
601,5,138,NA,NA,NA,0
602,3,139,NA,NA,NA,0
603,3,139,NA,NA,NA,0
604,3,139,NA,NA,NA,0
605,6,140,"C",306,5,0
606,6,140,NA,NA,NA,0
607,6,140,"C",333,4,1
608,6,140,NA,NA,NA,0
609,6,140,NA,NA,NA,0
610,6,140,"H",365,3,0
611,6,141,NA,NA,NA,0
612,6,141,NA,NA,NA,0
613,6,141,NA,NA,NA,0
614,6,141,NA,NA,NA,0
615,6,141,NA,NA,NA,0
616,6,141,NA,NA,NA,0
617,6,142,NA,NA,NA,0
618,6,142,NA,NA,NA,0
619,6,142,NA,NA,NA,0
620,6,142,NA,NA,NA,0
621,6,142,NA,NA,NA,0
622,6,142,NA,NA,NA,0
623,4,143,NA,NA,NA,0
624,4,143,NA,NA,NA,0
625,4,143,NA,NA,NA,0
626,4,143,NA,NA,NA,0
627,3,144,NA,NA,NA,0
628,3,144,NA,NA,NA,0
629,3,144,NA,NA,NA,0
630,5,145,NA,NA,NA,0
631,5,145,NA,NA,NA,0
632,5,145,NA,NA,NA,0
633,5,145,NA,NA,NA,0
634,5,145,NA,NA,NA,0
635,3,146,NA,NA,NA,0
636,3,146,NA,NA,NA,0
637,3,146,NA,NA,NA,0
638,5,147,NA,NA,NA,0
639,5,147,NA,NA,NA,0
640,5,147,NA,NA,NA,0
641,5,147,NA,NA,NA,0
642,5,147,NA,NA,NA,0
643,4,148,"C",269,3,1
644,4,148,"H",299,2,0
645,4,148,NA,NA,NA,0
646,4,148,NA,NA,NA,0
647,5,149,NA,NA,NA,0
648,5,149,NA,NA,NA,0
649,5,149,NA,NA,NA,0
650,5,149,NA,NA,NA,0
651,5,149,NA,NA,NA,0
652,3,150,NA,NA,NA,0
653,3,150,NA,NA,NA,0
654,3,150,NA,NA,NA,0
655,4,151,NA,NA,NA,0
656,4,151,NA,NA,NA,0
657,4,151,NA,NA,NA,0
658,4,151,NA,NA,NA,0
659,3,152,NA,NA,NA,0
660,3,152,NA,NA,NA,0
661,3,152,NA,NA,NA,0
662,5,153,NA,NA,NA,0
663,5,153,NA,NA,NA,0
664,5,153,NA,NA,NA,0
665,5,153,NA,NA,NA,0
666,5,153,NA,NA,NA,0
667,4,154,NA,NA,NA,0
668,4,154,NA,NA,NA,0
669,4,154,NA,NA,NA,0
670,4,154,NA,NA,NA,0
671,4,155,NA,NA,NA,0
672,4,155,NA,NA,NA,0
673,4,155,NA,NA,NA,0
674,4,155,NA,NA,NA,0
675,4,156,NA,NA,NA,0
676,4,156,NA,NA,NA,0
677,4,156,NA,NA,NA,0
678,4,156,NA,NA,NA,0
679,3,157,NA,NA,NA,0
680,3,157,"H",290,1,0
681,3,157,"C",256,2,1
682,5,158,NA,NA,NA,0
683,5,158,NA,NA,NA,0
684,5,158,NA,NA,NA,0
685,5,158,NA,NA,NA,0
686,5,158,NA,NA,NA,0
687,3,159,NA,NA,NA,0
688,3,159,NA,NA,NA,0
689,3,159,NA,NA,NA,0
690,5,160,NA,NA,NA,0
691,5,160,NA,NA,NA,0
692,5,160,NA,NA,NA,0
693,5,160,NA,NA,NA,0
694,5,160,NA,NA,NA,0
695,5,161,NA,NA,NA,0
696,5,161,NA,NA,NA,0
697,5,161,"C",NA,NA,0
698,5,161,NA,NA,NA,0
699,5,161,NA,NA,NA,0
700,3,162,NA,NA,NA,0
701,3,162,NA,NA,NA,0
702,3,162,NA,NA,NA,0
703,3,163,NA,NA,NA,0
704,3,163,NA,NA,NA,0
705,3,163,NA,NA,NA,0
706,3,164,NA,NA,NA,0
707,3,164,NA,NA,NA,0
708,3,164,NA,NA,NA,0
709,5,165,NA,NA,NA,0
710,5,165,"H",NA,NA,0
711,5,165,"H",363,3,1
712,5,165,"C",326,4,1
713,5,165,NA,NA,NA,0
714,5,166,NA,NA,NA,0
715,5,166,NA,NA,NA,0
716,5,166,NA,NA,NA,0
717,5,166,NA,NA,NA,0
718,5,166,NA,NA,NA,0
719,3,167,NA,NA,NA,0
720,3,167,NA,NA,NA,0
721,3,167,NA,NA,NA,0
722,3,168,NA,NA,NA,0
723,3,168,NA,NA,NA,0
724,3,168,NA,NA,NA,0
725,4,169,NA,NA,NA,0
726,4,169,NA,NA,NA,0
727,4,169,"C",335,3,0
728,4,169,NA,NA,NA,0
729,5,170,NA,NA,NA,0
730,5,170,NA,NA,NA,0
731,5,170,NA,NA,NA,0
732,5,170,NA,NA,NA,0
733,5,170,NA,NA,NA,0
734,6,171,"H",317,2,2
735,6,171,"H",NA,NA,0
736,6,171,"C",285,5,3
737,6,171,"H",363,0,0
738,6,171,"H",323,0,0
739,6,171,"H",340,0,0
740,5,172,NA,NA,NA,0
741,5,172,NA,NA,NA,0
742,5,172,NA,NA,NA,0
743,5,172,NA,NA,NA,0
744,5,172,NA,NA,NA,0
745,5,173,NA,NA,NA,0
746,5,173,NA,NA,NA,0
747,5,173,NA,NA,NA,0
748,5,173,NA,NA,NA,0
749,5,173,NA,NA,NA,0
750,3,174,NA,NA,NA,0
751,3,174,NA,NA,NA,0
752,3,174,NA,NA,NA,0
753,3,175,NA,NA,NA,0
754,3,175,NA,NA,NA,0
755,3,175,NA,NA,NA,0
756,6,176,NA,NA,NA,0
757,6,176,NA,NA,NA,0
758,6,176,NA,NA,NA,0
759,6,176,NA,NA,NA,0
760,6,176,NA,NA,NA,0
761,6,176,NA,NA,NA,0
762,3,177,NA,NA,NA,0
763,3,177,NA,NA,NA,0
764,3,177,NA,NA,NA,0
765,4,178,NA,NA,NA,0
766,4,178,NA,NA,NA,0
767,4,178,NA,NA,NA,0
768,4,178,NA,NA,NA,0
769,3,179,NA,NA,NA,0
770,3,179,NA,NA,NA,0
771,3,179,NA,NA,NA,0
772,6,180,NA,NA,NA,0
773,6,180,NA,NA,NA,0
774,6,180,NA,NA,NA,0
775,6,180,NA,NA,NA,0
776,6,180,NA,NA,NA,0
777,6,180,NA,NA,NA,0
778,4,181,NA,NA,NA,0
779,4,181,NA,NA,NA,0
780,4,181,NA,NA,NA,0
781,4,181,NA,NA,NA,0
782,3,182,NA,NA,NA,0
783,3,182,NA,NA,NA,0
784,3,182,NA,NA,NA,0
785,6,183,NA,NA,NA,0
786,6,183,"H",300,1,0
787,6,183,"H",274,3,2
788,6,183,"H",299,1,0
789,6,183,"H",299,1,0
790,6,183,"C",256,5,2
791,4,184,NA,NA,NA,0
792,4,184,NA,NA,NA,0
793,4,184,NA,NA,NA,0
794,4,184,NA,NA,NA,0
795,3,185,NA,NA,NA,0
796,3,185,NA,NA,NA,0
797,3,185,NA,NA,NA,0
798,3,186,NA,NA,NA,0
799,3,186,NA,NA,NA,0
800,3,186,NA,NA,NA,0
801,5,187,NA,NA,NA,0
802,5,187,NA,NA,NA,0
803,5,187,"C",119,4,0
804,5,187,NA,NA,NA,0
805,5,187,NA,NA,NA,0
806,3,188,NA,NA,NA,0
807,3,188,NA,NA,NA,0
808,3,188,NA,NA,NA,0
809,4,189,"C",256,3,0
810,4,189,"C",353,1,1
811,4,189,"H",NA,NA,0
812,4,189,"C",NA,NA,0
813,5,190,NA,NA,NA,0
814,5,190,NA,NA,NA,0
815,5,190,NA,NA,NA,0
816,5,190,NA,NA,NA,0
817,5,190,NA,NA,NA,0
818,6,191,NA,NA,NA,0
819,6,191,NA,NA,NA,0
820,6,191,NA,NA,NA,0
821,6,191,NA,NA,NA,0
822,6,191,NA,NA,NA,0
823,6,191,NA,NA,NA,0
824,3,192,"C",249,2,0
825,3,192,NA,NA,NA,0
826,3,192,NA,NA,NA,0
827,3,193,NA,NA,NA,0
828,3,193,NA,NA,NA,0
829,3,193,NA,NA,NA,0
830,3,194,NA,NA,NA,0
831,3,194,NA,NA,NA,0
832,3,194,NA,NA,NA,0
833,3,195,NA,NA,NA,0
834,3,195,NA,NA,NA,0
835,3,195,NA,NA,NA,0
836,6,196,NA,NA,NA,0
837,6,196,NA,NA,NA,0
838,6,196,NA,NA,NA,0
839,6,196,NA,NA,NA,0
840,6,196,NA,NA,NA,0
841,6,196,NA,NA,NA,0
842,6,197,NA,NA,NA,0
843,6,197,NA,NA,NA,0
844,6,197,NA,NA,NA,0
845,6,197,NA,NA,NA,0
846,6,197,NA,NA,NA,0
847,6,197,NA,NA,NA,0
848,6,198,NA,NA,NA,0
849,6,198,NA,NA,NA,0
850,6,198,NA,NA,NA,0
851,6,198,NA,NA,NA,0
852,6,198,NA,NA,NA,0
853,6,198,NA,NA,NA,0
854,3,199,NA,NA,NA,0
855,3,199,NA,NA,NA,0
856,3,199,NA,NA,NA,0
857,5,200,NA,NA,NA,0
858,5,200,NA,NA,NA,0
859,5,200,NA,NA,NA,0
860,5,200,NA,NA,NA,0
861,5,200,NA,NA,NA,0
862,5,201,NA,NA,NA,0
863,5,201,NA,NA,NA,0
864,5,201,NA,NA,NA,0
865,5,201,NA,NA,NA,0
866,5,201,NA,NA,NA,0
867,4,202,NA,NA,NA,0
868,4,202,NA,NA,NA,0
869,4,202,NA,NA,NA,0
870,4,202,NA,NA,NA,0
871,3,203,NA,NA,NA,0
872,3,203,NA,NA,NA,0
873,3,203,NA,NA,NA,0
874,4,204,"C",315,2,0
875,4,204,"H",346,1,0
876,4,204,NA,NA,NA,0
877,4,204,"C",315,2,1
878,3,205,NA,NA,NA,0
879,3,205,NA,NA,NA,0
880,3,205,NA,NA,NA,0
881,4,206,NA,NA,NA,0
882,4,206,NA,NA,NA,0
883,4,206,NA,NA,NA,0
884,4,206,NA,NA,NA,0
885,3,207,NA,NA,NA,0
886,3,207,NA,NA,NA,0
887,3,207,NA,NA,NA,0
888,5,208,NA,NA,NA,0
889,5,208,NA,NA,NA,0
890,5,208,NA,NA,NA,0
891,5,208,NA,NA,NA,0
892,5,208,NA,NA,NA,0
893,4,209,NA,NA,NA,0
894,4,209,NA,NA,NA,0
895,4,209,NA,NA,NA,0
896,4,209,NA,NA,NA,0
897,5,210,NA,NA,NA,0
898,5,210,NA,NA,NA,0
899,5,210,"C",278,4,1
900,5,210,"H",343,3,0
901,5,210,NA,NA,NA,0
902,6,211,NA,NA,NA,0
903,6,211,NA,NA,NA,0
904,6,211,NA,NA,NA,0
905,6,211,NA,NA,NA,0
906,6,211,NA,NA,NA,0
907,6,211,NA,NA,NA,0
908,5,212,NA,NA,NA,0
909,5,212,NA,NA,NA,0
910,5,212,NA,NA,NA,0
911,5,212,NA,NA,NA,0
912,5,212,NA,NA,NA,0
913,5,213,NA,NA,NA,0
914,5,213,NA,NA,NA,0
915,5,213,NA,NA,NA,0
916,5,213,NA,NA,NA,0
917,5,213,NA,NA,NA,0
918,3,214,NA,NA,NA,0
919,3,214,NA,NA,NA,0
920,3,214,NA,NA,NA,0
921,3,215,NA,NA,NA,0
922,3,215,NA,NA,NA,0
923,3,215,NA,NA,NA,0
924,5,216,NA,NA,NA,0
925,5,216,NA,NA,NA,0
926,5,216,NA,NA,NA,0
927,5,216,NA,NA,NA,0
928,5,216,NA,NA,NA,0
929,3,217,NA,NA,NA,0
930,3,217,NA,NA,NA,0
931,3,217,NA,NA,NA,0
932,5,218,NA,NA,NA,0
933,5,218,NA,NA,NA,0
934,5,218,NA,NA,NA,0
935,5,218,NA,NA,NA,0
936,5,218,NA,NA,NA,0
937,4,219,"H",NA,NA,0
938,4,219,NA,NA,NA,0
939,4,219,"C",320,3,1
940,4,219,NA,NA,NA,0
941,5,220,NA,NA,NA,0
942,5,220,NA,NA,NA,0
943,5,220,NA,NA,NA,0
944,5,220,NA,NA,NA,0
945,5,220,NA,NA,NA,0
946,3,221,NA,NA,NA,0
947,3,221,NA,NA,NA,0
948,3,221,NA,NA,NA,0
949,4,222,NA,NA,NA,0
950,4,222,NA,NA,NA,0
951,4,222,NA,NA,NA,0
952,4,222,NA,NA,NA,0
953,3,223,"C",339,2,2
954,3,223,"H",NA,NA,0
955,3,223,"H",NA,NA,0
956,3,224,"C",NA,NA,0
957,3,224,NA,NA,NA,0
958,3,224,NA,NA,NA,0
959,6,225,NA,NA,NA,0
960,6,225,NA,NA,NA,0
961,6,225,NA,NA,NA,0
962,6,225,NA,NA,NA,0
963,6,225,NA,NA,NA,0
964,6,225,NA,NA,NA,0
965,4,226,NA,NA,NA,0
966,4,226,NA,NA,NA,0
967,4,226,NA,NA,NA,0
968,4,226,NA,NA,NA,0
969,4,227,NA,NA,NA,0
970,4,227,NA,NA,NA,0
971,4,227,NA,NA,NA,0
972,4,227,NA,NA,NA,0
973,4,228,NA,NA,NA,0
974,4,228,NA,NA,NA,0
975,4,228,NA,NA,NA,0
976,4,228,NA,NA,NA,0
977,6,229,NA,NA,NA,0
978,6,229,NA,NA,NA,0
979,6,229,NA,NA,NA,0
980,6,229,NA,NA,NA,0
981,6,229,NA,NA,NA,0
982,6,229,NA,NA,NA,0
983,4,230,NA,NA,NA,0
984,4,230,NA,NA,NA,0
985,4,230,NA,NA,NA,0
986,4,230,NA,NA,NA,0
987,5,231,NA,NA,NA,0
988,5,231,NA,NA,NA,0
989,5,231,NA,NA,NA,0
990,5,231,NA,NA,NA,0
991,5,231,NA,NA,NA,0
992,6,232,NA,NA,NA,0
993,6,232,NA,NA,NA,0
994,6,232,NA,NA,NA,0
995,6,232,NA,NA,NA,0
996,6,232,NA,NA,NA,0
997,6,232,NA,NA,NA,0
998,3,233,NA,NA,NA,0
999,3,233,NA,NA,NA,0
1000,3,233,NA,NA,NA,0
