"ID","SIZE","HH","TYPE","TIME","S_NUM","I_NUM"
1,5,1,"0",NA,NA,0
2,5,1,NA,NA,NA,0
3,5,1,NA,NA,NA,0
4,5,1,NA,NA,NA,0
5,5,1,NA,NA,NA,0
6,5,2,NA,NA,NA,0
7,5,2,NA,NA,NA,0
8,5,2,NA,NA,NA,0
9,5,2,NA,NA,NA,0
10,5,2,NA,NA,NA,0
11,5,3,NA,NA,NA,0
12,5,3,NA,NA,NA,0
13,5,3,NA,NA,NA,0
14,5,3,NA,NA,NA,0
15,5,3,NA,NA,NA,0
16,3,4,NA,NA,NA,0
17,3,4,NA,NA,NA,0
18,3,4,NA,NA,NA,0
19,3,5,NA,NA,NA,0
20,3,5,NA,NA,NA,0
21,3,5,NA,NA,NA,0
22,3,6,NA,NA,NA,0
23,3,6,NA,NA,NA,0
24,3,6,NA,NA,NA,0
25,5,7,NA,NA,NA,0
26,5,7,NA,NA,NA,0
27,5,7,NA,NA,NA,0
28,5,7,NA,NA,NA,0
29,5,7,NA,NA,NA,0
30,3,8,NA,NA,NA,0
31,3,8,NA,NA,NA,0
32,3,8,NA,NA,NA,0
33,6,9,NA,NA,NA,0
34,6,9,NA,NA,NA,0
35,6,9,NA,NA,NA,0
36,6,9,NA,NA,NA,0
37,6,9,NA,NA,NA,0
38,6,9,NA,NA,NA,0
39,5,10,NA,NA,NA,0
40,5,10,NA,NA,NA,0
41,5,10,NA,NA,NA,0
42,5,10,NA,NA,NA,0
43,5,10,NA,NA,NA,0
44,3,11,NA,NA,NA,0
45,3,11,NA,NA,NA,0
46,3,11,NA,NA,NA,0
47,6,12,NA,NA,NA,0
48,6,12,NA,NA,NA,0
49,6,12,NA,NA,NA,0
50,6,12,NA,NA,NA,0
51,6,12,NA,NA,NA,0
52,6,12,NA,NA,NA,0
53,5,13,NA,NA,NA,0
54,5,13,NA,NA,NA,0
55,5,13,NA,NA,NA,0
56,5,13,NA,NA,NA,0
57,5,13,NA,NA,NA,0
58,3,14,NA,NA,NA,0
59,3,14,NA,NA,NA,0
60,3,14,NA,NA,NA,0
61,3,15,NA,NA,NA,0
62,3,15,NA,NA,NA,0
63,3,15,NA,NA,NA,0
64,3,16,NA,NA,NA,0
65,3,16,NA,NA,NA,0
66,3,16,NA,NA,NA,0
67,5,17,NA,NA,NA,0
68,5,17,NA,NA,NA,0
69,5,17,NA,NA,NA,0
70,5,17,NA,NA,NA,0
71,5,17,NA,NA,NA,0
72,3,18,NA,NA,NA,0
73,3,18,NA,NA,NA,0
74,3,18,NA,NA,NA,0
75,6,19,NA,NA,NA,0
76,6,19,NA,NA,NA,0
77,6,19,NA,NA,NA,0
78,6,19,NA,NA,NA,0
79,6,19,NA,NA,NA,0
80,6,19,NA,NA,NA,0
81,5,20,NA,NA,NA,0
82,5,20,NA,NA,NA,0
83,5,20,NA,NA,NA,0
84,5,20,NA,NA,NA,0
85,5,20,NA,NA,NA,0
86,5,21,NA,NA,NA,0
87,5,21,NA,NA,NA,0
88,5,21,NA,NA,NA,0
89,5,21,NA,NA,NA,0
90,5,21,NA,NA,NA,0
91,4,22,NA,NA,NA,0
92,4,22,NA,NA,NA,0
93,4,22,NA,NA,NA,0
94,4,22,NA,NA,NA,0
95,6,23,NA,NA,NA,0
96,6,23,NA,NA,NA,0
97,6,23,NA,NA,NA,0
98,6,23,"E",175,5,0
99,6,23,NA,NA,NA,0
100,6,23,NA,NA,NA,0
101,4,24,NA,NA,NA,0
102,4,24,NA,NA,NA,0
103,4,24,NA,NA,NA,0
104,4,24,NA,NA,NA,0
105,3,25,NA,NA,NA,0
106,3,25,NA,NA,NA,0
107,3,25,NA,NA,NA,0
108,3,26,NA,NA,NA,0
109,3,26,NA,NA,NA,0
110,3,26,NA,NA,NA,0
111,4,27,NA,NA,NA,0
112,4,27,NA,NA,NA,0
113,4,27,NA,NA,NA,0
114,4,27,NA,NA,NA,0
115,4,28,NA,NA,NA,0
116,4,28,NA,NA,NA,0
117,4,28,NA,NA,NA,0
118,4,28,NA,NA,NA,0
119,5,29,NA,NA,NA,0
120,5,29,NA,NA,NA,0
121,5,29,NA,NA,NA,0
122,5,29,NA,NA,NA,0
123,5,29,NA,NA,NA,0
124,4,30,NA,NA,NA,0
125,4,30,"C",80,3,0
126,4,30,NA,NA,NA,0
127,4,30,NA,NA,NA,0
128,5,31,NA,NA,NA,0
129,5,31,NA,NA,NA,0
130,5,31,NA,NA,NA,0
131,5,31,NA,NA,NA,0
132,5,31,NA,NA,NA,0
133,6,32,NA,NA,NA,0
134,6,32,NA,NA,NA,0
135,6,32,NA,NA,NA,0
136,6,32,NA,NA,NA,0
137,6,32,NA,NA,NA,0
138,6,32,NA,NA,NA,0
139,3,33,NA,NA,NA,0
140,3,33,NA,NA,NA,0
141,3,33,NA,NA,NA,0
142,4,34,NA,NA,NA,0
143,4,34,NA,NA,NA,0
144,4,34,NA,NA,NA,0
145,4,34,NA,NA,NA,0
146,6,35,NA,NA,NA,0
147,6,35,NA,NA,NA,0
148,6,35,NA,NA,NA,0
149,6,35,NA,NA,NA,0
150,6,35,NA,NA,NA,0
151,6,35,NA,NA,NA,0
152,5,36,NA,NA,NA,0
153,5,36,NA,NA,NA,0
154,5,36,NA,NA,NA,0
155,5,36,NA,NA,NA,0
156,5,36,NA,NA,NA,0
157,5,37,NA,NA,NA,0
158,5,37,NA,NA,NA,0
159,5,37,NA,NA,NA,0
160,5,37,NA,NA,NA,0
161,5,37,NA,NA,NA,0
162,6,38,NA,NA,NA,0
163,6,38,NA,NA,NA,0
164,6,38,NA,NA,NA,0
165,6,38,NA,NA,NA,0
166,6,38,NA,NA,NA,0
167,6,38,NA,NA,NA,0
168,5,39,NA,NA,NA,0
169,5,39,NA,NA,NA,0
170,5,39,NA,NA,NA,0
171,5,39,NA,NA,NA,0
172,5,39,NA,NA,NA,0
173,5,40,NA,NA,NA,0
174,5,40,NA,NA,NA,0
175,5,40,NA,NA,NA,0
176,5,40,NA,NA,NA,0
177,5,40,NA,NA,NA,0
178,6,41,"H",178,2,0
179,6,41,"H",147,4,2
180,6,41,"H",216,1,0
181,6,41,NA,NA,NA,0
182,6,41,"E",121,5,1
183,6,41,"H",194,2,1
184,6,42,NA,NA,NA,0
185,6,42,NA,NA,NA,0
186,6,42,NA,NA,NA,0
187,6,42,NA,NA,NA,0
188,6,42,NA,NA,NA,0
189,6,42,NA,NA,NA,0
190,6,43,"C",249,5,2
191,6,43,"H",348,1,0
192,6,43,"H",320,2,1
193,6,43,NA,NA,NA,0
194,6,43,"H",269,3,0
195,6,43,"H",285,3,1
196,5,44,NA,NA,NA,0
197,5,44,NA,NA,NA,0
198,5,44,NA,NA,NA,0
199,5,44,NA,NA,NA,0
200,5,44,NA,NA,NA,0
201,5,45,NA,NA,NA,0
202,5,45,NA,NA,NA,0
203,5,45,NA,NA,NA,0
204,5,45,NA,NA,NA,0
205,5,45,NA,NA,NA,0
206,5,46,NA,NA,NA,0
207,5,46,"C",156,4,1
208,5,46,"H",222,1,0
209,5,46,"H",199,3,2
210,5,46,"H",227,1,0
211,6,47,NA,NA,NA,0
212,6,47,"H",325,4,1
213,6,47,NA,NA,NA,0
214,6,47,"H",NA,NA,0
215,6,47,"C",288,5,1
216,6,47,"H",341,3,1
217,5,48,"H",357,2,2
218,5,48,"C",304,4,2
219,5,48,"H",NA,NA,0
220,5,48,"H",NA,NA,0
221,5,48,"H",336,2,0
222,5,49,NA,NA,NA,0
223,5,49,NA,NA,NA,0
224,5,49,NA,NA,NA,0
225,5,49,NA,NA,NA,0
226,5,49,NA,NA,NA,0
227,3,50,NA,NA,NA,0
228,3,50,NA,NA,NA,0
229,3,50,NA,NA,NA,0
230,4,51,NA,NA,NA,0
231,4,51,NA,NA,NA,0
232,4,51,NA,NA,NA,0
233,4,51,NA,NA,NA,0
234,6,52,NA,NA,NA,0
235,6,52,NA,NA,NA,0
236,6,52,NA,NA,NA,0
237,6,52,NA,NA,NA,0
238,6,52,NA,NA,NA,0
239,6,52,NA,NA,NA,0
240,5,53,NA,NA,NA,0
241,5,53,NA,NA,NA,0
242,5,53,NA,NA,NA,0
243,5,53,NA,NA,NA,0
244,5,53,NA,NA,NA,0
245,5,54,NA,NA,NA,0
246,5,54,NA,NA,NA,0
247,5,54,NA,NA,NA,0
248,5,54,NA,NA,NA,0
249,5,54,NA,NA,NA,0
250,5,55,NA,NA,NA,0
251,5,55,NA,NA,NA,0
252,5,55,NA,NA,NA,0
253,5,55,NA,NA,NA,0
254,5,55,NA,NA,NA,0
255,5,56,NA,NA,NA,0
256,5,56,NA,NA,NA,0
257,5,56,NA,NA,NA,0
258,5,56,NA,NA,NA,0
259,5,56,NA,NA,NA,0
260,6,57,NA,NA,NA,0
261,6,57,NA,NA,NA,0
262,6,57,NA,NA,NA,0
263,6,57,NA,NA,NA,0
264,6,57,NA,NA,NA,0
265,6,57,NA,NA,NA,0
266,5,58,NA,NA,NA,0
267,5,58,NA,NA,NA,0
268,5,58,NA,NA,NA,0
269,5,58,NA,NA,NA,0
270,5,58,NA,NA,NA,0
271,6,59,NA,NA,NA,0
272,6,59,NA,NA,NA,0
273,6,59,NA,NA,NA,0
274,6,59,NA,NA,NA,0
275,6,59,NA,NA,NA,0
276,6,59,NA,NA,NA,0
277,5,60,NA,NA,NA,0
278,5,60,NA,NA,NA,0
279,5,60,NA,NA,NA,0
280,5,60,NA,NA,NA,0
281,5,60,NA,NA,NA,0
282,6,61,NA,NA,NA,0
283,6,61,NA,NA,NA,0
284,6,61,NA,NA,NA,0
285,6,61,NA,NA,NA,0
286,6,61,NA,NA,NA,0
287,6,61,NA,NA,NA,0
288,3,62,NA,NA,NA,0
289,3,62,NA,NA,NA,0
290,3,62,NA,NA,NA,0
291,4,63,NA,NA,NA,0
292,4,63,NA,NA,NA,0
293,4,63,NA,NA,NA,0
294,4,63,NA,NA,NA,0
295,6,64,NA,NA,NA,0
296,6,64,NA,NA,NA,0
297,6,64,NA,NA,NA,0
298,6,64,NA,NA,NA,0
299,6,64,NA,NA,NA,0
300,6,64,NA,NA,NA,0
301,4,65,"C",226,3,1
302,4,65,"H",288,2,0
303,4,65,NA,NA,NA,0
304,4,65,NA,NA,NA,0
305,3,66,NA,NA,NA,0
306,3,66,NA,NA,NA,0
307,3,66,NA,NA,NA,0
308,3,67,NA,NA,NA,0
309,3,67,"E",118,2,0
310,3,67,NA,NA,NA,0
311,6,68,NA,NA,NA,0
312,6,68,NA,NA,NA,0
313,6,68,NA,NA,NA,0
314,6,68,NA,NA,NA,0
315,6,68,NA,NA,NA,0
316,6,68,NA,NA,NA,0
317,4,69,NA,NA,NA,0
318,4,69,NA,NA,NA,0
319,4,69,NA,NA,NA,0
320,4,69,NA,NA,NA,0
321,4,70,NA,NA,NA,0
322,4,70,"C",228,3,0
323,4,70,NA,NA,NA,0
324,4,70,NA,NA,NA,0
325,6,71,NA,NA,NA,0
326,6,71,NA,NA,NA,0
327,6,71,NA,NA,NA,0
328,6,71,NA,NA,NA,0
329,6,71,NA,NA,NA,0
330,6,71,NA,NA,NA,0
331,4,72,NA,NA,NA,0
332,4,72,NA,NA,NA,0
333,4,72,NA,NA,NA,0
334,4,72,NA,NA,NA,0
335,3,73,NA,NA,NA,0
336,3,73,NA,NA,NA,0
337,3,73,NA,NA,NA,0
338,4,74,NA,NA,NA,0
339,4,74,NA,NA,NA,0
340,4,74,NA,NA,NA,0
341,4,74,NA,NA,NA,0
342,6,75,NA,NA,NA,0
343,6,75,NA,NA,NA,0
344,6,75,NA,NA,NA,0
345,6,75,NA,NA,NA,0
346,6,75,NA,NA,NA,0
347,6,75,NA,NA,NA,0
348,5,76,NA,NA,NA,0
349,5,76,NA,NA,NA,0
350,5,76,NA,NA,NA,0
351,5,76,"E",228,4,1
352,5,76,"H",245,3,0
353,6,77,NA,NA,NA,0
354,6,77,NA,NA,NA,0
355,6,77,NA,NA,NA,0
356,6,77,NA,NA,NA,0
357,6,77,NA,NA,NA,0
358,6,77,NA,NA,NA,0
359,4,78,NA,NA,NA,0
360,4,78,NA,NA,NA,0
361,4,78,NA,NA,NA,0
362,4,78,NA,NA,NA,0
363,5,79,NA,NA,NA,0
364,5,79,NA,NA,NA,0
365,5,79,NA,NA,NA,0
366,5,79,NA,NA,NA,0
367,5,79,NA,NA,NA,0
368,6,80,NA,NA,NA,0
369,6,80,NA,NA,NA,0
370,6,80,NA,NA,NA,0
371,6,80,NA,NA,NA,0
372,6,80,NA,NA,NA,0
373,6,80,NA,NA,NA,0
374,6,81,NA,NA,NA,0
375,6,81,NA,NA,NA,0
376,6,81,NA,NA,NA,0
377,6,81,NA,NA,NA,0
378,6,81,NA,NA,NA,0
379,6,81,NA,NA,NA,0
380,3,82,NA,NA,NA,0
381,3,82,NA,NA,NA,0
382,3,82,NA,NA,NA,0
383,6,83,NA,NA,NA,0
384,6,83,NA,NA,NA,0
385,6,83,NA,NA,NA,0
386,6,83,NA,NA,NA,0
387,6,83,NA,NA,NA,0
388,6,83,NA,NA,NA,0
389,4,84,NA,NA,NA,0
390,4,84,NA,NA,NA,0
391,4,84,NA,NA,NA,0
392,4,84,NA,NA,NA,0
393,4,85,NA,NA,NA,0
394,4,85,NA,NA,NA,0
395,4,85,NA,NA,NA,0
396,4,85,NA,NA,NA,0
397,5,86,NA,NA,NA,0
398,5,86,NA,NA,NA,0
399,5,86,NA,NA,NA,0
400,5,86,NA,NA,NA,0
401,5,86,NA,NA,NA,0
402,3,87,NA,NA,NA,0
403,3,87,NA,NA,NA,0
404,3,87,NA,NA,NA,0
405,6,88,NA,NA,NA,0
406,6,88,NA,NA,NA,0
407,6,88,NA,NA,NA,0
408,6,88,NA,NA,NA,0
409,6,88,NA,NA,NA,0
410,6,88,NA,NA,NA,0
411,3,89,NA,NA,NA,0
412,3,89,NA,NA,NA,0
413,3,89,NA,NA,NA,0
414,6,90,NA,NA,NA,0
415,6,90,NA,NA,NA,0
416,6,90,NA,NA,NA,0
417,6,90,NA,NA,NA,0
418,6,90,NA,NA,NA,0
419,6,90,NA,NA,NA,0
420,5,91,NA,NA,NA,0
421,5,91,NA,NA,NA,0
422,5,91,NA,NA,NA,0
423,5,91,NA,NA,NA,0
424,5,91,NA,NA,NA,0
425,4,92,"H",171,2,0
426,4,92,NA,NA,NA,0
427,4,92,NA,NA,NA,0
428,4,92,"E",148,3,1
429,6,93,NA,NA,NA,0
430,6,93,NA,NA,NA,0
431,6,93,NA,NA,NA,0
432,6,93,NA,NA,NA,0
433,6,93,NA,NA,NA,0
434,6,93,NA,NA,NA,0
435,3,94,NA,NA,NA,0
436,3,94,NA,NA,NA,0
437,3,94,NA,NA,NA,0
438,6,95,NA,NA,NA,0
439,6,95,NA,NA,NA,0
440,6,95,NA,NA,NA,0
441,6,95,NA,NA,NA,0
442,6,95,NA,NA,NA,0
443,6,95,NA,NA,NA,0
444,4,96,NA,NA,NA,0
445,4,96,NA,NA,NA,0
446,4,96,NA,NA,NA,0
447,4,96,NA,NA,NA,0
448,5,97,NA,NA,NA,0
449,5,97,NA,NA,NA,0
450,5,97,NA,NA,NA,0
451,5,97,NA,NA,NA,0
452,5,97,NA,NA,NA,0
453,3,98,NA,NA,NA,0
454,3,98,NA,NA,NA,0
455,3,98,NA,NA,NA,0
456,6,99,NA,NA,NA,0
457,6,99,NA,NA,NA,0
458,6,99,NA,NA,NA,0
459,6,99,NA,NA,NA,0
460,6,99,NA,NA,NA,0
461,6,99,NA,NA,NA,0
462,6,100,NA,NA,NA,0
463,6,100,NA,NA,NA,0
464,6,100,NA,NA,NA,0
465,6,100,NA,NA,NA,0
466,6,100,NA,NA,NA,0
467,6,100,NA,NA,NA,0
468,3,101,NA,NA,NA,0
469,3,101,NA,NA,NA,0
470,3,101,NA,NA,NA,0
471,6,102,NA,NA,NA,0
472,6,102,NA,NA,NA,0
473,6,102,NA,NA,NA,0
474,6,102,NA,NA,NA,0
475,6,102,NA,NA,NA,0
476,6,102,NA,NA,NA,0
477,6,103,NA,NA,NA,0
478,6,103,NA,NA,NA,0
479,6,103,NA,NA,NA,0
480,6,103,NA,NA,NA,0
481,6,103,NA,NA,NA,0
482,6,103,NA,NA,NA,0
483,6,104,NA,NA,NA,0
484,6,104,NA,NA,NA,0
485,6,104,NA,NA,NA,0
486,6,104,NA,NA,NA,0
487,6,104,NA,NA,NA,0
488,6,104,NA,NA,NA,0
489,6,105,NA,NA,NA,0
490,6,105,NA,NA,NA,0
491,6,105,NA,NA,NA,0
492,6,105,NA,NA,NA,0
493,6,105,NA,NA,NA,0
494,6,105,NA,NA,NA,0
495,3,106,NA,NA,NA,0
496,3,106,NA,NA,NA,0
497,3,106,NA,NA,NA,0
498,4,107,NA,NA,NA,0
499,4,107,NA,NA,NA,0
500,4,107,NA,NA,NA,0
501,4,107,NA,NA,NA,0
502,6,108,NA,NA,NA,0
503,6,108,NA,NA,NA,0
504,6,108,NA,NA,NA,0
505,6,108,NA,NA,NA,0
506,6,108,NA,NA,NA,0
507,6,108,NA,NA,NA,0
508,4,109,NA,NA,NA,0
509,4,109,NA,NA,NA,0
510,4,109,NA,NA,NA,0
511,4,109,NA,NA,NA,0
512,4,110,NA,NA,NA,0
513,4,110,NA,NA,NA,0
514,4,110,NA,NA,NA,0
515,4,110,NA,NA,NA,0
516,4,111,NA,NA,NA,0
517,4,111,NA,NA,NA,0
518,4,111,NA,NA,NA,0
519,4,111,NA,NA,NA,0
520,6,112,NA,NA,NA,0
521,6,112,NA,NA,NA,0
522,6,112,NA,NA,NA,0
523,6,112,NA,NA,NA,0
524,6,112,NA,NA,NA,0
525,6,112,NA,NA,NA,0
526,5,113,NA,NA,NA,0
527,5,113,NA,NA,NA,0
528,5,113,NA,NA,NA,0
529,5,113,NA,NA,NA,0
530,5,113,NA,NA,NA,0
531,5,114,"H",295,1,0
532,5,114,"H",261,2,1
533,5,114,"E",243,4,2
534,5,114,NA,NA,NA,0
535,5,114,"H",270,1,0
536,3,115,NA,NA,NA,0
537,3,115,"E",143,2,0
538,3,115,NA,NA,NA,0
539,5,116,NA,NA,NA,0
540,5,116,NA,NA,NA,0
541,5,116,NA,NA,NA,0
542,5,116,NA,NA,NA,0
543,5,116,NA,NA,NA,0
544,5,117,NA,NA,NA,0
545,5,117,NA,NA,NA,0
546,5,117,NA,NA,NA,0
547,5,117,NA,NA,NA,0
548,5,117,NA,NA,NA,0
549,5,118,NA,NA,NA,0
550,5,118,NA,NA,NA,0
551,5,118,NA,NA,NA,0
552,5,118,NA,NA,NA,0
553,5,118,NA,NA,NA,0
554,6,119,NA,NA,NA,0
555,6,119,NA,NA,NA,0
556,6,119,NA,NA,NA,0
557,6,119,NA,NA,NA,0
558,6,119,NA,NA,NA,0
559,6,119,NA,NA,NA,0
560,3,120,NA,NA,NA,0
561,3,120,NA,NA,NA,0
562,3,120,NA,NA,NA,0
563,4,121,NA,NA,NA,0
564,4,121,NA,NA,NA,0
565,4,121,NA,NA,NA,0
566,4,121,NA,NA,NA,0
567,3,122,NA,NA,NA,0
568,3,122,NA,NA,NA,0
569,3,122,NA,NA,NA,0
570,4,123,NA,NA,NA,0
571,4,123,NA,NA,NA,0
572,4,123,NA,NA,NA,0
573,4,123,NA,NA,NA,0
574,3,124,NA,NA,NA,0
575,3,124,NA,NA,NA,0
576,3,124,NA,NA,NA,0
577,5,125,NA,NA,NA,0
578,5,125,NA,NA,NA,0
579,5,125,NA,NA,NA,0
580,5,125,NA,NA,NA,0
581,5,125,NA,NA,NA,0
582,3,126,NA,NA,NA,0
583,3,126,NA,NA,NA,0
584,3,126,NA,NA,NA,0
585,3,127,NA,NA,NA,0
586,3,127,NA,NA,NA,0
587,3,127,NA,NA,NA,0
588,6,128,NA,NA,NA,0
589,6,128,NA,NA,NA,0
590,6,128,NA,NA,NA,0
591,6,128,NA,NA,NA,0
592,6,128,NA,NA,NA,0
593,6,128,NA,NA,NA,0
594,3,129,NA,NA,NA,0
595,3,129,NA,NA,NA,0
596,3,129,NA,NA,NA,0
597,4,130,"E",61,3,1
598,4,130,NA,NA,NA,0
599,4,130,NA,NA,NA,0
600,4,130,"H",89,2,0
601,3,131,NA,NA,NA,0
602,3,131,NA,NA,NA,0
603,3,131,NA,NA,NA,0
604,5,132,NA,NA,NA,0
605,5,132,NA,NA,NA,0
606,5,132,NA,NA,NA,0
607,5,132,NA,NA,NA,0
608,5,132,NA,NA,NA,0
609,5,133,NA,NA,NA,0
610,5,133,NA,NA,NA,0
611,5,133,NA,NA,NA,0
612,5,133,NA,NA,NA,0
613,5,133,NA,NA,NA,0
614,5,134,"C",264,4,2
615,5,134,"H",300,2,1
616,5,134,"H",335,1,0
617,5,134,"H",281,2,0
618,5,134,NA,NA,NA,0
619,4,135,NA,NA,NA,0
620,4,135,NA,NA,NA,0
621,4,135,NA,NA,NA,0
622,4,135,NA,NA,NA,0
623,3,136,NA,NA,NA,0
624,3,136,NA,NA,NA,0
625,3,136,NA,NA,NA,0
626,4,137,NA,NA,NA,0
627,4,137,"H",197,1,0
628,4,137,"H",222,1,0
629,4,137,"E",180,3,2
630,6,138,NA,NA,NA,0
631,6,138,NA,NA,NA,0
632,6,138,NA,NA,NA,0
633,6,138,NA,NA,NA,0
634,6,138,NA,NA,NA,0
635,6,138,NA,NA,NA,0
636,5,139,NA,NA,NA,0
637,5,139,NA,NA,NA,0
638,5,139,NA,NA,NA,0
639,5,139,NA,NA,NA,0
640,5,139,NA,NA,NA,0
641,4,140,NA,NA,NA,0
642,4,140,NA,NA,NA,0
643,4,140,"C",324,3,0
644,4,140,NA,NA,NA,0
645,3,141,NA,NA,NA,0
646,3,141,"E",151,2,0
647,3,141,NA,NA,NA,0
648,3,142,"C",NA,NA,0
649,3,142,NA,NA,NA,0
650,3,142,NA,NA,NA,0
651,6,143,NA,NA,NA,0
652,6,143,NA,NA,NA,0
653,6,143,NA,NA,NA,0
654,6,143,NA,NA,NA,0
655,6,143,NA,NA,NA,0
656,6,143,NA,NA,NA,0
657,5,144,NA,NA,NA,0
658,5,144,NA,NA,NA,0
659,5,144,NA,NA,NA,0
660,5,144,NA,NA,NA,0
661,5,144,NA,NA,NA,0
662,3,145,NA,NA,NA,0
663,3,145,NA,NA,NA,0
664,3,145,NA,NA,NA,0
665,6,146,NA,NA,NA,0
666,6,146,NA,NA,NA,0
667,6,146,NA,NA,NA,0
668,6,146,NA,NA,NA,0
669,6,146,NA,NA,NA,0
670,6,146,NA,NA,NA,0
671,6,147,NA,NA,NA,0
672,6,147,NA,NA,NA,0
673,6,147,NA,NA,NA,0
674,6,147,NA,NA,NA,0
675,6,147,NA,NA,NA,0
676,6,147,NA,NA,NA,0
677,3,148,NA,NA,NA,0
678,3,148,NA,NA,NA,0
679,3,148,NA,NA,NA,0
680,3,149,NA,NA,NA,0
681,3,149,NA,NA,NA,0
682,3,149,NA,NA,NA,0
683,5,150,NA,NA,NA,0
684,5,150,NA,NA,NA,0
685,5,150,NA,NA,NA,0
686,5,150,NA,NA,NA,0
687,5,150,NA,NA,NA,0
688,5,151,NA,NA,NA,0
689,5,151,NA,NA,NA,0
690,5,151,NA,NA,NA,0
691,5,151,NA,NA,NA,0
692,5,151,NA,NA,NA,0
693,5,152,NA,NA,NA,0
694,5,152,NA,NA,NA,0
695,5,152,NA,NA,NA,0
696,5,152,NA,NA,NA,0
697,5,152,NA,NA,NA,0
698,6,153,NA,NA,NA,0
699,6,153,NA,NA,NA,0
700,6,153,NA,NA,NA,0
701,6,153,NA,NA,NA,0
702,6,153,NA,NA,NA,0
703,6,153,NA,NA,NA,0
704,4,154,NA,NA,NA,0
705,4,154,NA,NA,NA,0
706,4,154,NA,NA,NA,0
707,4,154,NA,NA,NA,0
708,5,155,NA,NA,NA,0
709,5,155,"E",66,4,2
710,5,155,"H",94,2,1
711,5,155,"H",127,1,0
712,5,155,"H",101,1,0
713,6,156,NA,NA,NA,0
714,6,156,NA,NA,NA,0
715,6,156,NA,NA,NA,0
716,6,156,NA,NA,NA,0
717,6,156,NA,NA,NA,0
718,6,156,NA,NA,NA,0
719,4,157,NA,NA,NA,0
720,4,157,NA,NA,NA,0
721,4,157,NA,NA,NA,0
722,4,157,NA,NA,NA,0
723,5,158,NA,NA,NA,0
724,5,158,NA,NA,NA,0
725,5,158,NA,NA,NA,0
726,5,158,NA,NA,NA,0
727,5,158,NA,NA,NA,0
728,3,159,NA,NA,NA,0
729,3,159,NA,NA,NA,0
730,3,159,NA,NA,NA,0
731,4,160,NA,NA,NA,0
732,4,160,NA,NA,NA,0
733,4,160,NA,NA,NA,0
734,4,160,NA,NA,NA,0
735,5,161,NA,NA,NA,0
736,5,161,NA,NA,NA,0
737,5,161,NA,NA,NA,0
738,5,161,NA,NA,NA,0
739,5,161,NA,NA,NA,0
740,5,162,NA,NA,NA,0
741,5,162,NA,NA,NA,0
742,5,162,NA,NA,NA,0
743,5,162,NA,NA,NA,0
744,5,162,NA,NA,NA,0
745,3,163,NA,NA,NA,0
746,3,163,NA,NA,NA,0
747,3,163,NA,NA,NA,0
748,4,164,NA,NA,NA,0
749,4,164,NA,NA,NA,0
750,4,164,NA,NA,NA,0
751,4,164,NA,NA,NA,0
752,5,165,NA,NA,NA,0
753,5,165,NA,NA,NA,0
754,5,165,NA,NA,NA,0
755,5,165,NA,NA,NA,0
756,5,165,NA,NA,NA,0
757,6,166,NA,NA,NA,0
758,6,166,NA,NA,NA,0
759,6,166,NA,NA,NA,0
760,6,166,NA,NA,NA,0
761,6,166,NA,NA,NA,0
762,6,166,NA,NA,NA,0
763,4,167,NA,NA,NA,0
764,4,167,NA,NA,NA,0
765,4,167,NA,NA,NA,0
766,4,167,NA,NA,NA,0
767,4,168,NA,NA,NA,0
768,4,168,NA,NA,NA,0
769,4,168,NA,NA,NA,0
770,4,168,NA,NA,NA,0
771,5,169,NA,NA,NA,0
772,5,169,NA,NA,NA,0
773,5,169,NA,NA,NA,0
774,5,169,NA,NA,NA,0
775,5,169,NA,NA,NA,0
776,3,170,NA,NA,NA,0
777,3,170,NA,NA,NA,0
778,3,170,NA,NA,NA,0
779,5,171,NA,NA,NA,0
780,5,171,NA,NA,NA,0
781,5,171,NA,NA,NA,0
782,5,171,NA,NA,NA,0
783,5,171,NA,NA,NA,0
784,3,172,NA,NA,NA,0
785,3,172,NA,NA,NA,0
786,3,172,NA,NA,NA,0
787,3,173,NA,NA,NA,0
788,3,173,NA,NA,NA,0
789,3,173,NA,NA,NA,0
790,6,174,NA,NA,NA,0
791,6,174,NA,NA,NA,0
792,6,174,NA,NA,NA,0
793,6,174,NA,NA,NA,0
794,6,174,NA,NA,NA,0
795,6,174,NA,NA,NA,0
796,5,175,NA,NA,NA,0
797,5,175,NA,NA,NA,0
798,5,175,NA,NA,NA,0
799,5,175,NA,NA,NA,0
800,5,175,NA,NA,NA,0
801,4,176,NA,NA,NA,0
802,4,176,NA,NA,NA,0
803,4,176,NA,NA,NA,0
804,4,176,NA,NA,NA,0
805,4,177,NA,NA,NA,0
806,4,177,NA,NA,NA,0
807,4,177,NA,NA,NA,0
808,4,177,NA,NA,NA,0
809,5,178,NA,NA,NA,0
810,5,178,NA,NA,NA,0
811,5,178,NA,NA,NA,0
812,5,178,NA,NA,NA,0
813,5,178,NA,NA,NA,0
814,6,179,NA,NA,NA,0
815,6,179,NA,NA,NA,0
816,6,179,NA,NA,NA,0
817,6,179,NA,NA,NA,0
818,6,179,NA,NA,NA,0
819,6,179,NA,NA,NA,0
820,4,180,NA,NA,NA,0
821,4,180,NA,NA,NA,0
822,4,180,NA,NA,NA,0
823,4,180,NA,NA,NA,0
824,6,181,NA,NA,NA,0
825,6,181,NA,NA,NA,0
826,6,181,NA,NA,NA,0
827,6,181,NA,NA,NA,0
828,6,181,NA,NA,NA,0
829,6,181,NA,NA,NA,0
830,5,182,NA,NA,NA,0
831,5,182,NA,NA,NA,0
832,5,182,NA,NA,NA,0
833,5,182,NA,NA,NA,0
834,5,182,NA,NA,NA,0
835,4,183,NA,NA,NA,0
836,4,183,NA,NA,NA,0
837,4,183,NA,NA,NA,0
838,4,183,NA,NA,NA,0
839,6,184,NA,NA,NA,0
840,6,184,NA,NA,NA,0
841,6,184,NA,NA,NA,0
842,6,184,NA,NA,NA,0
843,6,184,NA,NA,NA,0
844,6,184,NA,NA,NA,0
845,3,185,NA,NA,NA,0
846,3,185,NA,NA,NA,0
847,3,185,NA,NA,NA,0
848,5,186,NA,NA,NA,0
849,5,186,NA,NA,NA,0
850,5,186,NA,NA,NA,0
851,5,186,NA,NA,NA,0
852,5,186,NA,NA,NA,0
853,4,187,NA,NA,NA,0
854,4,187,NA,NA,NA,0
855,4,187,NA,NA,NA,0
856,4,187,NA,NA,NA,0
857,6,188,NA,NA,NA,0
858,6,188,NA,NA,NA,0
859,6,188,NA,NA,NA,0
860,6,188,NA,NA,NA,0
861,6,188,NA,NA,NA,0
862,6,188,NA,NA,NA,0
863,3,189,NA,NA,NA,0
864,3,189,NA,NA,NA,0
865,3,189,NA,NA,NA,0
866,3,190,NA,NA,NA,0
867,3,190,NA,NA,NA,0
868,3,190,NA,NA,NA,0
869,3,191,NA,NA,NA,0
870,3,191,NA,NA,NA,0
871,3,191,NA,NA,NA,0
872,3,192,NA,NA,NA,0
873,3,192,NA,NA,NA,0
874,3,192,NA,NA,NA,0
875,3,193,NA,NA,NA,0
876,3,193,NA,NA,NA,0
877,3,193,NA,NA,NA,0
878,3,194,NA,NA,NA,0
879,3,194,NA,NA,NA,0
880,3,194,NA,NA,NA,0
881,3,195,NA,NA,NA,0
882,3,195,NA,NA,NA,0
883,3,195,NA,NA,NA,0
884,3,196,NA,NA,NA,0
885,3,196,NA,NA,NA,0
886,3,196,NA,NA,NA,0
887,5,197,NA,NA,NA,0
888,5,197,NA,NA,NA,0
889,5,197,NA,NA,NA,0
890,5,197,NA,NA,NA,0
891,5,197,NA,NA,NA,0
892,5,198,NA,NA,NA,0
893,5,198,NA,NA,NA,0
894,5,198,NA,NA,NA,0
895,5,198,NA,NA,NA,0
896,5,198,NA,NA,NA,0
897,6,199,NA,NA,NA,0
898,6,199,NA,NA,NA,0
899,6,199,NA,NA,NA,0
900,6,199,NA,NA,NA,0
901,6,199,NA,NA,NA,0
902,6,199,NA,NA,NA,0
903,4,200,NA,NA,NA,0
904,4,200,NA,NA,NA,0
905,4,200,NA,NA,NA,0
906,4,200,NA,NA,NA,0
907,5,201,NA,NA,NA,0
908,5,201,NA,NA,NA,0
909,5,201,NA,NA,NA,0
910,5,201,NA,NA,NA,0
911,5,201,NA,NA,NA,0
912,3,202,NA,NA,NA,0
913,3,202,NA,NA,NA,0
914,3,202,NA,NA,NA,0
915,5,203,NA,NA,NA,0
916,5,203,NA,NA,NA,0
917,5,203,NA,NA,NA,0
918,5,203,NA,NA,NA,0
919,5,203,NA,NA,NA,0
920,4,204,NA,NA,NA,0
921,4,204,NA,NA,NA,0
922,4,204,NA,NA,NA,0
923,4,204,NA,NA,NA,0
924,3,205,NA,NA,NA,0
925,3,205,NA,NA,NA,0
926,3,205,NA,NA,NA,0
927,6,206,NA,NA,NA,0
928,6,206,NA,NA,NA,0
929,6,206,NA,NA,NA,0
930,6,206,NA,NA,NA,0
931,6,206,NA,NA,NA,0
932,6,206,NA,NA,NA,0
933,3,207,NA,NA,NA,0
934,3,207,NA,NA,NA,0
935,3,207,NA,NA,NA,0
936,6,208,NA,NA,NA,0
937,6,208,NA,NA,NA,0
938,6,208,NA,NA,NA,0
939,6,208,NA,NA,NA,0
940,6,208,NA,NA,NA,0
941,6,208,NA,NA,NA,0
942,6,209,NA,NA,NA,0
943,6,209,NA,NA,NA,0
944,6,209,NA,NA,NA,0
945,6,209,NA,NA,NA,0
946,6,209,NA,NA,NA,0
947,6,209,NA,NA,NA,0
948,6,210,NA,NA,NA,0
949,6,210,NA,NA,NA,0
950,6,210,NA,NA,NA,0
951,6,210,NA,NA,NA,0
952,6,210,NA,NA,NA,0
953,6,210,NA,NA,NA,0
954,3,211,NA,NA,NA,0
955,3,211,NA,NA,NA,0
956,3,211,NA,NA,NA,0
957,4,212,NA,NA,NA,0
958,4,212,NA,NA,NA,0
959,4,212,NA,NA,NA,0
960,4,212,NA,NA,NA,0
961,6,213,NA,NA,NA,0
962,6,213,NA,NA,NA,0
963,6,213,NA,NA,NA,0
964,6,213,NA,NA,NA,0
965,6,213,NA,NA,NA,0
966,6,213,NA,NA,NA,0
967,5,214,NA,NA,NA,0
968,5,214,NA,NA,NA,0
969,5,214,NA,NA,NA,0
970,5,214,NA,NA,NA,0
971,5,214,NA,NA,NA,0
972,6,215,NA,NA,NA,0
973,6,215,NA,NA,NA,0
974,6,215,NA,NA,NA,0
975,6,215,NA,NA,NA,0
976,6,215,NA,NA,NA,0
977,6,215,NA,NA,NA,0
978,4,216,NA,NA,NA,0
979,4,216,NA,NA,NA,0
980,4,216,NA,NA,NA,0
981,4,216,NA,NA,NA,0
982,6,217,NA,NA,NA,0
983,6,217,NA,NA,NA,0
984,6,217,NA,NA,NA,0
985,6,217,NA,NA,NA,0
986,6,217,NA,NA,NA,0
987,6,217,NA,NA,NA,0
988,5,218,NA,NA,NA,0
989,5,218,NA,NA,NA,0
990,5,218,NA,NA,NA,0
991,5,218,NA,NA,NA,0
992,5,218,NA,NA,NA,0
993,3,219,NA,NA,NA,0
994,3,219,NA,NA,NA,0
995,3,219,NA,NA,NA,0
996,5,220,NA,NA,NA,0
997,5,220,NA,NA,NA,0
998,5,220,NA,NA,NA,0
999,5,220,NA,NA,NA,0
1000,5,220,NA,NA,NA,0
