"ID","SIZE","HH","TYPE","TIME","S_NUM","I_NUM"
1,5,1,"0",NA,NA,0
2,5,1,NA,NA,NA,0
3,5,1,NA,NA,NA,0
4,5,1,NA,NA,NA,0
5,5,1,NA,NA,NA,0
6,3,2,NA,NA,NA,0
7,3,2,NA,NA,NA,0
8,3,2,NA,NA,NA,0
9,6,3,NA,NA,NA,0
10,6,3,NA,NA,NA,0
11,6,3,NA,NA,NA,0
12,6,3,NA,NA,NA,0
13,6,3,NA,NA,NA,0
14,6,3,NA,NA,NA,0
15,4,4,NA,NA,NA,0
16,4,4,NA,NA,NA,0
17,4,4,"E",NA,2,0
18,4,4,"E",46,2,0
19,5,5,NA,NA,NA,0
20,5,5,NA,NA,NA,0
21,5,5,NA,NA,NA,0
22,5,5,NA,NA,NA,0
23,5,5,NA,NA,NA,0
24,4,6,NA,NA,NA,0
25,4,6,NA,NA,NA,0
26,4,6,NA,NA,NA,0
27,4,6,NA,NA,NA,0
28,3,7,NA,NA,NA,0
29,3,7,NA,NA,NA,0
30,3,7,NA,NA,NA,0
31,4,8,NA,NA,NA,0
32,4,8,NA,NA,NA,0
33,4,8,NA,NA,NA,0
34,4,8,"E",NA,3,0
35,5,9,NA,NA,NA,0
36,5,9,NA,NA,NA,0
37,5,9,NA,NA,NA,0
38,5,9,NA,NA,NA,0
39,5,9,NA,NA,NA,0
40,6,10,NA,NA,NA,0
41,6,10,NA,NA,NA,0
42,6,10,NA,NA,NA,0
43,6,10,NA,NA,NA,0
44,6,10,NA,NA,NA,0
45,6,10,"E",NA,5,0
46,4,11,NA,NA,NA,0
47,4,11,NA,NA,NA,0
48,4,11,NA,NA,NA,0
49,4,11,NA,NA,NA,0
50,4,12,NA,NA,NA,0
51,4,12,"E",108,3,0
52,4,12,NA,NA,NA,0
53,4,12,"E",NA,2,0
54,6,13,"H",NA,2,0
55,6,13,"H",180,3,1
56,6,13,"H",153,4,1
57,6,13,NA,NA,NA,0
58,6,13,NA,NA,NA,0
59,6,13,"E",NA,5,1
60,3,14,NA,NA,NA,0
61,3,14,NA,NA,NA,0
62,3,14,NA,NA,NA,0
63,5,15,NA,NA,NA,0
64,5,15,NA,NA,NA,0
65,5,15,"E",167,4,0
66,5,15,NA,NA,NA,0
67,5,15,NA,NA,NA,0
68,6,16,"H",NA,NA,0
69,6,16,"E",NA,NA,0
70,6,16,NA,NA,NA,0
71,6,16,NA,NA,NA,0
72,6,16,NA,NA,NA,0
73,6,16,"E",NA,5,1
74,5,17,NA,NA,NA,0
75,5,17,NA,NA,NA,0
76,5,17,NA,NA,NA,0
77,5,17,NA,NA,NA,0
78,5,17,NA,NA,NA,0
79,6,18,NA,NA,NA,0
80,6,18,NA,NA,NA,0
81,6,18,NA,NA,NA,0
82,6,18,NA,NA,NA,0
83,6,18,NA,NA,NA,0
84,6,18,NA,NA,NA,0
85,3,19,NA,NA,NA,0
86,3,19,NA,NA,NA,0
87,3,19,NA,NA,NA,0
88,3,20,NA,NA,NA,0
89,3,20,NA,NA,NA,0
90,3,20,NA,NA,NA,0
91,5,21,NA,NA,NA,0
92,5,21,NA,NA,NA,0
93,5,21,NA,NA,NA,0
94,5,21,NA,NA,NA,0
95,5,21,NA,NA,NA,0
96,3,22,NA,NA,NA,0
97,3,22,NA,NA,NA,0
98,3,22,NA,NA,NA,0
99,4,23,NA,NA,NA,0
100,4,23,NA,NA,NA,0
101,4,23,NA,NA,NA,0
102,4,23,NA,NA,NA,0
103,5,24,NA,NA,NA,0
104,5,24,NA,NA,NA,0
105,5,24,"E",229,4,0
106,5,24,NA,NA,NA,0
107,5,24,NA,NA,NA,0
108,6,25,NA,NA,NA,0
109,6,25,NA,NA,NA,0
110,6,25,NA,NA,NA,0
111,6,25,NA,NA,NA,0
112,6,25,"E",208,5,0
113,6,25,NA,NA,NA,0
114,4,26,NA,NA,NA,0
115,4,26,NA,NA,NA,0
116,4,26,"E",NA,3,0
117,4,26,NA,NA,NA,0
118,4,27,NA,NA,NA,0
119,4,27,NA,NA,NA,0
120,4,27,NA,NA,NA,0
121,4,27,NA,NA,NA,0
122,3,28,NA,NA,NA,0
123,3,28,NA,NA,NA,0
124,3,28,NA,NA,NA,0
125,3,29,NA,NA,NA,0
126,3,29,"E",229,2,1
127,3,29,"H",NA,1,0
128,6,30,"H",103,4,0
129,6,30,NA,NA,NA,0
130,6,30,NA,NA,NA,0
131,6,30,NA,NA,NA,0
132,6,30,NA,NA,NA,0
133,6,30,"E",NA,5,1
134,6,31,NA,NA,NA,0
135,6,31,NA,NA,NA,0
136,6,31,NA,NA,NA,0
137,6,31,NA,NA,NA,0
138,6,31,NA,NA,NA,0
139,6,31,NA,NA,NA,0
140,6,32,NA,NA,NA,0
141,6,32,NA,NA,NA,0
142,6,32,NA,NA,NA,0
143,6,32,NA,NA,NA,0
144,6,32,NA,NA,NA,0
145,6,32,NA,NA,NA,0
146,3,33,"E",67,2,0
147,3,33,NA,NA,NA,0
148,3,33,NA,NA,NA,0
149,3,34,NA,NA,NA,0
150,3,34,NA,NA,NA,0
151,3,34,NA,NA,NA,0
152,4,35,NA,NA,NA,0
153,4,35,NA,NA,NA,0
154,4,35,NA,NA,NA,0
155,4,35,NA,NA,NA,0
156,6,36,"E",NA,NA,0
157,6,36,NA,NA,NA,0
158,6,36,NA,NA,NA,0
159,6,36,NA,NA,NA,0
160,6,36,NA,NA,NA,0
161,6,36,NA,NA,NA,0
162,6,37,NA,NA,NA,0
163,6,37,NA,NA,NA,0
164,6,37,"E",246,5,1
165,6,37,"H",NA,4,0
166,6,37,NA,NA,NA,0
167,6,37,NA,NA,NA,0
168,6,38,NA,NA,NA,0
169,6,38,NA,NA,NA,0
170,6,38,"H",365,3,0
171,6,38,"H",344,3,0
172,6,38,NA,NA,NA,0
173,6,38,"E",NA,5,2
174,5,39,NA,NA,NA,0
175,5,39,NA,NA,NA,0
176,5,39,NA,NA,NA,0
177,5,39,NA,NA,NA,0
178,5,39,NA,NA,NA,0
179,4,40,NA,NA,NA,0
180,4,40,NA,NA,NA,0
181,4,40,NA,NA,NA,0
182,4,40,NA,NA,NA,0
183,4,41,NA,NA,NA,0
184,4,41,NA,NA,NA,0
185,4,41,NA,NA,NA,0
186,4,41,NA,NA,NA,0
187,4,42,"E",342,3,1
188,4,42,NA,NA,NA,0
189,4,42,NA,NA,NA,0
190,4,42,"H",NA,NA,0
191,5,43,NA,NA,NA,0
192,5,43,NA,NA,NA,0
193,5,43,NA,NA,NA,0
194,5,43,"E",NA,4,0
195,5,43,NA,NA,NA,0
196,3,44,NA,NA,NA,0
197,3,44,NA,NA,NA,0
198,3,44,NA,NA,NA,0
199,4,45,NA,NA,NA,0
200,4,45,"E",NA,3,0
201,4,45,NA,NA,NA,0
202,4,45,NA,NA,NA,0
203,4,46,NA,NA,NA,0
204,4,46,NA,NA,NA,0
205,4,46,NA,NA,NA,0
206,4,46,NA,NA,NA,0
207,4,47,NA,NA,NA,0
208,4,47,NA,NA,NA,0
209,4,47,NA,NA,NA,0
210,4,47,NA,NA,NA,0
211,6,48,NA,NA,NA,0
212,6,48,NA,NA,NA,0
213,6,48,NA,NA,NA,0
214,6,48,NA,NA,NA,0
215,6,48,NA,NA,NA,0
216,6,48,NA,NA,NA,0
217,4,49,NA,NA,NA,0
218,4,49,NA,NA,NA,0
219,4,49,NA,NA,NA,0
220,4,49,NA,NA,NA,0
221,4,50,NA,NA,NA,0
222,4,50,NA,NA,NA,0
223,4,50,NA,NA,NA,0
224,4,50,"E",70,3,0
225,3,51,NA,NA,NA,0
226,3,51,NA,NA,NA,0
227,3,51,NA,NA,NA,0
228,4,52,NA,NA,NA,0
229,4,52,"E",362,3,0
230,4,52,NA,NA,NA,0
231,4,52,NA,NA,NA,0
232,4,53,NA,NA,NA,0
233,4,53,NA,NA,NA,0
234,4,53,NA,NA,NA,0
235,4,53,NA,NA,NA,0
236,3,54,NA,NA,NA,0
237,3,54,NA,NA,NA,0
238,3,54,NA,NA,NA,0
239,4,55,NA,NA,NA,0
240,4,55,NA,NA,NA,0
241,4,55,NA,NA,NA,0
242,4,55,NA,NA,NA,0
243,5,56,NA,NA,NA,0
244,5,56,NA,NA,NA,0
245,5,56,NA,NA,NA,0
246,5,56,NA,NA,NA,0
247,5,56,NA,NA,NA,0
248,4,57,NA,NA,NA,0
249,4,57,NA,NA,NA,0
250,4,57,NA,NA,NA,0
251,4,57,"E",NA,3,0
252,3,58,NA,NA,NA,0
253,3,58,NA,NA,NA,0
254,3,58,NA,NA,NA,0
255,3,59,"E",331,2,0
256,3,59,NA,NA,NA,0
257,3,59,NA,NA,NA,0
258,5,60,NA,NA,NA,0
259,5,60,NA,NA,NA,0
260,5,60,NA,NA,NA,0
261,5,60,NA,NA,NA,0
262,5,60,NA,NA,NA,0
263,5,61,NA,NA,NA,0
264,5,61,NA,NA,NA,0
265,5,61,NA,NA,NA,0
266,5,61,"E",167,4,0
267,5,61,NA,NA,NA,0
268,3,62,NA,NA,NA,0
269,3,62,NA,NA,NA,0
270,3,62,NA,NA,NA,0
271,3,63,NA,NA,NA,0
272,3,63,NA,NA,NA,0
273,3,63,NA,NA,NA,0
274,4,64,NA,NA,NA,0
275,4,64,NA,NA,NA,0
276,4,64,NA,NA,NA,0
277,4,64,NA,NA,NA,0
278,3,65,NA,NA,NA,0
279,3,65,NA,NA,NA,0
280,3,65,NA,NA,NA,0
281,4,66,"E",224,3,0
282,4,66,NA,NA,NA,0
283,4,66,NA,NA,NA,0
284,4,66,"E",338,2,0
285,6,67,NA,NA,NA,0
286,6,67,NA,NA,NA,0
287,6,67,NA,NA,NA,0
288,6,67,NA,NA,NA,0
289,6,67,NA,NA,NA,0
290,6,67,NA,NA,NA,0
291,3,68,"E",94,1,0
292,3,68,NA,NA,NA,0
293,3,68,"E",NA,1,0
294,3,69,NA,NA,NA,0
295,3,69,NA,NA,NA,0
296,3,69,NA,NA,NA,0
297,4,70,NA,NA,NA,0
298,4,70,NA,NA,NA,0
299,4,70,NA,NA,NA,0
300,4,70,NA,NA,NA,0
301,4,71,NA,NA,NA,0
302,4,71,NA,NA,NA,0
303,4,71,NA,NA,NA,0
304,4,71,NA,NA,NA,0
305,3,72,"H",NA,1,0
306,3,72,"E",NA,0,0
307,3,72,"E",NA,2,1
308,4,73,NA,NA,NA,0
309,4,73,NA,NA,NA,0
310,4,73,NA,NA,NA,0
311,4,73,NA,NA,NA,0
312,6,74,NA,NA,NA,0
313,6,74,NA,NA,NA,0
314,6,74,NA,NA,NA,0
315,6,74,NA,NA,NA,0
316,6,74,NA,NA,NA,0
317,6,74,NA,NA,NA,0
318,6,75,NA,NA,NA,0
319,6,75,NA,NA,NA,0
320,6,75,NA,NA,NA,0
321,6,75,NA,NA,NA,0
322,6,75,NA,NA,NA,0
323,6,75,NA,NA,NA,0
324,3,76,NA,NA,NA,0
325,3,76,NA,NA,NA,0
326,3,76,NA,NA,NA,0
327,6,77,"H",NA,1,0
328,6,77,"H",NA,NA,0
329,6,77,"C",266,5,2
330,6,77,"H",NA,3,2
331,6,77,NA,NA,NA,0
332,6,77,"H",NA,3,0
333,4,78,NA,NA,NA,0
334,4,78,NA,NA,NA,0
335,4,78,NA,NA,NA,0
336,4,78,"E",175,3,0
337,6,79,NA,NA,NA,0
338,6,79,"H",140,4,2
339,6,79,NA,NA,NA,0
340,6,79,"E",118,5,1
341,6,79,"H",NA,2,0
342,6,79,"H",182,2,0
343,5,80,NA,NA,NA,0
344,5,80,NA,NA,NA,0
345,5,80,NA,NA,NA,0
346,5,80,NA,NA,NA,0
347,5,80,NA,NA,NA,0
348,6,81,NA,NA,NA,0
349,6,81,NA,NA,NA,0
350,6,81,NA,NA,NA,0
351,6,81,NA,NA,NA,0
352,6,81,NA,NA,NA,0
353,6,81,NA,NA,NA,0
354,5,82,NA,NA,NA,0
355,5,82,NA,NA,NA,0
356,5,82,NA,NA,NA,0
357,5,82,NA,NA,NA,0
358,5,82,NA,NA,NA,0
359,6,83,NA,NA,NA,0
360,6,83,NA,NA,NA,0
361,6,83,NA,NA,NA,0
362,6,83,NA,NA,NA,0
363,6,83,NA,NA,NA,0
364,6,83,NA,NA,NA,0
365,3,84,NA,NA,NA,0
366,3,84,NA,NA,NA,0
367,3,84,NA,NA,NA,0
368,5,85,NA,NA,NA,0
369,5,85,NA,NA,NA,0
370,5,85,NA,NA,NA,0
371,5,85,NA,NA,NA,0
372,5,85,NA,NA,NA,0
373,5,86,NA,NA,NA,0
374,5,86,NA,NA,NA,0
375,5,86,NA,NA,NA,0
376,5,86,NA,NA,NA,0
377,5,86,"E",NA,4,0
378,3,87,NA,NA,NA,0
379,3,87,NA,NA,NA,0
380,3,87,NA,NA,NA,0
381,3,88,NA,NA,NA,0
382,3,88,NA,NA,NA,0
383,3,88,NA,NA,NA,0
384,6,89,"E",365,5,2
385,6,89,"H",NA,NA,0
386,6,89,NA,NA,NA,0
387,6,89,NA,NA,NA,0
388,6,89,NA,NA,NA,0
389,6,89,"H",NA,NA,0
390,4,90,NA,NA,NA,0
391,4,90,"E",279,2,0
392,4,90,"E",158,3,0
393,4,90,NA,NA,NA,0
394,4,91,NA,NA,NA,0
395,4,91,"E",NA,NA,0
396,4,91,NA,NA,NA,0
397,4,91,NA,NA,NA,0
398,6,92,NA,NA,NA,0
399,6,92,NA,NA,NA,0
400,6,92,NA,NA,NA,0
401,6,92,NA,NA,NA,0
402,6,92,NA,NA,NA,0
403,6,92,NA,NA,NA,0
404,3,93,NA,NA,NA,0
405,3,93,NA,NA,NA,0
406,3,93,NA,NA,NA,0
407,3,94,NA,NA,NA,0
408,3,94,NA,NA,NA,0
409,3,94,NA,NA,NA,0
410,3,95,NA,NA,NA,0
411,3,95,NA,NA,NA,0
412,3,95,NA,NA,NA,0
413,5,96,NA,NA,NA,0
414,5,96,NA,NA,NA,0
415,5,96,NA,NA,NA,0
416,5,96,NA,NA,NA,0
417,5,96,NA,NA,NA,0
418,4,97,NA,NA,NA,0
419,4,97,NA,NA,NA,0
420,4,97,NA,NA,NA,0
421,4,97,NA,NA,NA,0
422,3,98,NA,NA,NA,0
423,3,98,NA,NA,NA,0
424,3,98,NA,NA,NA,0
425,6,99,"H",NA,4,0
426,6,99,NA,NA,NA,0
427,6,99,"E",156,5,1
428,6,99,NA,NA,NA,0
429,6,99,NA,NA,NA,0
430,6,99,NA,NA,NA,0
431,5,100,"H",179,2,0
432,5,100,NA,NA,NA,0
433,5,100,"H",NA,2,0
434,5,100,"E",140,4,2
435,5,100,NA,NA,NA,0
436,5,101,NA,NA,NA,0
437,5,101,NA,NA,NA,0
438,5,101,NA,NA,NA,0
439,5,101,NA,NA,NA,0
440,5,101,NA,NA,NA,0
441,6,102,NA,NA,NA,0
442,6,102,NA,NA,NA,0
443,6,102,NA,NA,NA,0
444,6,102,NA,NA,NA,0
445,6,102,NA,NA,NA,0
446,6,102,NA,NA,NA,0
447,5,103,NA,NA,NA,0
448,5,103,NA,NA,NA,0
449,5,103,NA,NA,NA,0
450,5,103,NA,NA,NA,0
451,5,103,NA,NA,NA,0
452,5,104,NA,NA,NA,0
453,5,104,NA,NA,NA,0
454,5,104,NA,NA,NA,0
455,5,104,"E",NA,NA,0
456,5,104,NA,NA,NA,0
457,4,105,NA,NA,NA,0
458,4,105,NA,NA,NA,0
459,4,105,NA,NA,NA,0
460,4,105,NA,NA,NA,0
461,6,106,"E",NA,5,0
462,6,106,NA,NA,NA,0
463,6,106,NA,NA,NA,0
464,6,106,NA,NA,NA,0
465,6,106,NA,NA,NA,0
466,6,106,NA,NA,NA,0
467,6,107,NA,NA,NA,0
468,6,107,NA,NA,NA,0
469,6,107,NA,NA,NA,0
470,6,107,NA,NA,NA,0
471,6,107,NA,NA,NA,0
472,6,107,NA,NA,NA,0
473,6,108,NA,NA,NA,0
474,6,108,NA,NA,NA,0
475,6,108,NA,NA,NA,0
476,6,108,"H",329,3,0
477,6,108,"E",296,4,1
478,6,108,"E",302,3,0
479,3,109,NA,NA,NA,0
480,3,109,NA,NA,NA,0
481,3,109,NA,NA,NA,0
482,5,110,"E",NA,4,0
483,5,110,NA,NA,NA,0
484,5,110,NA,NA,NA,0
485,5,110,NA,NA,NA,0
486,5,110,NA,NA,NA,0
487,6,111,NA,NA,NA,0
488,6,111,NA,NA,NA,0
489,6,111,NA,NA,NA,0
490,6,111,NA,NA,NA,0
491,6,111,NA,NA,NA,0
492,6,111,NA,NA,NA,0
493,5,112,NA,NA,NA,0
494,5,112,NA,NA,NA,0
495,5,112,NA,NA,NA,0
496,5,112,NA,NA,NA,0
497,5,112,NA,NA,NA,0
498,6,113,NA,NA,NA,0
499,6,113,NA,NA,NA,0
500,6,113,NA,NA,NA,0
501,6,113,NA,NA,NA,0
502,6,113,NA,NA,NA,0
503,6,113,NA,NA,NA,0
504,6,114,NA,NA,NA,0
505,6,114,NA,NA,NA,0
506,6,114,NA,NA,NA,0
507,6,114,NA,NA,NA,0
508,6,114,NA,NA,NA,0
509,6,114,NA,NA,NA,0
510,3,115,NA,NA,NA,0
511,3,115,NA,NA,NA,0
512,3,115,NA,NA,NA,0
513,6,116,NA,NA,NA,0
514,6,116,NA,NA,NA,0
515,6,116,NA,NA,NA,0
516,6,116,NA,NA,NA,0
517,6,116,NA,NA,NA,0
518,6,116,NA,NA,NA,0
519,3,117,NA,NA,NA,0
520,3,117,NA,NA,NA,0
521,3,117,NA,NA,NA,0
522,4,118,NA,NA,NA,0
523,4,118,NA,NA,NA,0
524,4,118,NA,NA,NA,0
525,4,118,NA,NA,NA,0
526,6,119,NA,NA,NA,0
527,6,119,NA,NA,NA,0
528,6,119,NA,NA,NA,0
529,6,119,NA,NA,NA,0
530,6,119,NA,NA,NA,0
531,6,119,NA,NA,NA,0
532,6,120,NA,NA,NA,0
533,6,120,NA,NA,NA,0
534,6,120,NA,NA,NA,0
535,6,120,NA,NA,NA,0
536,6,120,NA,NA,NA,0
537,6,120,NA,NA,NA,0
538,4,121,NA,NA,NA,0
539,4,121,NA,NA,NA,0
540,4,121,NA,NA,NA,0
541,4,121,NA,NA,NA,0
542,6,122,NA,NA,NA,0
543,6,122,NA,NA,NA,0
544,6,122,NA,NA,NA,0
545,6,122,NA,NA,NA,0
546,6,122,NA,NA,NA,0
547,6,122,NA,NA,NA,0
548,6,123,NA,NA,NA,0
549,6,123,NA,NA,NA,0
550,6,123,NA,NA,NA,0
551,6,123,NA,NA,NA,0
552,6,123,NA,NA,NA,0
553,6,123,NA,NA,NA,0
554,4,124,"E",NA,3,0
555,4,124,NA,NA,NA,0
556,4,124,NA,NA,NA,0
557,4,124,NA,NA,NA,0
558,3,125,NA,NA,NA,0
559,3,125,NA,NA,NA,0
560,3,125,NA,NA,NA,0
561,3,126,NA,NA,NA,0
562,3,126,NA,NA,NA,0
563,3,126,NA,NA,NA,0
564,3,127,NA,NA,NA,0
565,3,127,NA,NA,NA,0
566,3,127,NA,NA,NA,0
567,4,128,"E",NA,3,0
568,4,128,NA,NA,NA,0
569,4,128,NA,NA,NA,0
570,4,128,NA,NA,NA,0
571,3,129,NA,NA,NA,0
572,3,129,NA,NA,NA,0
573,3,129,NA,NA,NA,0
574,6,130,NA,NA,NA,0
575,6,130,NA,NA,NA,0
576,6,130,NA,NA,NA,0
577,6,130,NA,NA,NA,0
578,6,130,NA,NA,NA,0
579,6,130,NA,NA,NA,0
580,5,131,NA,NA,NA,0
581,5,131,NA,NA,NA,0
582,5,131,NA,NA,NA,0
583,5,131,NA,NA,NA,0
584,5,131,NA,NA,NA,0
585,4,132,NA,NA,NA,0
586,4,132,NA,NA,NA,0
587,4,132,NA,NA,NA,0
588,4,132,NA,NA,NA,0
589,3,133,NA,NA,NA,0
590,3,133,NA,NA,NA,0
591,3,133,NA,NA,NA,0
592,5,134,NA,NA,NA,0
593,5,134,NA,NA,NA,0
594,5,134,NA,NA,NA,0
595,5,134,NA,NA,NA,0
596,5,134,NA,NA,NA,0
597,4,135,NA,NA,NA,0
598,4,135,NA,NA,NA,0
599,4,135,NA,NA,NA,0
600,4,135,NA,NA,NA,0
601,5,136,"E",NA,3,0
602,5,136,"E",218,3,0
603,5,136,NA,NA,NA,0
604,5,136,NA,NA,NA,0
605,5,136,NA,NA,NA,0
606,3,137,NA,NA,NA,0
607,3,137,NA,NA,NA,0
608,3,137,NA,NA,NA,0
609,5,138,NA,NA,NA,0
610,5,138,NA,NA,NA,0
611,5,138,NA,NA,NA,0
612,5,138,NA,NA,NA,0
613,5,138,NA,NA,NA,0
614,4,139,NA,NA,NA,0
615,4,139,NA,NA,NA,0
616,4,139,NA,NA,NA,0
617,4,139,NA,NA,NA,0
618,3,140,NA,NA,NA,0
619,3,140,NA,NA,NA,0
620,3,140,NA,NA,NA,0
621,4,141,"E",281,3,0
622,4,141,NA,NA,NA,0
623,4,141,NA,NA,NA,0
624,4,141,NA,NA,NA,0
625,3,142,NA,NA,NA,0
626,3,142,NA,NA,NA,0
627,3,142,NA,NA,NA,0
628,3,143,NA,NA,NA,0
629,3,143,NA,NA,NA,0
630,3,143,NA,NA,NA,0
631,6,144,NA,NA,NA,0
632,6,144,NA,NA,NA,0
633,6,144,NA,NA,NA,0
634,6,144,NA,NA,NA,0
635,6,144,NA,NA,NA,0
636,6,144,NA,NA,NA,0
637,3,145,NA,NA,NA,0
638,3,145,NA,NA,NA,0
639,3,145,NA,NA,NA,0
640,3,146,NA,NA,NA,0
641,3,146,NA,NA,NA,0
642,3,146,NA,NA,NA,0
643,5,147,NA,NA,NA,0
644,5,147,NA,NA,NA,0
645,5,147,NA,NA,NA,0
646,5,147,NA,NA,NA,0
647,5,147,NA,NA,NA,0
648,3,148,NA,NA,NA,0
649,3,148,NA,NA,NA,0
650,3,148,NA,NA,NA,0
651,6,149,NA,NA,NA,0
652,6,149,NA,NA,NA,0
653,6,149,NA,NA,NA,0
654,6,149,NA,NA,NA,0
655,6,149,NA,NA,NA,0
656,6,149,NA,NA,NA,0
657,3,150,NA,NA,NA,0
658,3,150,NA,NA,NA,0
659,3,150,NA,NA,NA,0
660,3,151,NA,NA,NA,0
661,3,151,NA,NA,NA,0
662,3,151,NA,NA,NA,0
663,5,152,NA,NA,NA,0
664,5,152,NA,NA,NA,0
665,5,152,"H",371,3,0
666,5,152,NA,NA,NA,0
667,5,152,"E",354,4,1
668,6,153,NA,NA,NA,0
669,6,153,NA,NA,NA,0
670,6,153,NA,NA,NA,0
671,6,153,NA,NA,NA,0
672,6,153,NA,NA,NA,0
673,6,153,NA,NA,NA,0
674,5,154,NA,NA,NA,0
675,5,154,NA,NA,NA,0
676,5,154,NA,NA,NA,0
677,5,154,"E",277,4,0
678,5,154,NA,NA,NA,0
679,3,155,NA,NA,NA,0
680,3,155,NA,NA,NA,0
681,3,155,NA,NA,NA,0
682,4,156,NA,NA,NA,0
683,4,156,NA,NA,NA,0
684,4,156,NA,NA,NA,0
685,4,156,NA,NA,NA,0
686,4,157,NA,NA,NA,0
687,4,157,"E",142,3,0
688,4,157,NA,NA,NA,0
689,4,157,NA,NA,NA,0
690,6,158,NA,NA,NA,0
691,6,158,"E",197,5,0
692,6,158,NA,NA,NA,0
693,6,158,NA,NA,NA,0
694,6,158,NA,NA,NA,0
695,6,158,NA,NA,NA,0
696,4,159,NA,NA,NA,0
697,4,159,NA,NA,NA,0
698,4,159,"E",311,3,0
699,4,159,NA,NA,NA,0
700,3,160,NA,NA,NA,0
701,3,160,NA,NA,NA,0
702,3,160,NA,NA,NA,0
703,3,161,"E",NA,2,0
704,3,161,NA,NA,NA,0
705,3,161,NA,NA,NA,0
706,5,162,NA,NA,NA,0
707,5,162,NA,NA,NA,0
708,5,162,NA,NA,NA,0
709,5,162,NA,NA,NA,0
710,5,162,NA,NA,NA,0
711,4,163,NA,NA,NA,0
712,4,163,NA,NA,NA,0
713,4,163,NA,NA,NA,0
714,4,163,NA,NA,NA,0
715,5,164,NA,NA,NA,0
716,5,164,NA,NA,NA,0
717,5,164,NA,NA,NA,0
718,5,164,"E",NA,4,0
719,5,164,NA,NA,NA,0
720,4,165,NA,NA,NA,0
721,4,165,NA,NA,NA,0
722,4,165,NA,NA,NA,0
723,4,165,"E",NA,3,0
724,3,166,NA,NA,NA,0
725,3,166,NA,NA,NA,0
726,3,166,NA,NA,NA,0
727,6,167,NA,NA,NA,0
728,6,167,NA,NA,NA,0
729,6,167,NA,NA,NA,0
730,6,167,NA,NA,NA,0
731,6,167,NA,NA,NA,0
732,6,167,NA,NA,NA,0
733,5,168,NA,NA,NA,0
734,5,168,NA,NA,NA,0
735,5,168,NA,NA,NA,0
736,5,168,"E",290,4,0
737,5,168,NA,NA,NA,0
738,4,169,NA,NA,NA,0
739,4,169,NA,NA,NA,0
740,4,169,NA,NA,NA,0
741,4,169,NA,NA,NA,0
742,5,170,NA,NA,NA,0
743,5,170,"H",NA,NA,0
744,5,170,NA,NA,NA,0
745,5,170,NA,NA,NA,0
746,5,170,"E",361,4,1
747,5,171,NA,NA,NA,0
748,5,171,NA,NA,NA,0
749,5,171,NA,NA,NA,0
750,5,171,NA,NA,NA,0
751,5,171,NA,NA,NA,0
752,4,172,NA,NA,NA,0
753,4,172,NA,NA,NA,0
754,4,172,NA,NA,NA,0
755,4,172,NA,NA,NA,0
756,4,173,NA,NA,NA,0
757,4,173,NA,NA,NA,0
758,4,173,NA,NA,NA,0
759,4,173,NA,NA,NA,0
760,4,174,NA,NA,NA,0
761,4,174,NA,NA,NA,0
762,4,174,NA,NA,NA,0
763,4,174,"E",NA,3,0
764,4,175,NA,NA,NA,0
765,4,175,NA,NA,NA,0
766,4,175,NA,NA,NA,0
767,4,175,NA,NA,NA,0
768,6,176,"E",358,5,1
769,6,176,NA,NA,NA,0
770,6,176,NA,NA,NA,0
771,6,176,"H",NA,NA,0
772,6,176,NA,NA,NA,0
773,6,176,NA,NA,NA,0
774,6,177,NA,NA,NA,0
775,6,177,NA,NA,NA,0
776,6,177,NA,NA,NA,0
777,6,177,NA,NA,NA,0
778,6,177,NA,NA,NA,0
779,6,177,NA,NA,NA,0
780,6,178,NA,NA,NA,0
781,6,178,NA,NA,NA,0
782,6,178,NA,NA,NA,0
783,6,178,NA,NA,NA,0
784,6,178,NA,NA,NA,0
785,6,178,NA,NA,NA,0
786,3,179,NA,NA,NA,0
787,3,179,NA,NA,NA,0
788,3,179,NA,NA,NA,0
789,3,180,NA,NA,NA,0
790,3,180,NA,NA,NA,0
791,3,180,NA,NA,NA,0
792,3,181,NA,NA,NA,0
793,3,181,NA,NA,NA,0
794,3,181,NA,NA,NA,0
795,6,182,NA,NA,NA,0
796,6,182,NA,NA,NA,0
797,6,182,NA,NA,NA,0
798,6,182,NA,NA,NA,0
799,6,182,NA,NA,NA,0
800,6,182,NA,NA,NA,0
801,3,183,NA,NA,NA,0
802,3,183,NA,NA,NA,0
803,3,183,NA,NA,NA,0
804,3,184,NA,NA,NA,0
805,3,184,NA,NA,NA,0
806,3,184,NA,NA,NA,0
807,6,185,NA,NA,NA,0
808,6,185,"H",242,4,0
809,6,185,NA,NA,NA,0
810,6,185,NA,NA,NA,0
811,6,185,NA,NA,NA,0
812,6,185,"E",NA,5,1
813,5,186,NA,NA,NA,0
814,5,186,NA,NA,NA,0
815,5,186,NA,NA,NA,0
816,5,186,NA,NA,NA,0
817,5,186,NA,NA,NA,0
818,6,187,NA,NA,NA,0
819,6,187,NA,NA,NA,0
820,6,187,NA,NA,NA,0
821,6,187,NA,NA,NA,0
822,6,187,NA,NA,NA,0
823,6,187,"E",NA,5,0
824,6,188,NA,NA,NA,0
825,6,188,NA,NA,NA,0
826,6,188,NA,NA,NA,0
827,6,188,NA,NA,NA,0
828,6,188,NA,NA,NA,0
829,6,188,NA,NA,NA,0
830,4,189,NA,NA,NA,0
831,4,189,NA,NA,NA,0
832,4,189,NA,NA,NA,0
833,4,189,NA,NA,NA,0
834,3,190,NA,NA,NA,0
835,3,190,NA,NA,NA,0
836,3,190,NA,NA,NA,0
837,6,191,NA,NA,NA,0
838,6,191,NA,NA,NA,0
839,6,191,NA,NA,NA,0
840,6,191,NA,NA,NA,0
841,6,191,NA,NA,NA,0
842,6,191,NA,NA,NA,0
843,6,192,NA,NA,NA,0
844,6,192,NA,NA,NA,0
845,6,192,NA,NA,NA,0
846,6,192,NA,NA,NA,0
847,6,192,NA,NA,NA,0
848,6,192,NA,NA,NA,0
849,3,193,NA,NA,NA,0
850,3,193,NA,NA,NA,0
851,3,193,NA,NA,NA,0
852,5,194,"E",57,4,0
853,5,194,NA,NA,NA,0
854,5,194,NA,NA,NA,0
855,5,194,NA,NA,NA,0
856,5,194,NA,NA,NA,0
857,4,195,NA,NA,NA,0
858,4,195,NA,NA,NA,0
859,4,195,NA,NA,NA,0
860,4,195,NA,NA,NA,0
861,3,196,NA,NA,NA,0
862,3,196,NA,NA,NA,0
863,3,196,NA,NA,NA,0
864,3,197,NA,NA,NA,0
865,3,197,NA,NA,NA,0
866,3,197,NA,NA,NA,0
867,3,198,NA,NA,NA,0
868,3,198,NA,NA,NA,0
869,3,198,NA,NA,NA,0
870,3,199,NA,NA,NA,0
871,3,199,NA,NA,NA,0
872,3,199,NA,NA,NA,0
873,3,200,NA,NA,NA,0
874,3,200,"E",NA,2,0
875,3,200,NA,NA,NA,0
876,4,201,NA,NA,NA,0
877,4,201,NA,NA,NA,0
878,4,201,NA,NA,NA,0
879,4,201,NA,NA,NA,0
880,4,202,"E",NA,3,0
881,4,202,NA,NA,NA,0
882,4,202,NA,NA,NA,0
883,4,202,NA,NA,NA,0
884,4,203,NA,NA,NA,0
885,4,203,NA,NA,NA,0
886,4,203,NA,NA,NA,0
887,4,203,NA,NA,NA,0
888,3,204,NA,NA,NA,0
889,3,204,NA,NA,NA,0
890,3,204,NA,NA,NA,0
891,4,205,NA,NA,NA,0
892,4,205,NA,NA,NA,0
893,4,205,NA,NA,NA,0
894,4,205,NA,NA,NA,0
895,4,206,NA,NA,NA,0
896,4,206,NA,NA,NA,0
897,4,206,NA,NA,NA,0
898,4,206,NA,NA,NA,0
899,6,207,NA,NA,NA,0
900,6,207,NA,NA,NA,0
901,6,207,NA,NA,NA,0
902,6,207,NA,NA,NA,0
903,6,207,NA,NA,NA,0
904,6,207,NA,NA,NA,0
905,5,208,NA,NA,NA,0
906,5,208,NA,NA,NA,0
907,5,208,NA,NA,NA,0
908,5,208,NA,NA,NA,0
909,5,208,NA,NA,NA,0
910,5,209,NA,NA,NA,0
911,5,209,NA,NA,NA,0
912,5,209,NA,NA,NA,0
913,5,209,"E",NA,NA,0
914,5,209,NA,NA,NA,0
915,4,210,NA,NA,NA,0
916,4,210,NA,NA,NA,0
917,4,210,NA,NA,NA,0
918,4,210,NA,NA,NA,0
919,3,211,NA,NA,NA,0
920,3,211,NA,NA,NA,0
921,3,211,NA,NA,NA,0
922,3,212,NA,NA,NA,0
923,3,212,NA,NA,NA,0
924,3,212,NA,NA,NA,0
925,5,213,NA,NA,NA,0
926,5,213,NA,NA,NA,0
927,5,213,NA,NA,NA,0
928,5,213,"E",NA,NA,0
929,5,213,NA,NA,NA,0
930,3,214,NA,NA,NA,0
931,3,214,NA,NA,NA,0
932,3,214,NA,NA,NA,0
933,5,215,NA,NA,NA,0
934,5,215,NA,NA,NA,0
935,5,215,NA,NA,NA,0
936,5,215,NA,NA,NA,0
937,5,215,NA,NA,NA,0
938,3,216,NA,NA,NA,0
939,3,216,NA,NA,NA,0
940,3,216,NA,NA,NA,0
941,6,217,NA,NA,NA,0
942,6,217,NA,NA,NA,0
943,6,217,NA,NA,NA,0
944,6,217,NA,NA,NA,0
945,6,217,NA,NA,NA,0
946,6,217,NA,NA,NA,0
947,6,218,"E",NA,5,0
948,6,218,NA,NA,NA,0
949,6,218,NA,NA,NA,0
950,6,218,NA,NA,NA,0
951,6,218,NA,NA,NA,0
952,6,218,NA,NA,NA,0
953,4,219,NA,NA,NA,0
954,4,219,NA,NA,NA,0
955,4,219,NA,NA,NA,0
956,4,219,NA,NA,NA,0
957,5,220,NA,NA,NA,0
958,5,220,NA,NA,NA,0
959,5,220,NA,NA,NA,0
960,5,220,NA,NA,NA,0
961,5,220,NA,NA,NA,0
962,4,221,NA,NA,NA,0
963,4,221,NA,NA,NA,0
964,4,221,NA,NA,NA,0
965,4,221,NA,NA,NA,0
966,5,222,NA,NA,NA,0
967,5,222,NA,NA,NA,0
968,5,222,"E",60,4,0
969,5,222,NA,NA,NA,0
970,5,222,NA,NA,NA,0
971,4,223,NA,NA,NA,0
972,4,223,NA,NA,NA,0
973,4,223,NA,NA,NA,0
974,4,223,NA,NA,NA,0
975,3,224,NA,NA,NA,0
976,3,224,NA,NA,NA,0
977,3,224,NA,NA,NA,0
978,3,225,NA,NA,NA,0
979,3,225,NA,NA,NA,0
980,3,225,NA,NA,NA,0
981,6,226,NA,NA,NA,0
982,6,226,NA,NA,NA,0
983,6,226,"E",NA,5,1
984,6,226,NA,NA,NA,0
985,6,226,"H",52,4,0
986,6,226,NA,NA,NA,0
987,3,227,NA,NA,NA,0
988,3,227,NA,NA,NA,0
989,3,227,NA,NA,NA,0
990,4,228,NA,NA,NA,0
991,4,228,NA,NA,NA,0
992,4,228,NA,NA,NA,0
993,4,228,NA,NA,NA,0
994,3,229,"E",NA,NA,0
995,3,229,NA,NA,NA,0
996,3,229,NA,NA,NA,0
997,4,230,NA,NA,NA,0
998,4,230,"E",NA,3,0
999,4,230,NA,NA,NA,0
1000,4,230,NA,NA,NA,0
