"ID","SIZE","HH","TYPE","TIME","S_NUM","I_NUM"
1,3,1,"0",NA,NA,0
2,3,1,"E",NA,1,0
3,3,1,NA,NA,NA,0
4,3,2,"E",NA,2,0
5,3,2,NA,NA,NA,0
6,3,2,NA,NA,NA,0
7,6,3,"E",NA,5,0
8,6,3,"E",NA,4,1
9,6,3,"H",NA,1,0
10,6,3,"H",179,3,1
11,6,3,NA,NA,NA,0
12,6,3,"H",NA,2,1
13,6,4,"E",NA,5,0
14,6,4,NA,NA,NA,0
15,6,4,NA,NA,NA,0
16,6,4,NA,NA,NA,0
17,6,4,NA,NA,NA,0
18,6,4,NA,NA,NA,0
19,4,5,NA,NA,NA,0
20,4,5,NA,NA,NA,0
21,4,5,NA,NA,NA,0
22,4,5,NA,NA,NA,0
23,4,6,NA,NA,NA,0
24,4,6,NA,NA,NA,0
25,4,6,NA,NA,NA,0
26,4,6,NA,NA,NA,0
27,5,7,NA,NA,NA,0
28,5,7,NA,NA,NA,0
29,5,7,NA,NA,NA,0
30,5,7,NA,NA,NA,0
31,5,7,NA,NA,NA,0
32,3,8,"E",205,2,0
33,3,8,NA,NA,NA,0
34,3,8,NA,NA,NA,0
35,3,9,NA,NA,NA,0
36,3,9,NA,NA,NA,0
37,3,9,NA,NA,NA,0
38,5,10,NA,NA,NA,0
39,5,10,NA,NA,NA,0
40,5,10,NA,NA,NA,0
41,5,10,NA,NA,NA,0
42,5,10,NA,NA,NA,0
43,5,11,"E",223,4,1
44,5,11,NA,NA,NA,0
45,5,11,"H",301,3,0
46,5,11,NA,NA,NA,0
47,5,11,NA,NA,NA,0
48,4,12,NA,NA,NA,0
49,4,12,NA,NA,NA,0
50,4,12,NA,NA,NA,0
51,4,12,NA,NA,NA,0
52,5,13,NA,NA,NA,0
53,5,13,NA,NA,NA,0
54,5,13,NA,NA,NA,0
55,5,13,NA,NA,NA,0
56,5,13,NA,NA,NA,0
57,5,14,NA,NA,NA,0
58,5,14,NA,NA,NA,0
59,5,14,NA,NA,NA,0
60,5,14,NA,NA,NA,0
61,5,14,NA,NA,NA,0
62,4,15,NA,NA,NA,0
63,4,15,NA,NA,NA,0
64,4,15,NA,NA,NA,0
65,4,15,NA,NA,NA,0
66,6,16,NA,NA,NA,0
67,6,16,NA,NA,NA,0
68,6,16,NA,NA,NA,0
69,6,16,NA,NA,NA,0
70,6,16,NA,NA,NA,0
71,6,16,NA,NA,NA,0
72,5,17,NA,NA,NA,0
73,5,17,NA,NA,NA,0
74,5,17,NA,NA,NA,0
75,5,17,NA,NA,NA,0
76,5,17,NA,NA,NA,0
77,4,18,NA,NA,NA,0
78,4,18,NA,NA,NA,0
79,4,18,NA,NA,NA,0
80,4,18,NA,NA,NA,0
81,6,19,"E",NA,NA,0
82,6,19,NA,NA,NA,0
83,6,19,NA,NA,NA,0
84,6,19,NA,NA,NA,0
85,6,19,NA,NA,NA,0
86,6,19,NA,NA,NA,0
87,4,20,NA,NA,NA,0
88,4,20,NA,NA,NA,0
89,4,20,NA,NA,NA,0
90,4,20,"E",NA,NA,0
91,5,21,NA,NA,NA,0
92,5,21,NA,NA,NA,0
93,5,21,NA,NA,NA,0
94,5,21,NA,NA,NA,0
95,5,21,NA,NA,NA,0
96,4,22,NA,NA,NA,0
97,4,22,NA,NA,NA,0
98,4,22,NA,NA,NA,0
99,4,22,NA,NA,NA,0
100,6,23,NA,NA,NA,0
101,6,23,"H",NA,4,1
102,6,23,"E",NA,5,1
103,6,23,"H",235,3,1
104,6,23,"H",NA,2,0
105,6,23,NA,NA,NA,0
106,5,24,NA,NA,NA,0
107,5,24,NA,NA,NA,0
108,5,24,NA,NA,NA,0
109,5,24,NA,NA,NA,0
110,5,24,NA,NA,NA,0
111,6,25,NA,NA,NA,0
112,6,25,NA,NA,NA,0
113,6,25,NA,NA,NA,0
114,6,25,NA,NA,NA,0
115,6,25,NA,NA,NA,0
116,6,25,NA,NA,NA,0
117,4,26,NA,NA,NA,0
118,4,26,NA,NA,NA,0
119,4,26,NA,NA,NA,0
120,4,26,NA,NA,NA,0
121,4,27,NA,NA,NA,0
122,4,27,"E",139,3,0
123,4,27,NA,NA,NA,0
124,4,27,"E",NA,2,0
125,4,28,NA,NA,NA,0
126,4,28,"E",79,3,0
127,4,28,NA,NA,NA,0
128,4,28,NA,NA,NA,0
129,5,29,NA,NA,NA,0
130,5,29,NA,NA,NA,0
131,5,29,NA,NA,NA,0
132,5,29,NA,NA,NA,0
133,5,29,NA,NA,NA,0
134,4,30,NA,NA,NA,0
135,4,30,NA,NA,NA,0
136,4,30,"E",73,3,0
137,4,30,NA,NA,NA,0
138,3,31,NA,NA,NA,0
139,3,31,NA,NA,NA,0
140,3,31,NA,NA,NA,0
141,4,32,NA,NA,NA,0
142,4,32,NA,NA,NA,0
143,4,32,NA,NA,NA,0
144,4,32,NA,NA,NA,0
145,4,33,NA,NA,NA,0
146,4,33,NA,NA,NA,0
147,4,33,NA,NA,NA,0
148,4,33,NA,NA,NA,0
149,3,34,NA,NA,NA,0
150,3,34,NA,NA,NA,0
151,3,34,NA,NA,NA,0
152,5,35,NA,NA,NA,0
153,5,35,NA,NA,NA,0
154,5,35,"E",NA,4,1
155,5,35,"H",NA,3,0
156,5,35,NA,NA,NA,0
157,6,36,NA,NA,NA,0
158,6,36,NA,NA,NA,0
159,6,36,NA,NA,NA,0
160,6,36,NA,NA,NA,0
161,6,36,NA,NA,NA,0
162,6,36,NA,NA,NA,0
163,5,37,NA,NA,NA,0
164,5,37,NA,NA,NA,0
165,5,37,NA,NA,NA,0
166,5,37,NA,NA,NA,0
167,5,37,"E",64,4,0
168,5,38,NA,NA,NA,0
169,5,38,"E",NA,3,0
170,5,38,NA,NA,NA,0
171,5,38,NA,NA,NA,0
172,5,38,"E",196,4,0
173,4,39,NA,NA,NA,0
174,4,39,NA,NA,NA,0
175,4,39,NA,NA,NA,0
176,4,39,NA,NA,NA,0
177,3,40,NA,NA,NA,0
178,3,40,NA,NA,NA,0
179,3,40,"E",NA,NA,0
180,6,41,NA,NA,NA,0
181,6,41,"E",214,5,0
182,6,41,NA,NA,NA,0
183,6,41,NA,NA,NA,0
184,6,41,NA,NA,NA,0
185,6,41,NA,NA,NA,0
186,6,42,NA,NA,NA,0
187,6,42,NA,NA,NA,0
188,6,42,NA,NA,NA,0
189,6,42,NA,NA,NA,0
190,6,42,NA,NA,NA,0
191,6,42,NA,NA,NA,0
192,3,43,NA,NA,NA,0
193,3,43,NA,NA,NA,0
194,3,43,NA,NA,NA,0
195,4,44,NA,NA,NA,0
196,4,44,NA,NA,NA,0
197,4,44,NA,NA,NA,0
198,4,44,NA,NA,NA,0
199,3,45,NA,NA,NA,0
200,3,45,NA,NA,NA,0
201,3,45,NA,NA,NA,0
202,4,46,NA,NA,NA,0
203,4,46,"E",178,3,0
204,4,46,NA,NA,NA,0
205,4,46,NA,NA,NA,0
206,4,47,NA,NA,NA,0
207,4,47,NA,NA,NA,0
208,4,47,NA,NA,NA,0
209,4,47,"E",155,3,0
210,4,48,NA,NA,NA,0
211,4,48,NA,NA,NA,0
212,4,48,NA,NA,NA,0
213,4,48,NA,NA,NA,0
214,3,49,NA,NA,NA,0
215,3,49,NA,NA,NA,0
216,3,49,NA,NA,NA,0
217,3,50,NA,NA,NA,0
218,3,50,NA,NA,NA,0
219,3,50,NA,NA,NA,0
220,5,51,NA,NA,NA,0
221,5,51,NA,NA,NA,0
222,5,51,NA,NA,NA,0
223,5,51,NA,NA,NA,0
224,5,51,NA,NA,NA,0
225,3,52,NA,NA,NA,0
226,3,52,NA,NA,NA,0
227,3,52,"E",NA,NA,0
228,3,53,NA,NA,NA,0
229,3,53,NA,NA,NA,0
230,3,53,NA,NA,NA,0
231,4,54,"E",163,3,0
232,4,54,NA,NA,NA,0
233,4,54,NA,NA,NA,0
234,4,54,NA,NA,NA,0
235,5,55,NA,NA,NA,0
236,5,55,NA,NA,NA,0
237,5,55,NA,NA,NA,0
238,5,55,NA,NA,NA,0
239,5,55,NA,NA,NA,0
240,5,56,NA,NA,NA,0
241,5,56,NA,NA,NA,0
242,5,56,NA,NA,NA,0
243,5,56,NA,NA,NA,0
244,5,56,"E",263,4,0
245,3,57,NA,NA,NA,0
246,3,57,NA,NA,NA,0
247,3,57,NA,NA,NA,0
248,3,58,"E",146,2,1
249,3,58,"H",180,1,1
250,3,58,"H",201,0,0
251,4,59,NA,NA,NA,0
252,4,59,NA,NA,NA,0
253,4,59,"E",NA,3,0
254,4,59,NA,NA,NA,0
255,4,60,NA,NA,NA,0
256,4,60,NA,NA,NA,0
257,4,60,NA,NA,NA,0
258,4,60,NA,NA,NA,0
259,3,61,NA,NA,NA,0
260,3,61,NA,NA,NA,0
261,3,61,NA,NA,NA,0
262,6,62,NA,NA,NA,0
263,6,62,NA,NA,NA,0
264,6,62,NA,NA,NA,0
265,6,62,NA,NA,NA,0
266,6,62,NA,NA,NA,0
267,6,62,NA,NA,NA,0
268,6,63,NA,NA,NA,0
269,6,63,NA,NA,NA,0
270,6,63,NA,NA,NA,0
271,6,63,NA,NA,NA,0
272,6,63,NA,NA,NA,0
273,6,63,NA,NA,NA,0
274,6,64,NA,NA,NA,0
275,6,64,NA,NA,NA,0
276,6,64,NA,NA,NA,0
277,6,64,NA,NA,NA,0
278,6,64,NA,NA,NA,0
279,6,64,NA,NA,NA,0
280,4,65,"E",258,3,1
281,4,65,"H",NA,2,0
282,4,65,NA,NA,NA,0
283,4,65,NA,NA,NA,0
284,5,66,NA,NA,NA,0
285,5,66,NA,NA,NA,0
286,5,66,NA,NA,NA,0
287,5,66,NA,NA,NA,0
288,5,66,NA,NA,NA,0
289,3,67,NA,NA,NA,0
290,3,67,NA,NA,NA,0
291,3,67,NA,NA,NA,0
292,6,68,NA,NA,NA,0
293,6,68,NA,NA,NA,0
294,6,68,NA,NA,NA,0
295,6,68,NA,NA,NA,0
296,6,68,NA,NA,NA,0
297,6,68,NA,NA,NA,0
298,5,69,NA,NA,NA,0
299,5,69,NA,NA,NA,0
300,5,69,NA,NA,NA,0
301,5,69,NA,NA,NA,0
302,5,69,NA,NA,NA,0
303,3,70,NA,NA,NA,0
304,3,70,NA,NA,NA,0
305,3,70,NA,NA,NA,0
306,4,71,NA,NA,NA,0
307,4,71,NA,NA,NA,0
308,4,71,NA,NA,NA,0
309,4,71,NA,NA,NA,0
310,6,72,NA,NA,NA,0
311,6,72,NA,NA,NA,0
312,6,72,NA,NA,NA,0
313,6,72,NA,NA,NA,0
314,6,72,"E",NA,5,0
315,6,72,NA,NA,NA,0
316,4,73,NA,NA,NA,0
317,4,73,"E",34,3,1
318,4,73,"H",60,2,0
319,4,73,"E",NA,NA,0
320,3,74,NA,NA,NA,0
321,3,74,NA,NA,NA,0
322,3,74,NA,NA,NA,0
323,4,75,NA,NA,NA,0
324,4,75,NA,NA,NA,0
325,4,75,NA,NA,NA,0
326,4,75,NA,NA,NA,0
327,5,76,NA,NA,NA,0
328,5,76,NA,NA,NA,0
329,5,76,NA,NA,NA,0
330,5,76,NA,NA,NA,0
331,5,76,NA,NA,NA,0
332,3,77,NA,NA,NA,0
333,3,77,NA,NA,NA,0
334,3,77,NA,NA,NA,0
335,6,78,NA,NA,NA,0
336,6,78,NA,NA,NA,0
337,6,78,NA,NA,NA,0
338,6,78,NA,NA,NA,0
339,6,78,NA,NA,NA,0
340,6,78,NA,NA,NA,0
341,4,79,NA,NA,NA,0
342,4,79,NA,NA,NA,0
343,4,79,NA,NA,NA,0
344,4,79,NA,NA,NA,0
345,6,80,"H",208,3,1
346,6,80,"H",NA,4,1
347,6,80,NA,NA,NA,0
348,6,80,"E",NA,5,1
349,6,80,"H",NA,2,1
350,6,80,"H",268,1,0
351,3,81,NA,NA,NA,0
352,3,81,"E",NA,2,0
353,3,81,NA,NA,NA,0
354,3,82,NA,NA,NA,0
355,3,82,NA,NA,NA,0
356,3,82,NA,NA,NA,0
357,5,83,NA,NA,NA,0
358,5,83,NA,NA,NA,0
359,5,83,NA,NA,NA,0
360,5,83,NA,NA,NA,0
361,5,83,NA,NA,NA,0
362,4,84,NA,NA,NA,0
363,4,84,NA,NA,NA,0
364,4,84,NA,NA,NA,0
365,4,84,NA,NA,NA,0
366,3,85,NA,NA,NA,0
367,3,85,NA,NA,NA,0
368,3,85,NA,NA,NA,0
369,3,86,"E",NA,2,1
370,3,86,NA,NA,NA,0
371,3,86,"H",266,1,0
372,4,87,NA,NA,NA,0
373,4,87,NA,NA,NA,0
374,4,87,NA,NA,NA,0
375,4,87,"E",NA,3,0
376,4,88,NA,NA,NA,0
377,4,88,NA,NA,NA,0
378,4,88,NA,NA,NA,0
379,4,88,"E",NA,3,0
380,5,89,NA,NA,NA,0
381,5,89,NA,NA,NA,0
382,5,89,"E",163,3,0
383,5,89,"E",146,3,0
384,5,89,NA,NA,NA,0
385,5,90,"E",NA,NA,0
386,5,90,NA,NA,NA,0
387,5,90,NA,NA,NA,0
388,5,90,NA,NA,NA,0
389,5,90,NA,NA,NA,0
390,3,91,NA,NA,NA,0
391,3,91,NA,NA,NA,0
392,3,91,"E",NA,2,0
393,4,92,NA,NA,NA,0
394,4,92,NA,NA,NA,0
395,4,92,NA,NA,NA,0
396,4,92,NA,NA,NA,0
397,6,93,NA,NA,NA,0
398,6,93,NA,NA,NA,0
399,6,93,NA,NA,NA,0
400,6,93,NA,NA,NA,0
401,6,93,NA,NA,NA,0
402,6,93,NA,NA,NA,0
403,5,94,NA,NA,NA,0
404,5,94,NA,NA,NA,0
405,5,94,NA,NA,NA,0
406,5,94,NA,NA,NA,0
407,5,94,NA,NA,NA,0
408,3,95,NA,NA,NA,0
409,3,95,"E",346,2,0
410,3,95,NA,NA,NA,0
411,6,96,NA,NA,NA,0
412,6,96,NA,NA,NA,0
413,6,96,NA,NA,NA,0
414,6,96,NA,NA,NA,0
415,6,96,NA,NA,NA,0
416,6,96,NA,NA,NA,0
417,5,97,NA,NA,NA,0
418,5,97,NA,NA,NA,0
419,5,97,NA,NA,NA,0
420,5,97,NA,NA,NA,0
421,5,97,NA,NA,NA,0
422,4,98,NA,NA,NA,0
423,4,98,NA,NA,NA,0
424,4,98,NA,NA,NA,0
425,4,98,NA,NA,NA,0
426,5,99,NA,NA,NA,0
427,5,99,NA,NA,NA,0
428,5,99,NA,NA,NA,0
429,5,99,NA,NA,NA,0
430,5,99,NA,NA,NA,0
431,6,100,NA,NA,NA,0
432,6,100,NA,NA,NA,0
433,6,100,NA,NA,NA,0
434,6,100,NA,NA,NA,0
435,6,100,NA,NA,NA,0
436,6,100,NA,NA,NA,0
437,6,101,"E",NA,NA,0
438,6,101,NA,NA,NA,0
439,6,101,NA,NA,NA,0
440,6,101,NA,NA,NA,0
441,6,101,NA,NA,NA,0
442,6,101,NA,NA,NA,0
443,4,102,NA,NA,NA,0
444,4,102,NA,NA,NA,0
445,4,102,"E",45,3,0
446,4,102,NA,NA,NA,0
447,3,103,NA,NA,NA,0
448,3,103,NA,NA,NA,0
449,3,103,NA,NA,NA,0
450,3,104,NA,NA,NA,0
451,3,104,NA,NA,NA,0
452,3,104,NA,NA,NA,0
453,4,105,NA,NA,NA,0
454,4,105,NA,NA,NA,0
455,4,105,NA,NA,NA,0
456,4,105,NA,NA,NA,0
457,4,106,NA,NA,NA,0
458,4,106,NA,NA,NA,0
459,4,106,NA,NA,NA,0
460,4,106,NA,NA,NA,0
461,5,107,NA,NA,NA,0
462,5,107,NA,NA,NA,0
463,5,107,NA,NA,NA,0
464,5,107,NA,NA,NA,0
465,5,107,NA,NA,NA,0
466,5,108,NA,NA,NA,0
467,5,108,NA,NA,NA,0
468,5,108,NA,NA,NA,0
469,5,108,NA,NA,NA,0
470,5,108,NA,NA,NA,0
471,5,109,NA,NA,NA,0
472,5,109,NA,NA,NA,0
473,5,109,NA,NA,NA,0
474,5,109,NA,NA,NA,0
475,5,109,"E",NA,4,0
476,3,110,NA,NA,NA,0
477,3,110,"E",NA,NA,0
478,3,110,NA,NA,NA,0
479,6,111,NA,NA,NA,0
480,6,111,NA,NA,NA,0
481,6,111,NA,NA,NA,0
482,6,111,NA,NA,NA,0
483,6,111,NA,NA,NA,0
484,6,111,NA,NA,NA,0
485,3,112,NA,NA,NA,0
486,3,112,NA,NA,NA,0
487,3,112,NA,NA,NA,0
488,6,113,NA,NA,NA,0
489,6,113,NA,NA,NA,0
490,6,113,NA,NA,NA,0
491,6,113,"E",193,5,0
492,6,113,NA,NA,NA,0
493,6,113,NA,NA,NA,0
494,3,114,NA,NA,NA,0
495,3,114,NA,NA,NA,0
496,3,114,NA,NA,NA,0
497,4,115,NA,NA,NA,0
498,4,115,NA,NA,NA,0
499,4,115,NA,NA,NA,0
500,4,115,NA,NA,NA,0
501,4,116,NA,NA,NA,0
502,4,116,NA,NA,NA,0
503,4,116,NA,NA,NA,0
504,4,116,NA,NA,NA,0
505,4,117,NA,NA,NA,0
506,4,117,NA,NA,NA,0
507,4,117,NA,NA,NA,0
508,4,117,NA,NA,NA,0
509,3,118,NA,NA,NA,0
510,3,118,NA,NA,NA,0
511,3,118,NA,NA,NA,0
512,4,119,NA,NA,NA,0
513,4,119,NA,NA,NA,0
514,4,119,NA,NA,NA,0
515,4,119,NA,NA,NA,0
516,5,120,NA,NA,NA,0
517,5,120,NA,NA,NA,0
518,5,120,NA,NA,NA,0
519,5,120,NA,NA,NA,0
520,5,120,NA,NA,NA,0
521,5,121,NA,NA,NA,0
522,5,121,NA,NA,NA,0
523,5,121,"E",NA,NA,0
524,5,121,NA,NA,NA,0
525,5,121,NA,NA,NA,0
526,6,122,NA,NA,NA,0
527,6,122,NA,NA,NA,0
528,6,122,NA,NA,NA,0
529,6,122,NA,NA,NA,0
530,6,122,NA,NA,NA,0
531,6,122,NA,NA,NA,0
532,4,123,NA,NA,NA,0
533,4,123,NA,NA,NA,0
534,4,123,NA,NA,NA,0
535,4,123,NA,NA,NA,0
536,3,124,NA,NA,NA,0
537,3,124,NA,NA,NA,0
538,3,124,NA,NA,NA,0
539,3,125,"E",123,2,0
540,3,125,NA,NA,NA,0
541,3,125,NA,NA,NA,0
542,3,126,NA,NA,NA,0
543,3,126,NA,NA,NA,0
544,3,126,NA,NA,NA,0
545,3,127,NA,NA,NA,0
546,3,127,NA,NA,NA,0
547,3,127,NA,NA,NA,0
548,6,128,NA,NA,NA,0
549,6,128,NA,NA,NA,0
550,6,128,NA,NA,NA,0
551,6,128,NA,NA,NA,0
552,6,128,"E",NA,NA,0
553,6,128,NA,NA,NA,0
554,4,129,"E",NA,3,0
555,4,129,NA,NA,NA,0
556,4,129,NA,NA,NA,0
557,4,129,NA,NA,NA,0
558,6,130,NA,NA,NA,0
559,6,130,NA,NA,NA,0
560,6,130,NA,NA,NA,0
561,6,130,NA,NA,NA,0
562,6,130,NA,NA,NA,0
563,6,130,NA,NA,NA,0
564,6,131,NA,NA,NA,0
565,6,131,NA,NA,NA,0
566,6,131,"E",302,5,0
567,6,131,NA,NA,NA,0
568,6,131,NA,NA,NA,0
569,6,131,NA,NA,NA,0
570,4,132,NA,NA,NA,0
571,4,132,NA,NA,NA,0
572,4,132,NA,NA,NA,0
573,4,132,"E",146,3,0
574,4,133,NA,NA,NA,0
575,4,133,NA,NA,NA,0
576,4,133,NA,NA,NA,0
577,4,133,NA,NA,NA,0
578,5,134,NA,NA,NA,0
579,5,134,NA,NA,NA,0
580,5,134,NA,NA,NA,0
581,5,134,NA,NA,NA,0
582,5,134,NA,NA,NA,0
583,5,135,"E",355,4,0
584,5,135,NA,NA,NA,0
585,5,135,NA,NA,NA,0
586,5,135,NA,NA,NA,0
587,5,135,NA,NA,NA,0
588,4,136,NA,NA,NA,0
589,4,136,NA,NA,NA,0
590,4,136,NA,NA,NA,0
591,4,136,NA,NA,NA,0
592,4,137,NA,NA,NA,0
593,4,137,NA,NA,NA,0
594,4,137,NA,NA,NA,0
595,4,137,"E",NA,3,0
596,4,138,NA,NA,NA,0
597,4,138,NA,NA,NA,0
598,4,138,NA,NA,NA,0
599,4,138,NA,NA,NA,0
600,5,139,NA,NA,NA,0
601,5,139,NA,NA,NA,0
602,5,139,"E",NA,4,0
603,5,139,"E",230,3,0
604,5,139,NA,NA,NA,0
605,3,140,NA,NA,NA,0
606,3,140,NA,NA,NA,0
607,3,140,"E",NA,2,0
608,5,141,NA,NA,NA,0
609,5,141,NA,NA,NA,0
610,5,141,"E",353,4,0
611,5,141,NA,NA,NA,0
612,5,141,NA,NA,NA,0
613,4,142,NA,NA,NA,0
614,4,142,NA,NA,NA,0
615,4,142,NA,NA,NA,0
616,4,142,NA,NA,NA,0
617,5,143,NA,NA,NA,0
618,5,143,NA,NA,NA,0
619,5,143,NA,NA,NA,0
620,5,143,NA,NA,NA,0
621,5,143,NA,NA,NA,0
622,5,144,NA,NA,NA,0
623,5,144,NA,NA,NA,0
624,5,144,NA,NA,NA,0
625,5,144,"E",52,4,0
626,5,144,NA,NA,NA,0
627,4,145,NA,NA,NA,0
628,4,145,NA,NA,NA,0
629,4,145,NA,NA,NA,0
630,4,145,NA,NA,NA,0
631,3,146,NA,NA,NA,0
632,3,146,NA,NA,NA,0
633,3,146,"E",NA,2,0
634,5,147,NA,NA,NA,0
635,5,147,NA,NA,NA,0
636,5,147,NA,NA,NA,0
637,5,147,NA,NA,NA,0
638,5,147,NA,NA,NA,0
639,3,148,NA,NA,NA,0
640,3,148,NA,NA,NA,0
641,3,148,NA,NA,NA,0
642,3,149,NA,NA,NA,0
643,3,149,NA,NA,NA,0
644,3,149,NA,NA,NA,0
645,4,150,"H",62,1,0
646,4,150,"E",NA,1,0
647,4,150,NA,NA,NA,0
648,4,150,"E",46,2,1
649,3,151,NA,NA,NA,0
650,3,151,NA,NA,NA,0
651,3,151,NA,NA,NA,0
652,3,152,NA,NA,NA,0
653,3,152,NA,NA,NA,0
654,3,152,NA,NA,NA,0
655,6,153,NA,NA,NA,0
656,6,153,NA,NA,NA,0
657,6,153,NA,NA,NA,0
658,6,153,NA,NA,NA,0
659,6,153,NA,NA,NA,0
660,6,153,NA,NA,NA,0
661,5,154,NA,NA,NA,0
662,5,154,NA,NA,NA,0
663,5,154,NA,NA,NA,0
664,5,154,NA,NA,NA,0
665,5,154,NA,NA,NA,0
666,4,155,NA,NA,NA,0
667,4,155,NA,NA,NA,0
668,4,155,"E",NA,3,0
669,4,155,NA,NA,NA,0
670,4,156,NA,NA,NA,0
671,4,156,NA,NA,NA,0
672,4,156,"E",202,3,1
673,4,156,"H",234,2,0
674,3,157,NA,NA,NA,0
675,3,157,NA,NA,NA,0
676,3,157,NA,NA,NA,0
677,4,158,NA,NA,NA,0
678,4,158,NA,NA,NA,0
679,4,158,NA,NA,NA,0
680,4,158,NA,NA,NA,0
681,3,159,NA,NA,NA,0
682,3,159,NA,NA,NA,0
683,3,159,NA,NA,NA,0
684,6,160,NA,NA,NA,0
685,6,160,NA,NA,NA,0
686,6,160,NA,NA,NA,0
687,6,160,NA,NA,NA,0
688,6,160,NA,NA,NA,0
689,6,160,NA,NA,NA,0
690,3,161,NA,NA,NA,0
691,3,161,NA,NA,NA,0
692,3,161,NA,NA,NA,0
693,3,162,NA,NA,NA,0
694,3,162,NA,NA,NA,0
695,3,162,NA,NA,NA,0
696,6,163,NA,NA,NA,0
697,6,163,NA,NA,NA,0
698,6,163,NA,NA,NA,0
699,6,163,NA,NA,NA,0
700,6,163,"E",NA,NA,0
701,6,163,NA,NA,NA,0
702,6,164,NA,NA,NA,0
703,6,164,NA,NA,NA,0
704,6,164,NA,NA,NA,0
705,6,164,NA,NA,NA,0
706,6,164,NA,NA,NA,0
707,6,164,NA,NA,NA,0
708,4,165,NA,NA,NA,0
709,4,165,NA,NA,NA,0
710,4,165,NA,NA,NA,0
711,4,165,NA,NA,NA,0
712,6,166,NA,NA,NA,0
713,6,166,NA,NA,NA,0
714,6,166,NA,NA,NA,0
715,6,166,NA,NA,NA,0
716,6,166,NA,NA,NA,0
717,6,166,NA,NA,NA,0
718,3,167,"E",325,2,0
719,3,167,NA,NA,NA,0
720,3,167,NA,NA,NA,0
721,5,168,NA,NA,NA,0
722,5,168,"E",NA,4,0
723,5,168,NA,NA,NA,0
724,5,168,NA,NA,NA,0
725,5,168,NA,NA,NA,0
726,4,169,"E",170,3,0
727,4,169,NA,NA,NA,0
728,4,169,NA,NA,NA,0
729,4,169,NA,NA,NA,0
730,5,170,NA,NA,NA,0
731,5,170,NA,NA,NA,0
732,5,170,NA,NA,NA,0
733,5,170,NA,NA,NA,0
734,5,170,NA,NA,NA,0
735,3,171,NA,NA,NA,0
736,3,171,NA,NA,NA,0
737,3,171,NA,NA,NA,0
738,6,172,"H",NA,4,0
739,6,172,NA,NA,NA,0
740,6,172,NA,NA,NA,0
741,6,172,NA,NA,NA,0
742,6,172,NA,NA,NA,0
743,6,172,"E",NA,5,1
744,3,173,NA,NA,NA,0
745,3,173,"E",333,2,0
746,3,173,NA,NA,NA,0
747,6,174,NA,NA,NA,0
748,6,174,NA,NA,NA,0
749,6,174,NA,NA,NA,0
750,6,174,NA,NA,NA,0
751,6,174,NA,NA,NA,0
752,6,174,NA,NA,NA,0
753,4,175,NA,NA,NA,0
754,4,175,NA,NA,NA,0
755,4,175,NA,NA,NA,0
756,4,175,NA,NA,NA,0
757,6,176,NA,NA,NA,0
758,6,176,NA,NA,NA,0
759,6,176,NA,NA,NA,0
760,6,176,NA,NA,NA,0
761,6,176,NA,NA,NA,0
762,6,176,NA,NA,NA,0
763,4,177,NA,NA,NA,0
764,4,177,NA,NA,NA,0
765,4,177,"E",NA,NA,0
766,4,177,"E",NA,3,0
767,5,178,NA,NA,NA,0
768,5,178,NA,NA,NA,0
769,5,178,NA,NA,NA,0
770,5,178,NA,NA,NA,0
771,5,178,NA,NA,NA,0
772,6,179,NA,NA,NA,0
773,6,179,NA,NA,NA,0
774,6,179,NA,NA,NA,0
775,6,179,NA,NA,NA,0
776,6,179,NA,NA,NA,0
777,6,179,NA,NA,NA,0
778,6,180,NA,NA,NA,0
779,6,180,NA,NA,NA,0
780,6,180,NA,NA,NA,0
781,6,180,NA,NA,NA,0
782,6,180,NA,NA,NA,0
783,6,180,NA,NA,NA,0
784,6,181,"E",NA,5,1
785,6,181,"H",NA,4,1
786,6,181,"H",NA,3,1
787,6,181,NA,NA,NA,0
788,6,181,"H",NA,2,0
789,6,181,NA,NA,NA,0
790,5,182,NA,NA,NA,0
791,5,182,NA,NA,NA,0
792,5,182,NA,NA,NA,0
793,5,182,NA,NA,NA,0
794,5,182,NA,NA,NA,0
795,6,183,NA,NA,NA,0
796,6,183,NA,NA,NA,0
797,6,183,"E",344,5,1
798,6,183,"H",NA,NA,0
799,6,183,NA,NA,NA,0
800,6,183,NA,NA,NA,0
801,5,184,NA,NA,NA,0
802,5,184,NA,NA,NA,0
803,5,184,NA,NA,NA,0
804,5,184,NA,NA,NA,0
805,5,184,NA,NA,NA,0
806,3,185,NA,NA,NA,0
807,3,185,NA,NA,NA,0
808,3,185,NA,NA,NA,0
809,4,186,NA,NA,NA,0
810,4,186,NA,NA,NA,0
811,4,186,NA,NA,NA,0
812,4,186,NA,NA,NA,0
813,3,187,NA,NA,NA,0
814,3,187,NA,NA,NA,0
815,3,187,NA,NA,NA,0
816,4,188,NA,NA,NA,0
817,4,188,NA,NA,NA,0
818,4,188,NA,NA,NA,0
819,4,188,NA,NA,NA,0
820,6,189,NA,NA,NA,0
821,6,189,NA,NA,NA,0
822,6,189,NA,NA,NA,0
823,6,189,NA,NA,NA,0
824,6,189,NA,NA,NA,0
825,6,189,NA,NA,NA,0
826,5,190,NA,NA,NA,0
827,5,190,NA,NA,NA,0
828,5,190,NA,NA,NA,0
829,5,190,NA,NA,NA,0
830,5,190,NA,NA,NA,0
831,3,191,"E",NA,2,0
832,3,191,NA,NA,NA,0
833,3,191,NA,NA,NA,0
834,4,192,NA,NA,NA,0
835,4,192,NA,NA,NA,0
836,4,192,NA,NA,NA,0
837,4,192,NA,NA,NA,0
838,6,193,NA,NA,NA,0
839,6,193,NA,NA,NA,0
840,6,193,NA,NA,NA,0
841,6,193,NA,NA,NA,0
842,6,193,NA,NA,NA,0
843,6,193,"E",NA,NA,0
844,3,194,NA,NA,NA,0
845,3,194,NA,NA,NA,0
846,3,194,NA,NA,NA,0
847,3,195,NA,NA,NA,0
848,3,195,NA,NA,NA,0
849,3,195,NA,NA,NA,0
850,4,196,NA,NA,NA,0
851,4,196,NA,NA,NA,0
852,4,196,NA,NA,NA,0
853,4,196,NA,NA,NA,0
854,5,197,NA,NA,NA,0
855,5,197,NA,NA,NA,0
856,5,197,NA,NA,NA,0
857,5,197,"E",NA,NA,0
858,5,197,NA,NA,NA,0
859,4,198,NA,NA,NA,0
860,4,198,NA,NA,NA,0
861,4,198,NA,NA,NA,0
862,4,198,NA,NA,NA,0
863,4,199,NA,NA,NA,0
864,4,199,NA,NA,NA,0
865,4,199,NA,NA,NA,0
866,4,199,NA,NA,NA,0
867,4,200,NA,NA,NA,0
868,4,200,"E",NA,3,0
869,4,200,NA,NA,NA,0
870,4,200,NA,NA,NA,0
871,6,201,NA,NA,NA,0
872,6,201,NA,NA,NA,0
873,6,201,NA,NA,NA,0
874,6,201,NA,NA,NA,0
875,6,201,NA,NA,NA,0
876,6,201,NA,NA,NA,0
877,3,202,NA,NA,NA,0
878,3,202,NA,NA,NA,0
879,3,202,NA,NA,NA,0
880,6,203,NA,NA,NA,0
881,6,203,NA,NA,NA,0
882,6,203,NA,NA,NA,0
883,6,203,NA,NA,NA,0
884,6,203,"E",NA,5,0
885,6,203,NA,NA,NA,0
886,5,204,NA,NA,NA,0
887,5,204,NA,NA,NA,0
888,5,204,"E",367,4,0
889,5,204,NA,NA,NA,0
890,5,204,NA,NA,NA,0
891,5,205,"E",323,2,0
892,5,205,"E",299,3,1
893,5,205,NA,NA,NA,0
894,5,205,"E",NA,NA,0
895,5,205,"H",NA,1,0
896,3,206,NA,NA,NA,0
897,3,206,NA,NA,NA,0
898,3,206,NA,NA,NA,0
899,3,207,NA,NA,NA,0
900,3,207,"H",NA,1,0
901,3,207,"E",303,2,1
902,6,208,NA,NA,NA,0
903,6,208,NA,NA,NA,0
904,6,208,NA,NA,NA,0
905,6,208,NA,NA,NA,0
906,6,208,NA,NA,NA,0
907,6,208,NA,NA,NA,0
908,6,209,NA,NA,NA,0
909,6,209,NA,NA,NA,0
910,6,209,NA,NA,NA,0
911,6,209,NA,NA,NA,0
912,6,209,NA,NA,NA,0
913,6,209,NA,NA,NA,0
914,3,210,NA,NA,NA,0
915,3,210,NA,NA,NA,0
916,3,210,NA,NA,NA,0
917,4,211,NA,NA,NA,0
918,4,211,NA,NA,NA,0
919,4,211,NA,NA,NA,0
920,4,211,NA,NA,NA,0
921,6,212,"E",NA,5,1
922,6,212,NA,NA,NA,0
923,6,212,NA,NA,NA,0
924,6,212,"H",NA,4,1
925,6,212,NA,NA,NA,0
926,6,212,"H",NA,3,0
927,6,213,NA,NA,NA,0
928,6,213,NA,NA,NA,0
929,6,213,NA,NA,NA,0
930,6,213,NA,NA,NA,0
931,6,213,NA,NA,NA,0
932,6,213,NA,NA,NA,0
933,6,214,NA,NA,NA,0
934,6,214,NA,NA,NA,0
935,6,214,NA,NA,NA,0
936,6,214,NA,NA,NA,0
937,6,214,NA,NA,NA,0
938,6,214,NA,NA,NA,0
939,3,215,NA,NA,NA,0
940,3,215,NA,NA,NA,0
941,3,215,NA,NA,NA,0
942,3,216,NA,NA,NA,0
943,3,216,NA,NA,NA,0
944,3,216,"E",272,2,0
945,4,217,NA,NA,NA,0
946,4,217,NA,NA,NA,0
947,4,217,"E",250,3,0
948,4,217,NA,NA,NA,0
949,5,218,"E",NA,NA,0
950,5,218,NA,NA,NA,0
951,5,218,NA,NA,NA,0
952,5,218,NA,NA,NA,0
953,5,218,NA,NA,NA,0
954,3,219,NA,NA,NA,0
955,3,219,NA,NA,NA,0
956,3,219,NA,NA,NA,0
957,3,220,NA,NA,NA,0
958,3,220,NA,NA,NA,0
959,3,220,NA,NA,NA,0
960,6,221,"E",26,5,2
961,6,221,NA,NA,NA,0
962,6,221,"H",NA,3,0
963,6,221,"H",NA,3,0
964,6,221,"E",NA,2,0
965,6,221,NA,NA,NA,0
966,3,222,NA,NA,NA,0
967,3,222,NA,NA,NA,0
968,3,222,NA,NA,NA,0
969,3,223,NA,NA,NA,0
970,3,223,NA,NA,NA,0
971,3,223,NA,NA,NA,0
972,3,224,NA,NA,NA,0
973,3,224,NA,NA,NA,0
974,3,224,"E",NA,2,0
975,4,225,"E",NA,2,0
976,4,225,"E",NA,2,0
977,4,225,NA,NA,NA,0
978,4,225,NA,NA,NA,0
979,3,226,NA,NA,NA,0
980,3,226,NA,NA,NA,0
981,3,226,NA,NA,NA,0
982,5,227,NA,NA,NA,0
983,5,227,NA,NA,NA,0
984,5,227,NA,NA,NA,0
985,5,227,NA,NA,NA,0
986,5,227,NA,NA,NA,0
987,3,228,NA,NA,NA,0
988,3,228,"E",NA,1,0
989,3,228,"E",97,2,0
990,4,229,NA,NA,NA,0
991,4,229,NA,NA,NA,0
992,4,229,NA,NA,NA,0
993,4,229,NA,NA,NA,0
994,4,230,NA,NA,NA,0
995,4,230,NA,NA,NA,0
996,4,230,NA,NA,NA,0
997,4,230,NA,NA,NA,0
998,3,231,NA,NA,NA,0
999,3,231,NA,NA,NA,0
1000,3,231,NA,NA,NA,0
