"ID","SIZE","HH","TYPE","TIME","S_NUM","I_NUM"
1,4,1,"0",NA,NA,0
2,4,1,NA,NA,NA,0
3,4,1,NA,NA,NA,0
4,4,1,"C",286,2,0
5,3,2,"E",300,2,0
6,3,2,NA,NA,NA,0
7,3,2,NA,NA,NA,0
8,5,3,"E",65,4,1
9,5,3,NA,NA,NA,0
10,5,3,"H",124,2,0
11,5,3,"H",100,3,1
12,5,3,"E",283,1,0
13,4,4,NA,NA,NA,0
14,4,4,NA,NA,NA,0
15,4,4,NA,NA,NA,0
16,4,4,NA,NA,NA,0
17,4,5,NA,NA,NA,0
18,4,5,NA,NA,NA,0
19,4,5,NA,NA,NA,0
20,4,5,"E",190,3,0
21,6,6,NA,NA,NA,0
22,6,6,NA,NA,NA,0
23,6,6,NA,NA,NA,0
24,6,6,NA,NA,NA,0
25,6,6,NA,NA,NA,0
26,6,6,NA,NA,NA,0
27,5,7,NA,NA,NA,0
28,5,7,"E",148,4,0
29,5,7,NA,NA,NA,0
30,5,7,NA,NA,NA,0
31,5,7,NA,NA,NA,0
32,5,8,NA,NA,NA,0
33,5,8,NA,NA,NA,0
34,5,8,NA,NA,NA,0
35,5,8,NA,NA,NA,0
36,5,8,NA,NA,NA,0
37,5,9,NA,NA,NA,0
38,5,9,NA,NA,NA,0
39,5,9,NA,NA,NA,0
40,5,9,NA,NA,NA,0
41,5,9,NA,NA,NA,0
42,3,10,NA,NA,NA,0
43,3,10,NA,NA,NA,0
44,3,10,NA,NA,NA,0
45,3,11,NA,NA,NA,0
46,3,11,NA,NA,NA,0
47,3,11,NA,NA,NA,0
48,4,12,NA,NA,NA,0
49,4,12,"E",266,2,0
50,4,12,"E",198,3,0
51,4,12,NA,NA,NA,0
52,4,13,NA,NA,NA,0
53,4,13,NA,NA,NA,0
54,4,13,NA,NA,NA,0
55,4,13,NA,NA,NA,0
56,4,14,NA,NA,NA,0
57,4,14,NA,NA,NA,0
58,4,14,NA,NA,NA,0
59,4,14,NA,NA,NA,0
60,6,15,NA,NA,NA,0
61,6,15,NA,NA,NA,0
62,6,15,NA,NA,NA,0
63,6,15,NA,NA,NA,0
64,6,15,NA,NA,NA,0
65,6,15,NA,NA,NA,0
66,3,16,"E",NA,NA,0
67,3,16,NA,NA,NA,0
68,3,16,NA,NA,NA,0
69,6,17,NA,NA,NA,0
70,6,17,NA,NA,NA,0
71,6,17,"E",NA,NA,0
72,6,17,NA,NA,NA,0
73,6,17,NA,NA,NA,0
74,6,17,NA,NA,NA,0
75,5,18,NA,NA,NA,0
76,5,18,NA,NA,NA,0
77,5,18,NA,NA,NA,0
78,5,18,"E",342,4,0
79,5,18,NA,NA,NA,0
80,3,19,NA,NA,NA,0
81,3,19,NA,NA,NA,0
82,3,19,NA,NA,NA,0
83,6,20,NA,NA,NA,0
84,6,20,NA,NA,NA,0
85,6,20,NA,NA,NA,0
86,6,20,NA,NA,NA,0
87,6,20,NA,NA,NA,0
88,6,20,NA,NA,NA,0
89,5,21,NA,NA,NA,0
90,5,21,NA,NA,NA,0
91,5,21,NA,NA,NA,0
92,5,21,NA,NA,NA,0
93,5,21,NA,NA,NA,0
94,6,22,NA,NA,NA,0
95,6,22,"H",102,4,0
96,6,22,NA,NA,NA,0
97,6,22,NA,NA,NA,0
98,6,22,"E",78,5,1
99,6,22,"E",364,3,0
100,3,23,NA,NA,NA,0
101,3,23,NA,NA,NA,0
102,3,23,NA,NA,NA,0
103,4,24,NA,NA,NA,0
104,4,24,NA,NA,NA,0
105,4,24,NA,NA,NA,0
106,4,24,NA,NA,NA,0
107,6,25,NA,NA,NA,0
108,6,25,NA,NA,NA,0
109,6,25,NA,NA,NA,0
110,6,25,NA,NA,NA,0
111,6,25,NA,NA,NA,0
112,6,25,NA,NA,NA,0
113,5,26,NA,NA,NA,0
114,5,26,NA,NA,NA,0
115,5,26,NA,NA,NA,0
116,5,26,NA,NA,NA,0
117,5,26,NA,NA,NA,0
118,6,27,"E",172,5,0
119,6,27,NA,NA,NA,0
120,6,27,NA,NA,NA,0
121,6,27,NA,NA,NA,0
122,6,27,NA,NA,NA,0
123,6,27,NA,NA,NA,0
124,4,28,NA,NA,NA,0
125,4,28,"E",250,3,0
126,4,28,NA,NA,NA,0
127,4,28,NA,NA,NA,0
128,3,29,NA,NA,NA,0
129,3,29,NA,NA,NA,0
130,3,29,NA,NA,NA,0
131,4,30,NA,NA,NA,0
132,4,30,NA,NA,NA,0
133,4,30,NA,NA,NA,0
134,4,30,NA,NA,NA,0
135,4,31,NA,NA,NA,0
136,4,31,NA,NA,NA,0
137,4,31,NA,NA,NA,0
138,4,31,NA,NA,NA,0
139,4,32,NA,NA,NA,0
140,4,32,NA,NA,NA,0
141,4,32,NA,NA,NA,0
142,4,32,NA,NA,NA,0
143,6,33,NA,NA,NA,0
144,6,33,NA,NA,NA,0
145,6,33,NA,NA,NA,0
146,6,33,NA,NA,NA,0
147,6,33,"E",72,5,0
148,6,33,NA,NA,NA,0
149,6,34,"E",266,5,0
150,6,34,NA,NA,NA,0
151,6,34,NA,NA,NA,0
152,6,34,NA,NA,NA,0
153,6,34,NA,NA,NA,0
154,6,34,NA,NA,NA,0
155,4,35,NA,NA,NA,0
156,4,35,NA,NA,NA,0
157,4,35,NA,NA,NA,0
158,4,35,NA,NA,NA,0
159,3,36,NA,NA,NA,0
160,3,36,NA,NA,NA,0
161,3,36,NA,NA,NA,0
162,4,37,NA,NA,NA,0
163,4,37,NA,NA,NA,0
164,4,37,NA,NA,NA,0
165,4,37,"E",188,3,0
166,5,38,NA,NA,NA,0
167,5,38,"E",335,4,1
168,5,38,NA,NA,NA,0
169,5,38,NA,NA,NA,0
170,5,38,"H",NA,NA,0
171,5,39,NA,NA,NA,0
172,5,39,NA,NA,NA,0
173,5,39,NA,NA,NA,0
174,5,39,NA,NA,NA,0
175,5,39,NA,NA,NA,0
176,3,40,NA,NA,NA,0
177,3,40,NA,NA,NA,0
178,3,40,NA,NA,NA,0
179,6,41,NA,NA,NA,0
180,6,41,NA,NA,NA,0
181,6,41,"E",121,5,0
182,6,41,NA,NA,NA,0
183,6,41,NA,NA,NA,0
184,6,41,NA,NA,NA,0
185,4,42,NA,NA,NA,0
186,4,42,NA,NA,NA,0
187,4,42,NA,NA,NA,0
188,4,42,NA,NA,NA,0
189,5,43,NA,NA,NA,0
190,5,43,NA,NA,NA,0
191,5,43,NA,NA,NA,0
192,5,43,NA,NA,NA,0
193,5,43,NA,NA,NA,0
194,5,44,NA,NA,NA,0
195,5,44,NA,NA,NA,0
196,5,44,NA,NA,NA,0
197,5,44,NA,NA,NA,0
198,5,44,NA,NA,NA,0
199,6,45,NA,NA,NA,0
200,6,45,NA,NA,NA,0
201,6,45,NA,NA,NA,0
202,6,45,NA,NA,NA,0
203,6,45,NA,NA,NA,0
204,6,45,NA,NA,NA,0
205,5,46,NA,NA,NA,0
206,5,46,NA,NA,NA,0
207,5,46,NA,NA,NA,0
208,5,46,NA,NA,NA,0
209,5,46,NA,NA,NA,0
210,4,47,NA,NA,NA,0
211,4,47,NA,NA,NA,0
212,4,47,NA,NA,NA,0
213,4,47,NA,NA,NA,0
214,3,48,NA,NA,NA,0
215,3,48,NA,NA,NA,0
216,3,48,NA,NA,NA,0
217,5,49,NA,NA,NA,0
218,5,49,NA,NA,NA,0
219,5,49,"E",155,4,0
220,5,49,NA,NA,NA,0
221,5,49,NA,NA,NA,0
222,6,50,NA,NA,NA,0
223,6,50,NA,NA,NA,0
224,6,50,NA,NA,NA,0
225,6,50,NA,NA,NA,0
226,6,50,NA,NA,NA,0
227,6,50,NA,NA,NA,0
228,5,51,NA,NA,NA,0
229,5,51,NA,NA,NA,0
230,5,51,NA,NA,NA,0
231,5,51,NA,NA,NA,0
232,5,51,NA,NA,NA,0
233,6,52,NA,NA,NA,0
234,6,52,NA,NA,NA,0
235,6,52,NA,NA,NA,0
236,6,52,NA,NA,NA,0
237,6,52,NA,NA,NA,0
238,6,52,"E",234,5,0
239,6,53,NA,NA,NA,0
240,6,53,NA,NA,NA,0
241,6,53,NA,NA,NA,0
242,6,53,NA,NA,NA,0
243,6,53,NA,NA,NA,0
244,6,53,NA,NA,NA,0
245,4,54,NA,NA,NA,0
246,4,54,NA,NA,NA,0
247,4,54,NA,NA,NA,0
248,4,54,NA,NA,NA,0
249,3,55,NA,NA,NA,0
250,3,55,NA,NA,NA,0
251,3,55,NA,NA,NA,0
252,6,56,NA,NA,NA,0
253,6,56,NA,NA,NA,0
254,6,56,NA,NA,NA,0
255,6,56,NA,NA,NA,0
256,6,56,NA,NA,NA,0
257,6,56,NA,NA,NA,0
258,6,57,NA,NA,NA,0
259,6,57,NA,NA,NA,0
260,6,57,NA,NA,NA,0
261,6,57,NA,NA,NA,0
262,6,57,NA,NA,NA,0
263,6,57,NA,NA,NA,0
264,3,58,NA,NA,NA,0
265,3,58,NA,NA,NA,0
266,3,58,NA,NA,NA,0
267,4,59,NA,NA,NA,0
268,4,59,NA,NA,NA,0
269,4,59,NA,NA,NA,0
270,4,59,NA,NA,NA,0
271,6,60,NA,NA,NA,0
272,6,60,NA,NA,NA,0
273,6,60,NA,NA,NA,0
274,6,60,NA,NA,NA,0
275,6,60,NA,NA,NA,0
276,6,60,NA,NA,NA,0
277,4,61,NA,NA,NA,0
278,4,61,"E",311,3,0
279,4,61,NA,NA,NA,0
280,4,61,NA,NA,NA,0
281,4,62,NA,NA,NA,0
282,4,62,NA,NA,NA,0
283,4,62,NA,NA,NA,0
284,4,62,NA,NA,NA,0
285,6,63,NA,NA,NA,0
286,6,63,NA,NA,NA,0
287,6,63,NA,NA,NA,0
288,6,63,NA,NA,NA,0
289,6,63,NA,NA,NA,0
290,6,63,NA,NA,NA,0
291,4,64,"E",184,3,0
292,4,64,NA,NA,NA,0
293,4,64,NA,NA,NA,0
294,4,64,NA,NA,NA,0
295,3,65,NA,NA,NA,0
296,3,65,NA,NA,NA,0
297,3,65,NA,NA,NA,0
298,4,66,NA,NA,NA,0
299,4,66,NA,NA,NA,0
300,4,66,NA,NA,NA,0
301,4,66,NA,NA,NA,0
302,5,67,NA,NA,NA,0
303,5,67,NA,NA,NA,0
304,5,67,NA,NA,NA,0
305,5,67,NA,NA,NA,0
306,5,67,NA,NA,NA,0
307,4,68,NA,NA,NA,0
308,4,68,NA,NA,NA,0
309,4,68,NA,NA,NA,0
310,4,68,NA,NA,NA,0
311,3,69,NA,NA,NA,0
312,3,69,NA,NA,NA,0
313,3,69,NA,NA,NA,0
314,4,70,NA,NA,NA,0
315,4,70,NA,NA,NA,0
316,4,70,NA,NA,NA,0
317,4,70,NA,NA,NA,0
318,4,71,NA,NA,NA,0
319,4,71,NA,NA,NA,0
320,4,71,NA,NA,NA,0
321,4,71,NA,NA,NA,0
322,3,72,NA,NA,NA,0
323,3,72,NA,NA,NA,0
324,3,72,NA,NA,NA,0
325,6,73,NA,NA,NA,0
326,6,73,NA,NA,NA,0
327,6,73,NA,NA,NA,0
328,6,73,NA,NA,NA,0
329,6,73,NA,NA,NA,0
330,6,73,NA,NA,NA,0
331,4,74,"E",NA,NA,0
332,4,74,NA,NA,NA,0
333,4,74,"E",244,3,0
334,4,74,NA,NA,NA,0
335,4,75,NA,NA,NA,0
336,4,75,"E",345,3,1
337,4,75,NA,NA,NA,0
338,4,75,"H",NA,NA,0
339,4,76,NA,NA,NA,0
340,4,76,NA,NA,NA,0
341,4,76,NA,NA,NA,0
342,4,76,NA,NA,NA,0
343,3,77,NA,NA,NA,0
344,3,77,NA,NA,NA,0
345,3,77,NA,NA,NA,0
346,5,78,NA,NA,NA,0
347,5,78,NA,NA,NA,0
348,5,78,"E",80,4,1
349,5,78,NA,NA,NA,0
350,5,78,"H",105,3,0
351,6,79,NA,NA,NA,0
352,6,79,NA,NA,NA,0
353,6,79,NA,NA,NA,0
354,6,79,NA,NA,NA,0
355,6,79,"E",255,5,0
356,6,79,NA,NA,NA,0
357,3,80,NA,NA,NA,0
358,3,80,NA,NA,NA,0
359,3,80,NA,NA,NA,0
360,4,81,NA,NA,NA,0
361,4,81,NA,NA,NA,0
362,4,81,NA,NA,NA,0
363,4,81,NA,NA,NA,0
364,4,82,NA,NA,NA,0
365,4,82,NA,NA,NA,0
366,4,82,NA,NA,NA,0
367,4,82,NA,NA,NA,0
368,4,83,NA,NA,NA,0
369,4,83,NA,NA,NA,0
370,4,83,NA,NA,NA,0
371,4,83,NA,NA,NA,0
372,4,84,NA,NA,NA,0
373,4,84,NA,NA,NA,0
374,4,84,NA,NA,NA,0
375,4,84,NA,NA,NA,0
376,6,85,"E",147,5,0
377,6,85,"E",269,4,0
378,6,85,NA,NA,NA,0
379,6,85,"H",354,2,0
380,6,85,"E",325,3,1
381,6,85,NA,NA,NA,0
382,6,86,NA,NA,NA,0
383,6,86,NA,NA,NA,0
384,6,86,NA,NA,NA,0
385,6,86,NA,NA,NA,0
386,6,86,NA,NA,NA,0
387,6,86,NA,NA,NA,0
388,3,87,NA,NA,NA,0
389,3,87,NA,NA,NA,0
390,3,87,NA,NA,NA,0
391,5,88,NA,NA,NA,0
392,5,88,NA,NA,NA,0
393,5,88,NA,NA,NA,0
394,5,88,NA,NA,NA,0
395,5,88,NA,NA,NA,0
396,5,89,NA,NA,NA,0
397,5,89,"E",187,4,1
398,5,89,NA,NA,NA,0
399,5,89,NA,NA,NA,0
400,5,89,"H",211,3,0
401,4,90,NA,NA,NA,0
402,4,90,NA,NA,NA,0
403,4,90,NA,NA,NA,0
404,4,90,NA,NA,NA,0
405,3,91,NA,NA,NA,0
406,3,91,NA,NA,NA,0
407,3,91,NA,NA,NA,0
408,3,92,NA,NA,NA,0
409,3,92,"E",342,2,0
410,3,92,NA,NA,NA,0
411,3,93,NA,NA,NA,0
412,3,93,NA,NA,NA,0
413,3,93,NA,NA,NA,0
414,5,94,NA,NA,NA,0
415,5,94,NA,NA,NA,0
416,5,94,"E",278,4,0
417,5,94,NA,NA,NA,0
418,5,94,NA,NA,NA,0
419,5,95,NA,NA,NA,0
420,5,95,NA,NA,NA,0
421,5,95,"E",99,4,1
422,5,95,"H",145,3,0
423,5,95,NA,NA,NA,0
424,6,96,NA,NA,NA,0
425,6,96,NA,NA,NA,0
426,6,96,NA,NA,NA,0
427,6,96,NA,NA,NA,0
428,6,96,NA,NA,NA,0
429,6,96,"E",270,5,0
430,5,97,NA,NA,NA,0
431,5,97,NA,NA,NA,0
432,5,97,NA,NA,NA,0
433,5,97,NA,NA,NA,0
434,5,97,"E",357,4,0
435,4,98,NA,NA,NA,0
436,4,98,NA,NA,NA,0
437,4,98,NA,NA,NA,0
438,4,98,NA,NA,NA,0
439,3,99,NA,NA,NA,0
440,3,99,NA,NA,NA,0
441,3,99,NA,NA,NA,0
442,6,100,NA,NA,NA,0
443,6,100,NA,NA,NA,0
444,6,100,NA,NA,NA,0
445,6,100,NA,NA,NA,0
446,6,100,NA,NA,NA,0
447,6,100,NA,NA,NA,0
448,5,101,NA,NA,NA,0
449,5,101,NA,NA,NA,0
450,5,101,NA,NA,NA,0
451,5,101,NA,NA,NA,0
452,5,101,NA,NA,NA,0
453,4,102,NA,NA,NA,0
454,4,102,NA,NA,NA,0
455,4,102,NA,NA,NA,0
456,4,102,"E",319,3,0
457,4,103,NA,NA,NA,0
458,4,103,NA,NA,NA,0
459,4,103,"E",238,2,0
460,4,103,"E",103,3,0
461,3,104,NA,NA,NA,0
462,3,104,NA,NA,NA,0
463,3,104,NA,NA,NA,0
464,6,105,NA,NA,NA,0
465,6,105,NA,NA,NA,0
466,6,105,NA,NA,NA,0
467,6,105,NA,NA,NA,0
468,6,105,NA,NA,NA,0
469,6,105,NA,NA,NA,0
470,6,106,NA,NA,NA,0
471,6,106,NA,NA,NA,0
472,6,106,NA,NA,NA,0
473,6,106,NA,NA,NA,0
474,6,106,NA,NA,NA,0
475,6,106,NA,NA,NA,0
476,4,107,NA,NA,NA,0
477,4,107,NA,NA,NA,0
478,4,107,NA,NA,NA,0
479,4,107,NA,NA,NA,0
480,3,108,NA,NA,NA,0
481,3,108,NA,NA,NA,0
482,3,108,NA,NA,NA,0
483,4,109,"E",71,3,0
484,4,109,NA,NA,NA,0
485,4,109,NA,NA,NA,0
486,4,109,"E",211,2,0
487,3,110,NA,NA,NA,0
488,3,110,NA,NA,NA,0
489,3,110,NA,NA,NA,0
490,4,111,NA,NA,NA,0
491,4,111,NA,NA,NA,0
492,4,111,NA,NA,NA,0
493,4,111,NA,NA,NA,0
494,3,112,NA,NA,NA,0
495,3,112,NA,NA,NA,0
496,3,112,NA,NA,NA,0
497,5,113,NA,NA,NA,0
498,5,113,NA,NA,NA,0
499,5,113,NA,NA,NA,0
500,5,113,NA,NA,NA,0
501,5,113,NA,NA,NA,0
502,4,114,NA,NA,NA,0
503,4,114,NA,NA,NA,0
504,4,114,NA,NA,NA,0
505,4,114,NA,NA,NA,0
506,5,115,NA,NA,NA,0
507,5,115,NA,NA,NA,0
508,5,115,NA,NA,NA,0
509,5,115,NA,NA,NA,0
510,5,115,NA,NA,NA,0
511,3,116,NA,NA,NA,0
512,3,116,NA,NA,NA,0
513,3,116,NA,NA,NA,0
514,6,117,"E",281,4,1
515,6,117,NA,NA,NA,0
516,6,117,"H",328,3,1
517,6,117,"E",48,5,0
518,6,117,NA,NA,NA,0
519,6,117,"H",NA,NA,0
520,4,118,NA,NA,NA,0
521,4,118,NA,NA,NA,0
522,4,118,"C",320,3,1
523,4,118,"H",353,2,0
524,3,119,"H",123,1,0
525,3,119,"E",102,2,1
526,3,119,NA,NA,NA,0
527,4,120,NA,NA,NA,0
528,4,120,NA,NA,NA,0
529,4,120,NA,NA,NA,0
530,4,120,NA,NA,NA,0
531,5,121,"E",175,3,0
532,5,121,NA,NA,NA,0
533,5,121,"E",201,3,0
534,5,121,NA,NA,NA,0
535,5,121,NA,NA,NA,0
536,3,122,NA,NA,NA,0
537,3,122,NA,NA,NA,0
538,3,122,"E",238,2,0
539,3,123,NA,NA,NA,0
540,3,123,NA,NA,NA,0
541,3,123,NA,NA,NA,0
542,6,124,NA,NA,NA,0
543,6,124,NA,NA,NA,0
544,6,124,NA,NA,NA,0
545,6,124,NA,NA,NA,0
546,6,124,NA,NA,NA,0
547,6,124,"E",136,5,0
548,5,125,NA,NA,NA,0
549,5,125,NA,NA,NA,0
550,5,125,NA,NA,NA,0
551,5,125,NA,NA,NA,0
552,5,125,NA,NA,NA,0
553,4,126,NA,NA,NA,0
554,4,126,NA,NA,NA,0
555,4,126,NA,NA,NA,0
556,4,126,NA,NA,NA,0
557,3,127,NA,NA,NA,0
558,3,127,NA,NA,NA,0
559,3,127,NA,NA,NA,0
560,6,128,NA,NA,NA,0
561,6,128,NA,NA,NA,0
562,6,128,NA,NA,NA,0
563,6,128,"E",47,5,0
564,6,128,NA,NA,NA,0
565,6,128,NA,NA,NA,0
566,5,129,"E",73,4,0
567,5,129,NA,NA,NA,0
568,5,129,NA,NA,NA,0
569,5,129,NA,NA,NA,0
570,5,129,NA,NA,NA,0
571,3,130,NA,NA,NA,0
572,3,130,NA,NA,NA,0
573,3,130,NA,NA,NA,0
574,6,131,NA,NA,NA,0
575,6,131,NA,NA,NA,0
576,6,131,NA,NA,NA,0
577,6,131,NA,NA,NA,0
578,6,131,NA,NA,NA,0
579,6,131,NA,NA,NA,0
580,6,132,NA,NA,NA,0
581,6,132,NA,NA,NA,0
582,6,132,NA,NA,NA,0
583,6,132,NA,NA,NA,0
584,6,132,NA,NA,NA,0
585,6,132,NA,NA,NA,0
586,6,133,NA,NA,NA,0
587,6,133,NA,NA,NA,0
588,6,133,NA,NA,NA,0
589,6,133,NA,NA,NA,0
590,6,133,NA,NA,NA,0
591,6,133,NA,NA,NA,0
592,4,134,NA,NA,NA,0
593,4,134,NA,NA,NA,0
594,4,134,NA,NA,NA,0
595,4,134,NA,NA,NA,0
596,6,135,NA,NA,NA,0
597,6,135,NA,NA,NA,0
598,6,135,NA,NA,NA,0
599,6,135,NA,NA,NA,0
600,6,135,NA,NA,NA,0
601,6,135,NA,NA,NA,0
602,6,136,NA,NA,NA,0
603,6,136,"E",337,5,0
604,6,136,NA,NA,NA,0
605,6,136,NA,NA,NA,0
606,6,136,NA,NA,NA,0
607,6,136,NA,NA,NA,0
608,6,137,NA,NA,NA,0
609,6,137,"E",NA,NA,0
610,6,137,NA,NA,NA,0
611,6,137,NA,NA,NA,0
612,6,137,NA,NA,NA,0
613,6,137,"E",87,5,0
614,4,138,NA,NA,NA,0
615,4,138,NA,NA,NA,0
616,4,138,NA,NA,NA,0
617,4,138,NA,NA,NA,0
618,5,139,NA,NA,NA,0
619,5,139,NA,NA,NA,0
620,5,139,NA,NA,NA,0
621,5,139,NA,NA,NA,0
622,5,139,NA,NA,NA,0
623,4,140,"H",298,1,0
624,4,140,"E",273,2,1
625,4,140,"E",200,3,0
626,4,140,NA,NA,NA,0
627,5,141,NA,NA,NA,0
628,5,141,"E",296,4,0
629,5,141,NA,NA,NA,0
630,5,141,NA,NA,NA,0
631,5,141,NA,NA,NA,0
632,5,142,NA,NA,NA,0
633,5,142,NA,NA,NA,0
634,5,142,NA,NA,NA,0
635,5,142,NA,NA,NA,0
636,5,142,NA,NA,NA,0
637,6,143,NA,NA,NA,0
638,6,143,NA,NA,NA,0
639,6,143,NA,NA,NA,0
640,6,143,NA,NA,NA,0
641,6,143,NA,NA,NA,0
642,6,143,NA,NA,NA,0
643,6,144,NA,NA,NA,0
644,6,144,NA,NA,NA,0
645,6,144,NA,NA,NA,0
646,6,144,NA,NA,NA,0
647,6,144,NA,NA,NA,0
648,6,144,NA,NA,NA,0
649,5,145,NA,NA,NA,0
650,5,145,NA,NA,NA,0
651,5,145,NA,NA,NA,0
652,5,145,NA,NA,NA,0
653,5,145,NA,NA,NA,0
654,4,146,NA,NA,NA,0
655,4,146,NA,NA,NA,0
656,4,146,NA,NA,NA,0
657,4,146,NA,NA,NA,0
658,5,147,NA,NA,NA,0
659,5,147,NA,NA,NA,0
660,5,147,NA,NA,NA,0
661,5,147,NA,NA,NA,0
662,5,147,NA,NA,NA,0
663,6,148,NA,NA,NA,0
664,6,148,NA,NA,NA,0
665,6,148,NA,NA,NA,0
666,6,148,NA,NA,NA,0
667,6,148,NA,NA,NA,0
668,6,148,NA,NA,NA,0
669,6,149,NA,NA,NA,0
670,6,149,NA,NA,NA,0
671,6,149,"E",51,5,0
672,6,149,NA,NA,NA,0
673,6,149,NA,NA,NA,0
674,6,149,NA,NA,NA,0
675,6,150,"E",219,5,0
676,6,150,NA,NA,NA,0
677,6,150,NA,NA,NA,0
678,6,150,NA,NA,NA,0
679,6,150,NA,NA,NA,0
680,6,150,NA,NA,NA,0
681,4,151,NA,NA,NA,0
682,4,151,NA,NA,NA,0
683,4,151,NA,NA,NA,0
684,4,151,NA,NA,NA,0
685,3,152,NA,NA,NA,0
686,3,152,NA,NA,NA,0
687,3,152,"E",183,2,0
688,5,153,NA,NA,NA,0
689,5,153,NA,NA,NA,0
690,5,153,NA,NA,NA,0
691,5,153,NA,NA,NA,0
692,5,153,NA,NA,NA,0
693,6,154,NA,NA,NA,0
694,6,154,NA,NA,NA,0
695,6,154,NA,NA,NA,0
696,6,154,NA,NA,NA,0
697,6,154,NA,NA,NA,0
698,6,154,NA,NA,NA,0
699,5,155,NA,NA,NA,0
700,5,155,NA,NA,NA,0
701,5,155,NA,NA,NA,0
702,5,155,NA,NA,NA,0
703,5,155,NA,NA,NA,0
704,5,156,NA,NA,NA,0
705,5,156,NA,NA,NA,0
706,5,156,NA,NA,NA,0
707,5,156,NA,NA,NA,0
708,5,156,NA,NA,NA,0
709,5,157,"E",202,3,0
710,5,157,NA,NA,NA,0
711,5,157,NA,NA,NA,0
712,5,157,NA,NA,NA,0
713,5,157,"E",192,3,0
714,3,158,NA,NA,NA,0
715,3,158,NA,NA,NA,0
716,3,158,NA,NA,NA,0
717,3,159,NA,NA,NA,0
718,3,159,NA,NA,NA,0
719,3,159,NA,NA,NA,0
720,5,160,NA,NA,NA,0
721,5,160,NA,NA,NA,0
722,5,160,NA,NA,NA,0
723,5,160,NA,NA,NA,0
724,5,160,NA,NA,NA,0
725,6,161,NA,NA,NA,0
726,6,161,NA,NA,NA,0
727,6,161,NA,NA,NA,0
728,6,161,NA,NA,NA,0
729,6,161,NA,NA,NA,0
730,6,161,NA,NA,NA,0
731,6,162,NA,NA,NA,0
732,6,162,NA,NA,NA,0
733,6,162,"E",323,5,0
734,6,162,NA,NA,NA,0
735,6,162,NA,NA,NA,0
736,6,162,NA,NA,NA,0
737,3,163,NA,NA,NA,0
738,3,163,NA,NA,NA,0
739,3,163,NA,NA,NA,0
740,3,164,NA,NA,NA,0
741,3,164,NA,NA,NA,0
742,3,164,NA,NA,NA,0
743,5,165,NA,NA,NA,0
744,5,165,NA,NA,NA,0
745,5,165,NA,NA,NA,0
746,5,165,NA,NA,NA,0
747,5,165,NA,NA,NA,0
748,4,166,NA,NA,NA,0
749,4,166,NA,NA,NA,0
750,4,166,NA,NA,NA,0
751,4,166,NA,NA,NA,0
752,6,167,NA,NA,NA,0
753,6,167,NA,NA,NA,0
754,6,167,NA,NA,NA,0
755,6,167,NA,NA,NA,0
756,6,167,NA,NA,NA,0
757,6,167,NA,NA,NA,0
758,6,168,NA,NA,NA,0
759,6,168,NA,NA,NA,0
760,6,168,NA,NA,NA,0
761,6,168,NA,NA,NA,0
762,6,168,NA,NA,NA,0
763,6,168,NA,NA,NA,0
764,5,169,NA,NA,NA,0
765,5,169,NA,NA,NA,0
766,5,169,NA,NA,NA,0
767,5,169,NA,NA,NA,0
768,5,169,NA,NA,NA,0
769,5,170,NA,NA,NA,0
770,5,170,NA,NA,NA,0
771,5,170,NA,NA,NA,0
772,5,170,NA,NA,NA,0
773,5,170,NA,NA,NA,0
774,3,171,NA,NA,NA,0
775,3,171,NA,NA,NA,0
776,3,171,NA,NA,NA,0
777,5,172,NA,NA,NA,0
778,5,172,NA,NA,NA,0
779,5,172,NA,NA,NA,0
780,5,172,NA,NA,NA,0
781,5,172,"E",351,4,0
782,4,173,NA,NA,NA,0
783,4,173,NA,NA,NA,0
784,4,173,NA,NA,NA,0
785,4,173,NA,NA,NA,0
786,4,174,NA,NA,NA,0
787,4,174,NA,NA,NA,0
788,4,174,NA,NA,NA,0
789,4,174,NA,NA,NA,0
790,5,175,NA,NA,NA,0
791,5,175,NA,NA,NA,0
792,5,175,NA,NA,NA,0
793,5,175,"E",100,4,0
794,5,175,NA,NA,NA,0
795,5,176,NA,NA,NA,0
796,5,176,NA,NA,NA,0
797,5,176,NA,NA,NA,0
798,5,176,NA,NA,NA,0
799,5,176,NA,NA,NA,0
800,5,177,NA,NA,NA,0
801,5,177,NA,NA,NA,0
802,5,177,NA,NA,NA,0
803,5,177,NA,NA,NA,0
804,5,177,NA,NA,NA,0
805,6,178,NA,NA,NA,0
806,6,178,NA,NA,NA,0
807,6,178,"H",260,4,0
808,6,178,"E",230,5,1
809,6,178,NA,NA,NA,0
810,6,178,NA,NA,NA,0
811,6,179,"E",167,5,1
812,6,179,NA,NA,NA,0
813,6,179,NA,NA,NA,0
814,6,179,"H",207,4,0
815,6,179,NA,NA,NA,0
816,6,179,NA,NA,NA,0
817,6,180,NA,NA,NA,0
818,6,180,NA,NA,NA,0
819,6,180,NA,NA,NA,0
820,6,180,NA,NA,NA,0
821,6,180,NA,NA,NA,0
822,6,180,NA,NA,NA,0
823,4,181,NA,NA,NA,0
824,4,181,NA,NA,NA,0
825,4,181,NA,NA,NA,0
826,4,181,NA,NA,NA,0
827,4,182,"H",180,2,0
828,4,182,NA,NA,NA,0
829,4,182,NA,NA,NA,0
830,4,182,"E",158,3,1
831,6,183,NA,NA,NA,0
832,6,183,NA,NA,NA,0
833,6,183,NA,NA,NA,0
834,6,183,NA,NA,NA,0
835,6,183,NA,NA,NA,0
836,6,183,NA,NA,NA,0
837,6,184,NA,NA,NA,0
838,6,184,"E",NA,NA,0
839,6,184,NA,NA,NA,0
840,6,184,NA,NA,NA,0
841,6,184,NA,NA,NA,0
842,6,184,NA,NA,NA,0
843,3,185,NA,NA,NA,0
844,3,185,NA,NA,NA,0
845,3,185,NA,NA,NA,0
846,5,186,NA,NA,NA,0
847,5,186,NA,NA,NA,0
848,5,186,NA,NA,NA,0
849,5,186,NA,NA,NA,0
850,5,186,NA,NA,NA,0
851,6,187,NA,NA,NA,0
852,6,187,"H",284,2,0
853,6,187,"H",257,3,1
854,6,187,"E",104,5,0
855,6,187,"E",230,4,1
856,6,187,NA,NA,NA,0
857,3,188,"H",138,1,0
858,3,188,"E",122,2,1
859,3,188,NA,NA,NA,0
860,4,189,NA,NA,NA,0
861,4,189,NA,NA,NA,0
862,4,189,"E",49,3,0
863,4,189,NA,NA,NA,0
864,3,190,NA,NA,NA,0
865,3,190,NA,NA,NA,0
866,3,190,NA,NA,NA,0
867,6,191,"E",87,5,0
868,6,191,NA,NA,NA,0
869,6,191,NA,NA,NA,0
870,6,191,NA,NA,NA,0
871,6,191,NA,NA,NA,0
872,6,191,NA,NA,NA,0
873,6,192,"H",185,3,1
874,6,192,"H",218,2,1
875,6,192,"H",273,1,0
876,6,192,"H",195,2,0
877,6,192,NA,NA,NA,0
878,6,192,"E",164,5,2
879,4,193,NA,NA,NA,0
880,4,193,NA,NA,NA,0
881,4,193,NA,NA,NA,0
882,4,193,NA,NA,NA,0
883,5,194,NA,NA,NA,0
884,5,194,NA,NA,NA,0
885,5,194,NA,NA,NA,0
886,5,194,NA,NA,NA,0
887,5,194,NA,NA,NA,0
888,5,195,NA,NA,NA,0
889,5,195,NA,NA,NA,0
890,5,195,NA,NA,NA,0
891,5,195,NA,NA,NA,0
892,5,195,NA,NA,NA,0
893,3,196,NA,NA,NA,0
894,3,196,NA,NA,NA,0
895,3,196,NA,NA,NA,0
896,4,197,NA,NA,NA,0
897,4,197,NA,NA,NA,0
898,4,197,"E",292,3,0
899,4,197,NA,NA,NA,0
900,4,198,NA,NA,NA,0
901,4,198,NA,NA,NA,0
902,4,198,NA,NA,NA,0
903,4,198,NA,NA,NA,0
904,3,199,NA,NA,NA,0
905,3,199,NA,NA,NA,0
906,3,199,NA,NA,NA,0
907,4,200,NA,NA,NA,0
908,4,200,NA,NA,NA,0
909,4,200,NA,NA,NA,0
910,4,200,NA,NA,NA,0
911,6,201,NA,NA,NA,0
912,6,201,NA,NA,NA,0
913,6,201,NA,NA,NA,0
914,6,201,NA,NA,NA,0
915,6,201,NA,NA,NA,0
916,6,201,NA,NA,NA,0
917,6,202,NA,NA,NA,0
918,6,202,"E",NA,NA,0
919,6,202,NA,NA,NA,0
920,6,202,NA,NA,NA,0
921,6,202,NA,NA,NA,0
922,6,202,NA,NA,NA,0
923,6,203,"E",274,5,0
924,6,203,NA,NA,NA,0
925,6,203,NA,NA,NA,0
926,6,203,NA,NA,NA,0
927,6,203,NA,NA,NA,0
928,6,203,NA,NA,NA,0
929,6,204,NA,NA,NA,0
930,6,204,"E",114,5,0
931,6,204,NA,NA,NA,0
932,6,204,NA,NA,NA,0
933,6,204,NA,NA,NA,0
934,6,204,NA,NA,NA,0
935,3,205,NA,NA,NA,0
936,3,205,NA,NA,NA,0
937,3,205,"E",NA,NA,0
938,4,206,NA,NA,NA,0
939,4,206,NA,NA,NA,0
940,4,206,NA,NA,NA,0
941,4,206,NA,NA,NA,0
942,4,207,"E",166,3,1
943,4,207,"H",201,2,0
944,4,207,NA,NA,NA,0
945,4,207,"E",278,1,0
946,4,208,NA,NA,NA,0
947,4,208,NA,NA,NA,0
948,4,208,"E",351,3,0
949,4,208,NA,NA,NA,0
950,4,209,NA,NA,NA,0
951,4,209,NA,NA,NA,0
952,4,209,NA,NA,NA,0
953,4,209,NA,NA,NA,0
954,5,210,NA,NA,NA,0
955,5,210,NA,NA,NA,0
956,5,210,NA,NA,NA,0
957,5,210,NA,NA,NA,0
958,5,210,"E",NA,NA,0
959,5,211,NA,NA,NA,0
960,5,211,NA,NA,NA,0
961,5,211,NA,NA,NA,0
962,5,211,NA,NA,NA,0
963,5,211,NA,NA,NA,0
964,4,212,NA,NA,NA,0
965,4,212,NA,NA,NA,0
966,4,212,NA,NA,NA,0
967,4,212,"E",33,3,0
968,6,213,NA,NA,NA,0
969,6,213,NA,NA,NA,0
970,6,213,NA,NA,NA,0
971,6,213,NA,NA,NA,0
972,6,213,"H",274,4,0
973,6,213,"E",256,5,1
974,5,214,NA,NA,NA,0
975,5,214,NA,NA,NA,0
976,5,214,NA,NA,NA,0
977,5,214,NA,NA,NA,0
978,5,214,NA,NA,NA,0
979,3,215,NA,NA,NA,0
980,3,215,NA,NA,NA,0
981,3,215,NA,NA,NA,0
982,3,216,NA,NA,NA,0
983,3,216,NA,NA,NA,0
984,3,216,NA,NA,NA,0
985,6,217,NA,NA,NA,0
986,6,217,"H",207,4,1
987,6,217,"E",141,5,1
988,6,217,NA,NA,NA,0
989,6,217,NA,NA,NA,0
990,6,217,"H",237,3,0
991,4,218,NA,NA,NA,0
992,4,218,NA,NA,NA,0
993,4,218,NA,NA,NA,0
994,4,218,NA,NA,NA,0
995,3,219,NA,NA,NA,0
996,3,219,NA,NA,NA,0
997,3,219,NA,NA,NA,0
998,3,220,"E",364,2,0
999,3,220,NA,NA,NA,0
1000,3,220,NA,NA,NA,0
