"","ID","SIZE","HH","TYPE","TIME","S_num","I_num"
"1",1,4,1,"0",NA,NA,0
"2",2,4,1,"E",61,2,0
"3",3,4,1,NA,NA,NA,0
"4",4,4,1,NA,NA,NA,0
"5",5,4,2,NA,NA,NA,0
"6",6,4,2,NA,NA,NA,0
"7",7,4,2,NA,NA,NA,0
"8",8,4,2,NA,NA,NA,0
"9",9,3,3,NA,NA,NA,0
"10",10,3,3,NA,NA,NA,0
"11",11,3,3,NA,NA,NA,0
"12",12,6,4,NA,NA,NA,0
"13",13,6,4,NA,NA,NA,0
"14",14,6,4,NA,NA,NA,0
"15",15,6,4,NA,NA,NA,0
"16",16,6,4,NA,NA,NA,0
"17",17,6,4,NA,NA,NA,0
"18",18,4,5,NA,NA,NA,0
"19",19,4,5,NA,NA,NA,0
"20",20,4,5,NA,NA,NA,0
"21",21,4,5,NA,NA,NA,0
"22",22,4,6,"H",NA,NA,0
"23",23,4,6,"H",293,2,1
"24",24,4,6,"H",347,1,1
"25",25,4,6,"E",259,3,1
"26",26,6,7,NA,NA,NA,0
"27",27,6,7,NA,NA,NA,0
"28",28,6,7,NA,NA,NA,0
"29",29,6,7,NA,NA,NA,0
"30",30,6,7,NA,NA,NA,0
"31",31,6,7,NA,NA,NA,0
"32",32,5,8,NA,NA,NA,0
"33",33,5,8,NA,NA,NA,0
"34",34,5,8,NA,NA,NA,0
"35",35,5,8,NA,NA,NA,0
"36",36,5,8,NA,NA,NA,0
"37",37,5,9,NA,NA,NA,0
"38",38,5,9,NA,NA,NA,0
"39",39,5,9,NA,NA,NA,0
"40",40,5,9,NA,NA,NA,0
"41",41,5,9,NA,NA,NA,0
"42",42,3,10,NA,NA,NA,0
"43",43,3,10,NA,NA,NA,0
"44",44,3,10,NA,NA,NA,0
"45",45,4,11,NA,NA,NA,0
"46",46,4,11,NA,NA,NA,0
"47",47,4,11,NA,NA,NA,0
"48",48,4,11,NA,NA,NA,0
"49",49,5,12,NA,NA,NA,0
"50",50,5,12,NA,NA,NA,0
"51",51,5,12,NA,NA,NA,0
"52",52,5,12,NA,NA,NA,0
"53",53,5,12,NA,NA,NA,0
"54",54,4,13,NA,NA,NA,0
"55",55,4,13,NA,NA,NA,0
"56",56,4,13,NA,NA,NA,0
"57",57,4,13,NA,NA,NA,0
"58",58,4,14,NA,NA,NA,0
"59",59,4,14,NA,NA,NA,0
"60",60,4,14,NA,NA,NA,0
"61",61,4,14,NA,NA,NA,0
"62",62,6,15,NA,NA,NA,0
"63",63,6,15,NA,NA,NA,0
"64",64,6,15,NA,NA,NA,0
"65",65,6,15,NA,NA,NA,0
"66",66,6,15,NA,NA,NA,0
"67",67,6,15,NA,NA,NA,0
"68",68,3,16,NA,NA,NA,0
"69",69,3,16,NA,NA,NA,0
"70",70,3,16,NA,NA,NA,0
"71",71,3,17,NA,NA,NA,0
"72",72,3,17,NA,NA,NA,0
"73",73,3,17,NA,NA,NA,0
"74",74,6,18,NA,NA,NA,0
"75",75,6,18,NA,NA,NA,0
"76",76,6,18,NA,NA,NA,0
"77",77,6,18,NA,NA,NA,0
"78",78,6,18,NA,NA,NA,0
"79",79,6,18,NA,NA,NA,0
"80",80,6,19,NA,NA,NA,0
"81",81,6,19,NA,NA,NA,0
"82",82,6,19,NA,NA,NA,0
"83",83,6,19,NA,NA,NA,0
"84",84,6,19,NA,NA,NA,0
"85",85,6,19,NA,NA,NA,0
"86",86,5,20,NA,NA,NA,0
"87",87,5,20,NA,NA,NA,0
"88",88,5,20,NA,NA,NA,0
"89",89,5,20,"C",273,4,0
"90",90,5,20,NA,NA,NA,0
"91",91,3,21,NA,NA,NA,0
"92",92,3,21,NA,NA,NA,0
"93",93,3,21,NA,NA,NA,0
"94",94,5,22,NA,NA,NA,0
"95",95,5,22,NA,NA,NA,0
"96",96,5,22,NA,NA,NA,0
"97",97,5,22,NA,NA,NA,0
"98",98,5,22,NA,NA,NA,0
"99",99,5,23,NA,NA,NA,0
"100",100,5,23,NA,NA,NA,0
"101",101,5,23,NA,NA,NA,0
"102",102,5,23,NA,NA,NA,0
"103",103,5,23,NA,NA,NA,0
"104",104,6,24,NA,NA,NA,0
"105",105,6,24,NA,NA,NA,0
"106",106,6,24,NA,NA,NA,0
"107",107,6,24,NA,NA,NA,0
"108",108,6,24,NA,NA,NA,0
"109",109,6,24,NA,NA,NA,0
"110",110,5,25,NA,NA,NA,0
"111",111,5,25,NA,NA,NA,0
"112",112,5,25,NA,NA,NA,0
"113",113,5,25,NA,NA,NA,0
"114",114,5,25,NA,NA,NA,0
"115",115,6,26,NA,NA,NA,0
"116",116,6,26,NA,NA,NA,0
"117",117,6,26,NA,NA,NA,0
"118",118,6,26,NA,NA,NA,0
"119",119,6,26,NA,NA,NA,0
"120",120,6,26,NA,NA,NA,0
"121",121,6,27,NA,NA,NA,0
"122",122,6,27,NA,NA,NA,0
"123",123,6,27,NA,NA,NA,0
"124",124,6,27,NA,NA,NA,0
"125",125,6,27,NA,NA,NA,0
"126",126,6,27,NA,NA,NA,0
"127",127,6,28,NA,NA,NA,0
"128",128,6,28,NA,NA,NA,0
"129",129,6,28,NA,NA,NA,0
"130",130,6,28,NA,NA,NA,0
"131",131,6,28,NA,NA,NA,0
"132",132,6,28,NA,NA,NA,0
"133",133,3,29,NA,NA,NA,0
"134",134,3,29,NA,NA,NA,0
"135",135,3,29,NA,NA,NA,0
"136",136,4,30,NA,NA,NA,0
"137",137,4,30,NA,NA,NA,0
"138",138,4,30,NA,NA,NA,0
"139",139,4,30,NA,NA,NA,0
"140",140,5,31,NA,NA,NA,0
"141",141,5,31,NA,NA,NA,0
"142",142,5,31,NA,NA,NA,0
"143",143,5,31,NA,NA,NA,0
"144",144,5,31,NA,NA,NA,0
"145",145,3,32,NA,NA,NA,0
"146",146,3,32,NA,NA,NA,0
"147",147,3,32,NA,NA,NA,0
"148",148,5,33,NA,NA,NA,0
"149",149,5,33,NA,NA,NA,0
"150",150,5,33,NA,NA,NA,0
"151",151,5,33,NA,NA,NA,0
"152",152,5,33,NA,NA,NA,0
"153",153,6,34,NA,NA,NA,0
"154",154,6,34,NA,NA,NA,0
"155",155,6,34,NA,NA,NA,0
"156",156,6,34,NA,NA,NA,0
"157",157,6,34,NA,NA,NA,0
"158",158,6,34,NA,NA,NA,0
"159",159,3,35,NA,NA,NA,0
"160",160,3,35,NA,NA,NA,0
"161",161,3,35,NA,NA,NA,0
"162",162,6,36,NA,NA,NA,0
"163",163,6,36,NA,NA,NA,0
"164",164,6,36,NA,NA,NA,0
"165",165,6,36,NA,NA,NA,0
"166",166,6,36,NA,NA,NA,0
"167",167,6,36,NA,NA,NA,0
"168",168,4,37,NA,NA,NA,0
"169",169,4,37,NA,NA,NA,0
"170",170,4,37,NA,NA,NA,0
"171",171,4,37,NA,NA,NA,0
"172",172,6,38,NA,NA,NA,0
"173",173,6,38,NA,NA,NA,0
"174",174,6,38,NA,NA,NA,0
"175",175,6,38,NA,NA,NA,0
"176",176,6,38,NA,NA,NA,0
"177",177,6,38,NA,NA,NA,0
"178",178,4,39,NA,NA,NA,0
"179",179,4,39,NA,NA,NA,0
"180",180,4,39,NA,NA,NA,0
"181",181,4,39,NA,NA,NA,0
"182",182,4,40,NA,NA,NA,0
"183",183,4,40,NA,NA,NA,0
"184",184,4,40,NA,NA,NA,0
"185",185,4,40,NA,NA,NA,0
"186",186,5,41,NA,NA,NA,0
"187",187,5,41,NA,NA,NA,0
"188",188,5,41,NA,NA,NA,0
"189",189,5,41,NA,NA,NA,0
"190",190,5,41,NA,NA,NA,0
"191",191,3,42,NA,NA,NA,0
"192",192,3,42,NA,NA,NA,0
"193",193,3,42,NA,NA,NA,0
"194",194,4,43,NA,NA,NA,0
"195",195,4,43,NA,NA,NA,0
"196",196,4,43,NA,NA,NA,0
"197",197,4,43,NA,NA,NA,0
"198",198,6,44,NA,NA,NA,0
"199",199,6,44,NA,NA,NA,0
"200",200,6,44,NA,NA,NA,0
"201",201,6,44,NA,NA,NA,0
"202",202,6,44,NA,NA,NA,0
"203",203,6,44,NA,NA,NA,0
"204",204,4,45,"C",257,3,1
"205",205,4,45,NA,NA,NA,0
"206",206,4,45,"H",295,2,0
"207",207,4,45,NA,NA,NA,0
"208",208,6,46,NA,NA,NA,0
"209",209,6,46,NA,NA,NA,0
"210",210,6,46,NA,NA,NA,0
"211",211,6,46,NA,NA,NA,0
"212",212,6,46,NA,NA,NA,0
"213",213,6,46,NA,NA,NA,0
"214",214,4,47,NA,NA,NA,0
"215",215,4,47,"C",NA,NA,0
"216",216,4,47,NA,NA,NA,0
"217",217,4,47,NA,NA,NA,0
"218",218,6,48,NA,NA,NA,0
"219",219,6,48,"H",326,4,1
"220",220,6,48,"E",307,5,1
"221",221,6,48,NA,NA,NA,0
"222",222,6,48,"H",NA,NA,0
"223",223,6,48,NA,NA,NA,0
"224",224,5,49,NA,NA,NA,0
"225",225,5,49,NA,NA,NA,0
"226",226,5,49,NA,NA,NA,0
"227",227,5,49,"E",319,4,1
"228",228,5,49,"H",343,3,0
"229",229,3,50,NA,NA,NA,0
"230",230,3,50,NA,NA,NA,0
"231",231,3,50,NA,NA,NA,0
"232",232,5,51,NA,NA,NA,0
"233",233,5,51,NA,NA,NA,0
"234",234,5,51,NA,NA,NA,0
"235",235,5,51,NA,NA,NA,0
"236",236,5,51,NA,NA,NA,0
"237",237,6,52,NA,NA,NA,0
"238",238,6,52,NA,NA,NA,0
"239",239,6,52,NA,NA,NA,0
"240",240,6,52,NA,NA,NA,0
"241",241,6,52,NA,NA,NA,0
"242",242,6,52,NA,NA,NA,0
"243",243,6,53,NA,NA,NA,0
"244",244,6,53,NA,NA,NA,0
"245",245,6,53,NA,NA,NA,0
"246",246,6,53,NA,NA,NA,0
"247",247,6,53,NA,NA,NA,0
"248",248,6,53,NA,NA,NA,0
"249",249,3,54,NA,NA,NA,0
"250",250,3,54,NA,NA,NA,0
"251",251,3,54,NA,NA,NA,0
"252",252,3,55,NA,NA,NA,0
"253",253,3,55,NA,NA,NA,0
"254",254,3,55,NA,NA,NA,0
"255",255,3,56,NA,NA,NA,0
"256",256,3,56,NA,NA,NA,0
"257",257,3,56,NA,NA,NA,0
"258",258,6,57,NA,NA,NA,0
"259",259,6,57,NA,NA,NA,0
"260",260,6,57,NA,NA,NA,0
"261",261,6,57,NA,NA,NA,0
"262",262,6,57,NA,NA,NA,0
"263",263,6,57,NA,NA,NA,0
"264",264,6,58,NA,NA,NA,0
"265",265,6,58,NA,NA,NA,0
"266",266,6,58,NA,NA,NA,0
"267",267,6,58,NA,NA,NA,0
"268",268,6,58,NA,NA,NA,0
"269",269,6,58,NA,NA,NA,0
"270",270,3,59,NA,NA,NA,0
"271",271,3,59,NA,NA,NA,0
"272",272,3,59,NA,NA,NA,0
"273",273,6,60,NA,NA,NA,0
"274",274,6,60,NA,NA,NA,0
"275",275,6,60,NA,NA,NA,0
"276",276,6,60,NA,NA,NA,0
"277",277,6,60,NA,NA,NA,0
"278",278,6,60,NA,NA,NA,0
"279",279,6,61,NA,NA,NA,0
"280",280,6,61,NA,NA,NA,0
"281",281,6,61,NA,NA,NA,0
"282",282,6,61,NA,NA,NA,0
"283",283,6,61,NA,NA,NA,0
"284",284,6,61,NA,NA,NA,0
"285",285,5,62,NA,NA,NA,0
"286",286,5,62,NA,NA,NA,0
"287",287,5,62,NA,NA,NA,0
"288",288,5,62,NA,NA,NA,0
"289",289,5,62,NA,NA,NA,0
"290",290,6,63,"H",351,3,2
"291",291,6,63,"H",NA,NA,0
"292",292,6,63,"E",332,5,2
"293",293,6,63,"H",NA,NA,0
"294",294,6,63,"H",356,1,1
"295",295,6,63,"H",NA,NA,0
"296",296,4,64,NA,NA,NA,0
"297",297,4,64,NA,NA,NA,0
"298",298,4,64,NA,NA,NA,0
"299",299,4,64,NA,NA,NA,0
"300",300,5,65,NA,NA,NA,0
"301",301,5,65,NA,NA,NA,0
"302",302,5,65,NA,NA,NA,0
"303",303,5,65,NA,NA,NA,0
"304",304,5,65,NA,NA,NA,0
"305",305,6,66,NA,NA,NA,0
"306",306,6,66,NA,NA,NA,0
"307",307,6,66,NA,NA,NA,0
"308",308,6,66,NA,NA,NA,0
"309",309,6,66,NA,NA,NA,0
"310",310,6,66,NA,NA,NA,0
"311",311,3,67,NA,NA,NA,0
"312",312,3,67,NA,NA,NA,0
"313",313,3,67,NA,NA,NA,0
"314",314,4,68,NA,NA,NA,0
"315",315,4,68,NA,NA,NA,0
"316",316,4,68,NA,NA,NA,0
"317",317,4,68,"E",315,3,0
"318",318,3,69,NA,NA,NA,0
"319",319,3,69,NA,NA,NA,0
"320",320,3,69,NA,NA,NA,0
"321",321,3,70,NA,NA,NA,0
"322",322,3,70,NA,NA,NA,0
"323",323,3,70,NA,NA,NA,0
"324",324,4,71,NA,NA,NA,0
"325",325,4,71,NA,NA,NA,0
"326",326,4,71,NA,NA,NA,0
"327",327,4,71,NA,NA,NA,0
"328",328,5,72,NA,NA,NA,0
"329",329,5,72,NA,NA,NA,0
"330",330,5,72,NA,NA,NA,0
"331",331,5,72,NA,NA,NA,0
"332",332,5,72,NA,NA,NA,0
"333",333,3,73,NA,NA,NA,0
"334",334,3,73,NA,NA,NA,0
"335",335,3,73,NA,NA,NA,0
"336",336,6,74,NA,NA,NA,0
"337",337,6,74,NA,NA,NA,0
"338",338,6,74,NA,NA,NA,0
"339",339,6,74,NA,NA,NA,0
"340",340,6,74,NA,NA,NA,0
"341",341,6,74,NA,NA,NA,0
"342",342,6,75,"H",181,2,1
"343",343,6,75,"H",204,1,1
"344",344,6,75,"H",195,1,0
"345",345,6,75,"H",226,0,0
"346",346,6,75,"C",117,5,1
"347",347,6,75,"H",148,4,2
"348",348,5,76,"H",156,3,2
"349",349,5,76,"C",103,4,1
"350",350,5,76,NA,NA,NA,0
"351",351,5,76,"H",236,1,0
"352",352,5,76,"H",195,1,0
"353",353,6,77,NA,NA,NA,0
"354",354,6,77,NA,NA,NA,0
"355",355,6,77,NA,NA,NA,0
"356",356,6,77,NA,NA,NA,0
"357",357,6,77,NA,NA,NA,0
"358",358,6,77,NA,NA,NA,0
"359",359,4,78,NA,NA,NA,0
"360",360,4,78,NA,NA,NA,0
"361",361,4,78,NA,NA,NA,0
"362",362,4,78,NA,NA,NA,0
"363",363,3,79,NA,NA,NA,0
"364",364,3,79,NA,NA,NA,0
"365",365,3,79,NA,NA,NA,0
"366",366,5,80,"H",359,2,1
"367",367,5,80,"H",NA,NA,0
"368",368,5,80,"C",276,4,1
"369",369,5,80,"H",319,3,1
"370",370,5,80,NA,NA,NA,0
"371",371,3,81,NA,NA,NA,0
"372",372,3,81,NA,NA,NA,0
"373",373,3,81,NA,NA,NA,0
"374",374,3,82,NA,NA,NA,0
"375",375,3,82,NA,NA,NA,0
"376",376,3,82,NA,NA,NA,0
"377",377,6,83,NA,NA,NA,0
"378",378,6,83,NA,NA,NA,0
"379",379,6,83,NA,NA,NA,0
"380",380,6,83,NA,NA,NA,0
"381",381,6,83,NA,NA,NA,0
"382",382,6,83,NA,NA,NA,0
"383",383,4,84,NA,NA,NA,0
"384",384,4,84,NA,NA,NA,0
"385",385,4,84,NA,NA,NA,0
"386",386,4,84,NA,NA,NA,0
"387",387,5,85,NA,NA,NA,0
"388",388,5,85,NA,NA,NA,0
"389",389,5,85,NA,NA,NA,0
"390",390,5,85,NA,NA,NA,0
"391",391,5,85,NA,NA,NA,0
"392",392,4,86,NA,NA,NA,0
"393",393,4,86,NA,NA,NA,0
"394",394,4,86,NA,NA,NA,0
"395",395,4,86,NA,NA,NA,0
"396",396,4,87,NA,NA,NA,0
"397",397,4,87,NA,NA,NA,0
"398",398,4,87,NA,NA,NA,0
"399",399,4,87,NA,NA,NA,0
"400",400,4,88,NA,NA,NA,0
"401",401,4,88,NA,NA,NA,0
"402",402,4,88,NA,NA,NA,0
"403",403,4,88,NA,NA,NA,0
"404",404,3,89,NA,NA,NA,0
"405",405,3,89,NA,NA,NA,0
"406",406,3,89,NA,NA,NA,0
"407",407,4,90,NA,NA,NA,0
"408",408,4,90,NA,NA,NA,0
"409",409,4,90,NA,NA,NA,0
"410",410,4,90,NA,NA,NA,0
"411",411,5,91,NA,NA,NA,0
"412",412,5,91,NA,NA,NA,0
"413",413,5,91,NA,NA,NA,0
"414",414,5,91,NA,NA,NA,0
"415",415,5,91,NA,NA,NA,0
"416",416,5,92,NA,NA,NA,0
"417",417,5,92,"E",163,4,0
"418",418,5,92,NA,NA,NA,0
"419",419,5,92,NA,NA,NA,0
"420",420,5,92,"C",NA,NA,0
"421",421,5,93,NA,NA,NA,0
"422",422,5,93,"E",96,4,1
"423",423,5,93,NA,NA,NA,0
"424",424,5,93,"H",129,3,0
"425",425,5,93,NA,NA,NA,0
"426",426,5,94,NA,NA,NA,0
"427",427,5,94,NA,NA,NA,0
"428",428,5,94,NA,NA,NA,0
"429",429,5,94,NA,NA,NA,0
"430",430,5,94,NA,NA,NA,0
"431",431,5,95,NA,NA,NA,0
"432",432,5,95,NA,NA,NA,0
"433",433,5,95,NA,NA,NA,0
"434",434,5,95,NA,NA,NA,0
"435",435,5,95,NA,NA,NA,0
"436",436,5,96,NA,NA,NA,0
"437",437,5,96,NA,NA,NA,0
"438",438,5,96,NA,NA,NA,0
"439",439,5,96,NA,NA,NA,0
"440",440,5,96,NA,NA,NA,0
"441",441,5,97,NA,NA,NA,0
"442",442,5,97,NA,NA,NA,0
"443",443,5,97,NA,NA,NA,0
"444",444,5,97,NA,NA,NA,0
"445",445,5,97,NA,NA,NA,0
"446",446,5,98,NA,NA,NA,0
"447",447,5,98,NA,NA,NA,0
"448",448,5,98,NA,NA,NA,0
"449",449,5,98,"H",251,3,0
"450",450,5,98,"C",215,4,1
"451",451,3,99,NA,NA,NA,0
"452",452,3,99,NA,NA,NA,0
"453",453,3,99,NA,NA,NA,0
"454",454,4,100,"H",187,0,0
"455",455,4,100,"H",127,2,1
"456",456,4,100,"H",153,1,1
"457",457,4,100,"E",110,3,1
"458",458,6,101,NA,NA,NA,0
"459",459,6,101,NA,NA,NA,0
"460",460,6,101,NA,NA,NA,0
"461",461,6,101,NA,NA,NA,0
"462",462,6,101,NA,NA,NA,0
"463",463,6,101,NA,NA,NA,0
"464",464,3,102,NA,NA,NA,0
"465",465,3,102,NA,NA,NA,0
"466",466,3,102,NA,NA,NA,0
"467",467,6,103,NA,NA,NA,0
"468",468,6,103,NA,NA,NA,0
"469",469,6,103,"H",299,4,1
"470",470,6,103,"C",274,5,1
"471",471,6,103,"H",363,3,0
"472",472,6,103,NA,NA,NA,0
"473",473,5,104,NA,NA,NA,0
"474",474,5,104,NA,NA,NA,0
"475",475,5,104,"H",322,3,0
"476",476,5,104,"E",274,4,1
"477",477,5,104,NA,NA,NA,0
"478",478,3,105,NA,NA,NA,0
"479",479,3,105,"H",291,1,0
"480",480,3,105,"C",240,2,1
"481",481,3,106,NA,NA,NA,0
"482",482,3,106,NA,NA,NA,0
"483",483,3,106,NA,NA,NA,0
"484",484,5,107,NA,NA,NA,0
"485",485,5,107,NA,NA,NA,0
"486",486,5,107,NA,NA,NA,0
"487",487,5,107,NA,NA,NA,0
"488",488,5,107,NA,NA,NA,0
"489",489,5,108,NA,NA,NA,0
"490",490,5,108,NA,NA,NA,0
"491",491,5,108,NA,NA,NA,0
"492",492,5,108,NA,NA,NA,0
"493",493,5,108,NA,NA,NA,0
"494",494,6,109,NA,NA,NA,0
"495",495,6,109,NA,NA,NA,0
"496",496,6,109,NA,NA,NA,0
"497",497,6,109,NA,NA,NA,0
"498",498,6,109,NA,NA,NA,0
"499",499,6,109,NA,NA,NA,0
"500",500,5,110,NA,NA,NA,0
"501",501,5,110,NA,NA,NA,0
"502",502,5,110,NA,NA,NA,0
"503",503,5,110,NA,NA,NA,0
"504",504,5,110,NA,NA,NA,0
"505",505,6,111,NA,NA,NA,0
"506",506,6,111,NA,NA,NA,0
"507",507,6,111,NA,NA,NA,0
"508",508,6,111,NA,NA,NA,0
"509",509,6,111,NA,NA,NA,0
"510",510,6,111,NA,NA,NA,0
"511",511,6,112,NA,NA,NA,0
"512",512,6,112,NA,NA,NA,0
"513",513,6,112,NA,NA,NA,0
"514",514,6,112,NA,NA,NA,0
"515",515,6,112,NA,NA,NA,0
"516",516,6,112,NA,NA,NA,0
"517",517,5,113,NA,NA,NA,0
"518",518,5,113,NA,NA,NA,0
"519",519,5,113,NA,NA,NA,0
"520",520,5,113,NA,NA,NA,0
"521",521,5,113,NA,NA,NA,0
"522",522,4,114,NA,NA,NA,0
"523",523,4,114,NA,NA,NA,0
"524",524,4,114,NA,NA,NA,0
"525",525,4,114,NA,NA,NA,0
"526",526,4,115,NA,NA,NA,0
"527",527,4,115,NA,NA,NA,0
"528",528,4,115,NA,NA,NA,0
"529",529,4,115,NA,NA,NA,0
"530",530,6,116,NA,NA,NA,0
"531",531,6,116,NA,NA,NA,0
"532",532,6,116,NA,NA,NA,0
"533",533,6,116,NA,NA,NA,0
"534",534,6,116,NA,NA,NA,0
"535",535,6,116,NA,NA,NA,0
"536",536,5,117,NA,NA,NA,0
"537",537,5,117,NA,NA,NA,0
"538",538,5,117,NA,NA,NA,0
"539",539,5,117,NA,NA,NA,0
"540",540,5,117,NA,NA,NA,0
"541",541,6,118,NA,NA,NA,0
"542",542,6,118,NA,NA,NA,0
"543",543,6,118,"H",NA,NA,0
"544",544,6,118,NA,NA,NA,0
"545",545,6,118,NA,NA,NA,0
"546",546,6,118,"E",343,5,1
"547",547,5,119,NA,NA,NA,0
"548",548,5,119,NA,NA,NA,0
"549",549,5,119,NA,NA,NA,0
"550",550,5,119,NA,NA,NA,0
"551",551,5,119,NA,NA,NA,0
"552",552,6,120,NA,NA,NA,0
"553",553,6,120,NA,NA,NA,0
"554",554,6,120,NA,NA,NA,0
"555",555,6,120,NA,NA,NA,0
"556",556,6,120,NA,NA,NA,0
"557",557,6,120,NA,NA,NA,0
"558",558,3,121,NA,NA,NA,0
"559",559,3,121,NA,NA,NA,0
"560",560,3,121,NA,NA,NA,0
"561",561,6,122,NA,NA,NA,0
"562",562,6,122,NA,NA,NA,0
"563",563,6,122,NA,NA,NA,0
"564",564,6,122,NA,NA,NA,0
"565",565,6,122,NA,NA,NA,0
"566",566,6,122,NA,NA,NA,0
"567",567,5,123,NA,NA,NA,0
"568",568,5,123,NA,NA,NA,0
"569",569,5,123,NA,NA,NA,0
"570",570,5,123,NA,NA,NA,0
"571",571,5,123,NA,NA,NA,0
"572",572,6,124,NA,NA,NA,0
"573",573,6,124,NA,NA,NA,0
"574",574,6,124,NA,NA,NA,0
"575",575,6,124,NA,NA,NA,0
"576",576,6,124,NA,NA,NA,0
"577",577,6,124,NA,NA,NA,0
"578",578,4,125,NA,NA,NA,0
"579",579,4,125,NA,NA,NA,0
"580",580,4,125,NA,NA,NA,0
"581",581,4,125,NA,NA,NA,0
"582",582,5,126,NA,NA,NA,0
"583",583,5,126,NA,NA,NA,0
"584",584,5,126,NA,NA,NA,0
"585",585,5,126,NA,NA,NA,0
"586",586,5,126,NA,NA,NA,0
"587",587,6,127,NA,NA,NA,0
"588",588,6,127,NA,NA,NA,0
"589",589,6,127,NA,NA,NA,0
"590",590,6,127,NA,NA,NA,0
"591",591,6,127,NA,NA,NA,0
"592",592,6,127,NA,NA,NA,0
"593",593,4,128,NA,NA,NA,0
"594",594,4,128,NA,NA,NA,0
"595",595,4,128,NA,NA,NA,0
"596",596,4,128,NA,NA,NA,0
"597",597,6,129,"C",256,5,0
"598",598,6,129,NA,NA,NA,0
"599",599,6,129,NA,NA,NA,0
"600",600,6,129,NA,NA,NA,0
"601",601,6,129,NA,NA,NA,0
"602",602,6,129,NA,NA,NA,0
"603",603,3,130,NA,NA,NA,0
"604",604,3,130,NA,NA,NA,0
"605",605,3,130,NA,NA,NA,0
"606",606,4,131,NA,NA,NA,0
"607",607,4,131,NA,NA,NA,0
"608",608,4,131,NA,NA,NA,0
"609",609,4,131,NA,NA,NA,0
"610",610,5,132,NA,NA,NA,0
"611",611,5,132,NA,NA,NA,0
"612",612,5,132,NA,NA,NA,0
"613",613,5,132,NA,NA,NA,0
"614",614,5,132,NA,NA,NA,0
"615",615,6,133,NA,NA,NA,0
"616",616,6,133,NA,NA,NA,0
"617",617,6,133,NA,NA,NA,0
"618",618,6,133,NA,NA,NA,0
"619",619,6,133,NA,NA,NA,0
"620",620,6,133,NA,NA,NA,0
"621",621,5,134,NA,NA,NA,0
"622",622,5,134,NA,NA,NA,0
"623",623,5,134,NA,NA,NA,0
"624",624,5,134,NA,NA,NA,0
"625",625,5,134,NA,NA,NA,0
"626",626,5,135,NA,NA,NA,0
"627",627,5,135,NA,NA,NA,0
"628",628,5,135,NA,NA,NA,0
"629",629,5,135,NA,NA,NA,0
"630",630,5,135,NA,NA,NA,0
"631",631,3,136,NA,NA,NA,0
"632",632,3,136,NA,NA,NA,0
"633",633,3,136,NA,NA,NA,0
"634",634,5,137,NA,NA,NA,0
"635",635,5,137,NA,NA,NA,0
"636",636,5,137,NA,NA,NA,0
"637",637,5,137,NA,NA,NA,0
"638",638,5,137,NA,NA,NA,0
"639",639,4,138,"C",212,3,0
"640",640,4,138,NA,NA,NA,0
"641",641,4,138,NA,NA,NA,0
"642",642,4,138,NA,NA,NA,0
"643",643,3,139,NA,NA,NA,0
"644",644,3,139,NA,NA,NA,0
"645",645,3,139,NA,NA,NA,0
"646",646,3,140,NA,NA,NA,0
"647",647,3,140,NA,NA,NA,0
"648",648,3,140,NA,NA,NA,0
"649",649,5,141,NA,NA,NA,0
"650",650,5,141,NA,NA,NA,0
"651",651,5,141,NA,NA,NA,0
"652",652,5,141,NA,NA,NA,0
"653",653,5,141,NA,NA,NA,0
"654",654,4,142,NA,NA,NA,0
"655",655,4,142,NA,NA,NA,0
"656",656,4,142,NA,NA,NA,0
"657",657,4,142,NA,NA,NA,0
"658",658,3,143,NA,NA,NA,0
"659",659,3,143,NA,NA,NA,0
"660",660,3,143,NA,NA,NA,0
"661",661,6,144,NA,NA,NA,0
"662",662,6,144,NA,NA,NA,0
"663",663,6,144,NA,NA,NA,0
"664",664,6,144,NA,NA,NA,0
"665",665,6,144,NA,NA,NA,0
"666",666,6,144,NA,NA,NA,0
"667",667,3,145,NA,NA,NA,0
"668",668,3,145,NA,NA,NA,0
"669",669,3,145,NA,NA,NA,0
"670",670,5,146,NA,NA,NA,0
"671",671,5,146,NA,NA,NA,0
"672",672,5,146,NA,NA,NA,0
"673",673,5,146,NA,NA,NA,0
"674",674,5,146,NA,NA,NA,0
"675",675,5,147,NA,NA,NA,0
"676",676,5,147,NA,NA,NA,0
"677",677,5,147,NA,NA,NA,0
"678",678,5,147,NA,NA,NA,0
"679",679,5,147,NA,NA,NA,0
"680",680,3,148,NA,NA,NA,0
"681",681,3,148,NA,NA,NA,0
"682",682,3,148,NA,NA,NA,0
"683",683,5,149,NA,NA,NA,0
"684",684,5,149,NA,NA,NA,0
"685",685,5,149,NA,NA,NA,0
"686",686,5,149,NA,NA,NA,0
"687",687,5,149,NA,NA,NA,0
"688",688,5,150,"E",194,4,1
"689",689,5,150,"H",244,1,0
"690",690,5,150,NA,NA,NA,0
"691",691,5,150,"C",225,2,1
"692",692,5,150,"H",220,2,0
"693",693,4,151,"H",195,0,0
"694",694,4,151,"E",109,3,1
"695",695,4,151,"H",217,0,0
"696",696,4,151,"H",158,2,2
"697",697,4,152,NA,NA,NA,0
"698",698,4,152,NA,NA,NA,0
"699",699,4,152,NA,NA,NA,0
"700",700,4,152,NA,NA,NA,0
"701",701,3,153,NA,NA,NA,0
"702",702,3,153,NA,NA,NA,0
"703",703,3,153,NA,NA,NA,0
"704",704,4,154,NA,NA,NA,0
"705",705,4,154,NA,NA,NA,0
"706",706,4,154,NA,NA,NA,0
"707",707,4,154,NA,NA,NA,0
"708",708,3,155,NA,NA,NA,0
"709",709,3,155,NA,NA,NA,0
"710",710,3,155,NA,NA,NA,0
"711",711,3,156,NA,NA,NA,0
"712",712,3,156,NA,NA,NA,0
"713",713,3,156,NA,NA,NA,0
"714",714,5,157,NA,NA,NA,0
"715",715,5,157,NA,NA,NA,0
"716",716,5,157,NA,NA,NA,0
"717",717,5,157,NA,NA,NA,0
"718",718,5,157,NA,NA,NA,0
"719",719,3,158,NA,NA,NA,0
"720",720,3,158,"C",202,2,1
"721",721,3,158,"H",249,1,0
"722",722,3,159,NA,NA,NA,0
"723",723,3,159,NA,NA,NA,0
"724",724,3,159,NA,NA,NA,0
"725",725,4,160,NA,NA,NA,0
"726",726,4,160,NA,NA,NA,0
"727",727,4,160,NA,NA,NA,0
"728",728,4,160,NA,NA,NA,0
"729",729,3,161,NA,NA,NA,0
"730",730,3,161,NA,NA,NA,0
"731",731,3,161,NA,NA,NA,0
"732",732,6,162,NA,NA,NA,0
"733",733,6,162,NA,NA,NA,0
"734",734,6,162,NA,NA,NA,0
"735",735,6,162,NA,NA,NA,0
"736",736,6,162,NA,NA,NA,0
"737",737,6,162,NA,NA,NA,0
"738",738,3,163,NA,NA,NA,0
"739",739,3,163,"E",365,2,0
"740",740,3,163,NA,NA,NA,0
"741",741,6,164,NA,NA,NA,0
"742",742,6,164,NA,NA,NA,0
"743",743,6,164,NA,NA,NA,0
"744",744,6,164,NA,NA,NA,0
"745",745,6,164,NA,NA,NA,0
"746",746,6,164,NA,NA,NA,0
"747",747,4,165,NA,NA,NA,0
"748",748,4,165,NA,NA,NA,0
"749",749,4,165,NA,NA,NA,0
"750",750,4,165,NA,NA,NA,0
"751",751,6,166,NA,NA,NA,0
"752",752,6,166,NA,NA,NA,0
"753",753,6,166,NA,NA,NA,0
"754",754,6,166,NA,NA,NA,0
"755",755,6,166,NA,NA,NA,0
"756",756,6,166,NA,NA,NA,0
"757",757,3,167,"E",116,2,0
"758",758,3,167,NA,NA,NA,0
"759",759,3,167,NA,NA,NA,0
"760",760,3,168,NA,NA,NA,0
"761",761,3,168,NA,NA,NA,0
"762",762,3,168,NA,NA,NA,0
"763",763,3,169,NA,NA,NA,0
"764",764,3,169,NA,NA,NA,0
"765",765,3,169,NA,NA,NA,0
"766",766,5,170,NA,NA,NA,0
"767",767,5,170,NA,NA,NA,0
"768",768,5,170,NA,NA,NA,0
"769",769,5,170,NA,NA,NA,0
"770",770,5,170,NA,NA,NA,0
"771",771,6,171,NA,NA,NA,0
"772",772,6,171,NA,NA,NA,0
"773",773,6,171,NA,NA,NA,0
"774",774,6,171,NA,NA,NA,0
"775",775,6,171,NA,NA,NA,0
"776",776,6,171,NA,NA,NA,0
"777",777,4,172,NA,NA,NA,0
"778",778,4,172,NA,NA,NA,0
"779",779,4,172,NA,NA,NA,0
"780",780,4,172,NA,NA,NA,0
"781",781,4,173,NA,NA,NA,0
"782",782,4,173,NA,NA,NA,0
"783",783,4,173,NA,NA,NA,0
"784",784,4,173,NA,NA,NA,0
"785",785,3,174,NA,NA,NA,0
"786",786,3,174,NA,NA,NA,0
"787",787,3,174,NA,NA,NA,0
"788",788,3,175,NA,NA,NA,0
"789",789,3,175,NA,NA,NA,0
"790",790,3,175,NA,NA,NA,0
"791",791,4,176,NA,NA,NA,0
"792",792,4,176,NA,NA,NA,0
"793",793,4,176,NA,NA,NA,0
"794",794,4,176,NA,NA,NA,0
"795",795,6,177,NA,NA,NA,0
"796",796,6,177,"C",NA,NA,0
"797",797,6,177,NA,NA,NA,0
"798",798,6,177,NA,NA,NA,0
"799",799,6,177,NA,NA,NA,0
"800",800,6,177,NA,NA,NA,0
"801",801,6,178,NA,NA,NA,0
"802",802,6,178,NA,NA,NA,0
"803",803,6,178,NA,NA,NA,0
"804",804,6,178,NA,NA,NA,0
"805",805,6,178,NA,NA,NA,0
"806",806,6,178,NA,NA,NA,0
"807",807,5,179,NA,NA,NA,0
"808",808,5,179,NA,NA,NA,0
"809",809,5,179,NA,NA,NA,0
"810",810,5,179,NA,NA,NA,0
"811",811,5,179,NA,NA,NA,0
"812",812,4,180,NA,NA,NA,0
"813",813,4,180,NA,NA,NA,0
"814",814,4,180,NA,NA,NA,0
"815",815,4,180,NA,NA,NA,0
"816",816,5,181,"C",NA,NA,0
"817",817,5,181,NA,NA,NA,0
"818",818,5,181,NA,NA,NA,0
"819",819,5,181,NA,NA,NA,0
"820",820,5,181,NA,NA,NA,0
"821",821,6,182,NA,NA,NA,0
"822",822,6,182,NA,NA,NA,0
"823",823,6,182,NA,NA,NA,0
"824",824,6,182,NA,NA,NA,0
"825",825,6,182,NA,NA,NA,0
"826",826,6,182,NA,NA,NA,0
"827",827,5,183,NA,NA,NA,0
"828",828,5,183,NA,NA,NA,0
"829",829,5,183,NA,NA,NA,0
"830",830,5,183,NA,NA,NA,0
"831",831,5,183,NA,NA,NA,0
"832",832,6,184,"H",181,0,0
"833",833,6,184,"H",169,0,0
"834",834,6,184,"H",163,0,0
"835",835,6,184,"E",89,5,2
"836",836,6,184,"H",126,3,2
"837",837,6,184,"H",134,1,1
"838",838,5,185,NA,NA,NA,0
"839",839,5,185,NA,NA,NA,0
"840",840,5,185,NA,NA,NA,0
"841",841,5,185,NA,NA,NA,0
"842",842,5,185,NA,NA,NA,0
"843",843,5,186,NA,NA,NA,0
"844",844,5,186,NA,NA,NA,0
"845",845,5,186,NA,NA,NA,0
"846",846,5,186,NA,NA,NA,0
"847",847,5,186,NA,NA,NA,0
"848",848,4,187,NA,NA,NA,0
"849",849,4,187,NA,NA,NA,0
"850",850,4,187,NA,NA,NA,0
"851",851,4,187,NA,NA,NA,0
"852",852,4,188,NA,NA,NA,0
"853",853,4,188,NA,NA,NA,0
"854",854,4,188,NA,NA,NA,0
"855",855,4,188,NA,NA,NA,0
"856",856,6,189,NA,NA,NA,0
"857",857,6,189,NA,NA,NA,0
"858",858,6,189,NA,NA,NA,0
"859",859,6,189,NA,NA,NA,0
"860",860,6,189,NA,NA,NA,0
"861",861,6,189,NA,NA,NA,0
"862",862,4,190,NA,NA,NA,0
"863",863,4,190,NA,NA,NA,0
"864",864,4,190,NA,NA,NA,0
"865",865,4,190,NA,NA,NA,0
"866",866,3,191,NA,NA,NA,0
"867",867,3,191,NA,NA,NA,0
"868",868,3,191,NA,NA,NA,0
"869",869,3,192,NA,NA,NA,0
"870",870,3,192,NA,NA,NA,0
"871",871,3,192,NA,NA,NA,0
"872",872,4,193,NA,NA,NA,0
"873",873,4,193,"C",NA,NA,0
"874",874,4,193,NA,NA,NA,0
"875",875,4,193,NA,NA,NA,0
"876",876,4,194,NA,NA,NA,0
"877",877,4,194,NA,NA,NA,0
"878",878,4,194,NA,NA,NA,0
"879",879,4,194,NA,NA,NA,0
"880",880,3,195,NA,NA,NA,0
"881",881,3,195,NA,NA,NA,0
"882",882,3,195,NA,NA,NA,0
"883",883,5,196,NA,NA,NA,0
"884",884,5,196,"H",346,2,0
"885",885,5,196,NA,NA,NA,0
"886",886,5,196,"H",355,2,0
"887",887,5,196,"E",321,4,2
"888",888,4,197,NA,NA,NA,0
"889",889,4,197,NA,NA,NA,0
"890",890,4,197,NA,NA,NA,0
"891",891,4,197,NA,NA,NA,0
"892",892,5,198,NA,NA,NA,0
"893",893,5,198,NA,NA,NA,0
"894",894,5,198,NA,NA,NA,0
"895",895,5,198,NA,NA,NA,0
"896",896,5,198,NA,NA,NA,0
"897",897,5,199,NA,NA,NA,0
"898",898,5,199,NA,NA,NA,0
"899",899,5,199,NA,NA,NA,0
"900",900,5,199,NA,NA,NA,0
"901",901,5,199,NA,NA,NA,0
"902",902,6,200,NA,NA,NA,0
"903",903,6,200,NA,NA,NA,0
"904",904,6,200,NA,NA,NA,0
"905",905,6,200,NA,NA,NA,0
"906",906,6,200,NA,NA,NA,0
"907",907,6,200,NA,NA,NA,0
"908",908,3,201,NA,NA,NA,0
"909",909,3,201,NA,NA,NA,0
"910",910,3,201,NA,NA,NA,0
"911",911,6,202,NA,NA,NA,0
"912",912,6,202,NA,NA,NA,0
"913",913,6,202,NA,NA,NA,0
"914",914,6,202,NA,NA,NA,0
"915",915,6,202,NA,NA,NA,0
"916",916,6,202,NA,NA,NA,0
"917",917,6,203,NA,NA,NA,0
"918",918,6,203,NA,NA,NA,0
"919",919,6,203,NA,NA,NA,0
"920",920,6,203,NA,NA,NA,0
"921",921,6,203,NA,NA,NA,0
"922",922,6,203,NA,NA,NA,0
"923",923,3,204,"H",189,0,0
"924",924,3,204,"E",150,2,2
"925",925,3,204,"H",169,0,0
"926",926,6,205,"H",178,4,2
"927",927,6,205,NA,NA,NA,0
"928",928,6,205,"E",163,5,1
"929",929,6,205,"H",209,2,1
"930",930,6,205,"H",243,1,0
"931",931,6,205,"H",215,2,0
"932",932,6,206,"E",320,5,1
"933",933,6,206,NA,NA,NA,0
"934",934,6,206,NA,NA,NA,0
"935",935,6,206,NA,NA,NA,0
"936",936,6,206,"H",NA,NA,0
"937",937,6,206,NA,NA,NA,0
"938",938,4,207,NA,NA,NA,0
"939",939,4,207,NA,NA,NA,0
"940",940,4,207,NA,NA,NA,0
"941",941,4,207,NA,NA,NA,0
"942",942,6,208,NA,NA,NA,0
"943",943,6,208,NA,NA,NA,0
"944",944,6,208,NA,NA,NA,0
"945",945,6,208,NA,NA,NA,0
"946",946,6,208,NA,NA,NA,0
"947",947,6,208,NA,NA,NA,0
"948",948,4,209,NA,NA,NA,0
"949",949,4,209,NA,NA,NA,0
"950",950,4,209,NA,NA,NA,0
"951",951,4,209,NA,NA,NA,0
"952",952,6,210,NA,NA,NA,0
"953",953,6,210,NA,NA,NA,0
"954",954,6,210,NA,NA,NA,0
"955",955,6,210,NA,NA,NA,0
"956",956,6,210,NA,NA,NA,0
"957",957,6,210,NA,NA,NA,0
"958",958,3,211,NA,NA,NA,0
"959",959,3,211,NA,NA,NA,0
"960",960,3,211,NA,NA,NA,0
"961",961,3,212,NA,NA,NA,0
"962",962,3,212,NA,NA,NA,0
"963",963,3,212,NA,NA,NA,0
"964",964,3,213,"E",302,2,1
"965",965,3,213,"H",348,1,0
"966",966,3,213,NA,NA,NA,0
"967",967,6,214,NA,NA,NA,0
"968",968,6,214,NA,NA,NA,0
"969",969,6,214,NA,NA,NA,0
"970",970,6,214,NA,NA,NA,0
"971",971,6,214,NA,NA,NA,0
"972",972,6,214,NA,NA,NA,0
"973",973,3,215,NA,NA,NA,0
"974",974,3,215,NA,NA,NA,0
"975",975,3,215,NA,NA,NA,0
"976",976,4,216,NA,NA,NA,0
"977",977,4,216,NA,NA,NA,0
"978",978,4,216,NA,NA,NA,0
"979",979,4,216,NA,NA,NA,0
"980",980,6,217,NA,NA,NA,0
"981",981,6,217,NA,NA,NA,0
"982",982,6,217,NA,NA,NA,0
"983",983,6,217,NA,NA,NA,0
"984",984,6,217,NA,NA,NA,0
"985",985,6,217,NA,NA,NA,0
"986",986,5,218,NA,NA,NA,0
"987",987,5,218,NA,NA,NA,0
"988",988,5,218,NA,NA,NA,0
"989",989,5,218,NA,NA,NA,0
"990",990,5,218,NA,NA,NA,0
"991",991,6,219,NA,NA,NA,0
"992",992,6,219,NA,NA,NA,0
"993",993,6,219,NA,NA,NA,0
"994",994,6,219,NA,NA,NA,0
"995",995,6,219,NA,NA,NA,0
"996",996,6,219,NA,NA,NA,0
"997",997,4,220,NA,NA,NA,0
"998",998,4,220,NA,NA,NA,0
"999",999,4,220,NA,NA,NA,0
"1000",1000,4,220,NA,NA,NA,0
