"","ID","SIZE","HH","TYPE","TIME","S_num","I_num"
"1",1,6,1,"0",NA,NA,0
"2",2,6,1,NA,NA,NA,0
"3",3,6,1,NA,NA,NA,0
"4",4,6,1,NA,NA,NA,0
"5",5,6,1,NA,NA,NA,0
"6",6,6,1,NA,NA,NA,0
"7",7,4,2,NA,NA,NA,0
"8",8,4,2,NA,NA,NA,0
"9",9,4,2,NA,NA,NA,0
"10",10,4,2,NA,NA,NA,0
"11",11,3,3,NA,NA,NA,0
"12",12,3,3,NA,NA,NA,0
"13",13,3,3,NA,NA,NA,0
"14",14,3,4,NA,NA,NA,0
"15",15,3,4,NA,NA,NA,0
"16",16,3,4,NA,NA,NA,0
"17",17,3,5,NA,NA,NA,0
"18",18,3,5,NA,NA,NA,0
"19",19,3,5,NA,NA,NA,0
"20",20,6,6,"H",347,3,1
"21",21,6,6,"H",NA,NA,0
"22",22,6,6,NA,NA,NA,0
"23",23,6,6,NA,NA,NA,0
"24",24,6,6,"H",357,2,0
"25",25,6,6,"E",300,5,2
"26",26,5,7,NA,NA,NA,0
"27",27,5,7,NA,NA,NA,0
"28",28,5,7,"C",NA,NA,0
"29",29,5,7,NA,NA,NA,0
"30",30,5,7,NA,NA,NA,0
"31",31,4,8,NA,NA,NA,0
"32",32,4,8,NA,NA,NA,0
"33",33,4,8,NA,NA,NA,0
"34",34,4,8,NA,NA,NA,0
"35",35,6,9,NA,NA,NA,0
"36",36,6,9,NA,NA,NA,0
"37",37,6,9,NA,NA,NA,0
"38",38,6,9,NA,NA,NA,0
"39",39,6,9,NA,NA,NA,0
"40",40,6,9,NA,NA,NA,0
"41",41,5,10,NA,NA,NA,0
"42",42,5,10,NA,NA,NA,0
"43",43,5,10,NA,NA,NA,0
"44",44,5,10,NA,NA,NA,0
"45",45,5,10,NA,NA,NA,0
"46",46,3,11,NA,NA,NA,0
"47",47,3,11,NA,NA,NA,0
"48",48,3,11,NA,NA,NA,0
"49",49,6,12,NA,NA,NA,0
"50",50,6,12,NA,NA,NA,0
"51",51,6,12,NA,NA,NA,0
"52",52,6,12,NA,NA,NA,0
"53",53,6,12,NA,NA,NA,0
"54",54,6,12,NA,NA,NA,0
"55",55,4,13,NA,NA,NA,0
"56",56,4,13,NA,NA,NA,0
"57",57,4,13,NA,NA,NA,0
"58",58,4,13,NA,NA,NA,0
"59",59,3,14,NA,NA,NA,0
"60",60,3,14,NA,NA,NA,0
"61",61,3,14,NA,NA,NA,0
"62",62,3,15,NA,NA,NA,0
"63",63,3,15,NA,NA,NA,0
"64",64,3,15,NA,NA,NA,0
"65",65,3,16,NA,NA,NA,0
"66",66,3,16,NA,NA,NA,0
"67",67,3,16,NA,NA,NA,0
"68",68,4,17,NA,NA,NA,0
"69",69,4,17,NA,NA,NA,0
"70",70,4,17,NA,NA,NA,0
"71",71,4,17,NA,NA,NA,0
"72",72,3,18,NA,NA,NA,0
"73",73,3,18,NA,NA,NA,0
"74",74,3,18,NA,NA,NA,0
"75",75,3,19,NA,NA,NA,0
"76",76,3,19,NA,NA,NA,0
"77",77,3,19,NA,NA,NA,0
"78",78,3,20,NA,NA,NA,0
"79",79,3,20,NA,NA,NA,0
"80",80,3,20,NA,NA,NA,0
"81",81,5,21,NA,NA,NA,0
"82",82,5,21,NA,NA,NA,0
"83",83,5,21,NA,NA,NA,0
"84",84,5,21,NA,NA,NA,0
"85",85,5,21,NA,NA,NA,0
"86",86,5,22,NA,NA,NA,0
"87",87,5,22,NA,NA,NA,0
"88",88,5,22,NA,NA,NA,0
"89",89,5,22,NA,NA,NA,0
"90",90,5,22,NA,NA,NA,0
"91",91,6,23,NA,NA,NA,0
"92",92,6,23,NA,NA,NA,0
"93",93,6,23,NA,NA,NA,0
"94",94,6,23,NA,NA,NA,0
"95",95,6,23,NA,NA,NA,0
"96",96,6,23,NA,NA,NA,0
"97",97,5,24,NA,NA,NA,0
"98",98,5,24,NA,NA,NA,0
"99",99,5,24,NA,NA,NA,0
"100",100,5,24,NA,NA,NA,0
"101",101,5,24,NA,NA,NA,0
"102",102,4,25,NA,NA,NA,0
"103",103,4,25,NA,NA,NA,0
"104",104,4,25,NA,NA,NA,0
"105",105,4,25,NA,NA,NA,0
"106",106,4,26,NA,NA,NA,0
"107",107,4,26,NA,NA,NA,0
"108",108,4,26,NA,NA,NA,0
"109",109,4,26,NA,NA,NA,0
"110",110,4,27,"H",247,0,0
"111",111,4,27,"E",237,3,3
"112",112,4,27,"H",259,0,0
"113",113,4,27,"H",288,0,0
"114",114,6,28,NA,NA,NA,0
"115",115,6,28,"C",NA,NA,0
"116",116,6,28,NA,NA,NA,0
"117",117,6,28,NA,NA,NA,0
"118",118,6,28,NA,NA,NA,0
"119",119,6,28,NA,NA,NA,0
"120",120,6,29,NA,NA,NA,0
"121",121,6,29,NA,NA,NA,0
"122",122,6,29,NA,NA,NA,0
"123",123,6,29,NA,NA,NA,0
"124",124,6,29,NA,NA,NA,0
"125",125,6,29,NA,NA,NA,0
"126",126,5,30,NA,NA,NA,0
"127",127,5,30,NA,NA,NA,0
"128",128,5,30,NA,NA,NA,0
"129",129,5,30,NA,NA,NA,0
"130",130,5,30,NA,NA,NA,0
"131",131,5,31,NA,NA,NA,0
"132",132,5,31,NA,NA,NA,0
"133",133,5,31,NA,NA,NA,0
"134",134,5,31,NA,NA,NA,0
"135",135,5,31,NA,NA,NA,0
"136",136,4,32,NA,NA,NA,0
"137",137,4,32,NA,NA,NA,0
"138",138,4,32,"C",NA,NA,0
"139",139,4,32,NA,NA,NA,0
"140",140,5,33,NA,NA,NA,0
"141",141,5,33,NA,NA,NA,0
"142",142,5,33,NA,NA,NA,0
"143",143,5,33,NA,NA,NA,0
"144",144,5,33,NA,NA,NA,0
"145",145,3,34,NA,NA,NA,0
"146",146,3,34,NA,NA,NA,0
"147",147,3,34,NA,NA,NA,0
"148",148,5,35,NA,NA,NA,0
"149",149,5,35,NA,NA,NA,0
"150",150,5,35,NA,NA,NA,0
"151",151,5,35,NA,NA,NA,0
"152",152,5,35,NA,NA,NA,0
"153",153,3,36,NA,NA,NA,0
"154",154,3,36,NA,NA,NA,0
"155",155,3,36,NA,NA,NA,0
"156",156,6,37,NA,NA,NA,0
"157",157,6,37,NA,NA,NA,0
"158",158,6,37,NA,NA,NA,0
"159",159,6,37,NA,NA,NA,0
"160",160,6,37,NA,NA,NA,0
"161",161,6,37,NA,NA,NA,0
"162",162,5,38,NA,NA,NA,0
"163",163,5,38,NA,NA,NA,0
"164",164,5,38,NA,NA,NA,0
"165",165,5,38,NA,NA,NA,0
"166",166,5,38,NA,NA,NA,0
"167",167,4,39,NA,NA,NA,0
"168",168,4,39,NA,NA,NA,0
"169",169,4,39,NA,NA,NA,0
"170",170,4,39,NA,NA,NA,0
"171",171,5,40,NA,NA,NA,0
"172",172,5,40,NA,NA,NA,0
"173",173,5,40,NA,NA,NA,0
"174",174,5,40,NA,NA,NA,0
"175",175,5,40,NA,NA,NA,0
"176",176,5,41,NA,NA,NA,0
"177",177,5,41,NA,NA,NA,0
"178",178,5,41,NA,NA,NA,0
"179",179,5,41,NA,NA,NA,0
"180",180,5,41,NA,NA,NA,0
"181",181,3,42,NA,NA,NA,0
"182",182,3,42,NA,NA,NA,0
"183",183,3,42,NA,NA,NA,0
"184",184,6,43,NA,NA,NA,0
"185",185,6,43,NA,NA,NA,0
"186",186,6,43,NA,NA,NA,0
"187",187,6,43,NA,NA,NA,0
"188",188,6,43,NA,NA,NA,0
"189",189,6,43,NA,NA,NA,0
"190",190,3,44,NA,NA,NA,0
"191",191,3,44,NA,NA,NA,0
"192",192,3,44,NA,NA,NA,0
"193",193,5,45,NA,NA,NA,0
"194",194,5,45,NA,NA,NA,0
"195",195,5,45,NA,NA,NA,0
"196",196,5,45,NA,NA,NA,0
"197",197,5,45,NA,NA,NA,0
"198",198,6,46,NA,NA,NA,0
"199",199,6,46,NA,NA,NA,0
"200",200,6,46,NA,NA,NA,0
"201",201,6,46,NA,NA,NA,0
"202",202,6,46,NA,NA,NA,0
"203",203,6,46,NA,NA,NA,0
"204",204,4,47,NA,NA,NA,0
"205",205,4,47,NA,NA,NA,0
"206",206,4,47,NA,NA,NA,0
"207",207,4,47,NA,NA,NA,0
"208",208,6,48,NA,NA,NA,0
"209",209,6,48,NA,NA,NA,0
"210",210,6,48,NA,NA,NA,0
"211",211,6,48,NA,NA,NA,0
"212",212,6,48,NA,NA,NA,0
"213",213,6,48,NA,NA,NA,0
"214",214,4,49,NA,NA,NA,0
"215",215,4,49,NA,NA,NA,0
"216",216,4,49,NA,NA,NA,0
"217",217,4,49,NA,NA,NA,0
"218",218,4,50,NA,NA,NA,0
"219",219,4,50,NA,NA,NA,0
"220",220,4,50,NA,NA,NA,0
"221",221,4,50,NA,NA,NA,0
"222",222,5,51,NA,NA,NA,0
"223",223,5,51,NA,NA,NA,0
"224",224,5,51,NA,NA,NA,0
"225",225,5,51,NA,NA,NA,0
"226",226,5,51,NA,NA,NA,0
"227",227,4,52,NA,NA,NA,0
"228",228,4,52,NA,NA,NA,0
"229",229,4,52,NA,NA,NA,0
"230",230,4,52,NA,NA,NA,0
"231",231,5,53,NA,NA,NA,0
"232",232,5,53,NA,NA,NA,0
"233",233,5,53,NA,NA,NA,0
"234",234,5,53,NA,NA,NA,0
"235",235,5,53,NA,NA,NA,0
"236",236,3,54,NA,NA,NA,0
"237",237,3,54,NA,NA,NA,0
"238",238,3,54,NA,NA,NA,0
"239",239,6,55,NA,NA,NA,0
"240",240,6,55,NA,NA,NA,0
"241",241,6,55,NA,NA,NA,0
"242",242,6,55,NA,NA,NA,0
"243",243,6,55,NA,NA,NA,0
"244",244,6,55,NA,NA,NA,0
"245",245,3,56,NA,NA,NA,0
"246",246,3,56,NA,NA,NA,0
"247",247,3,56,NA,NA,NA,0
"248",248,4,57,"E",306,3,0
"249",249,4,57,NA,NA,NA,0
"250",250,4,57,NA,NA,NA,0
"251",251,4,57,NA,NA,NA,0
"252",252,4,58,NA,NA,NA,0
"253",253,4,58,NA,NA,NA,0
"254",254,4,58,NA,NA,NA,0
"255",255,4,58,NA,NA,NA,0
"256",256,6,59,"H",NA,NA,0
"257",257,6,59,"H",NA,NA,0
"258",258,6,59,NA,NA,NA,0
"259",259,6,59,NA,NA,NA,0
"260",260,6,59,"E",351,5,2
"261",261,6,59,NA,NA,NA,0
"262",262,5,60,NA,NA,NA,0
"263",263,5,60,NA,NA,NA,0
"264",264,5,60,NA,NA,NA,0
"265",265,5,60,NA,NA,NA,0
"266",266,5,60,NA,NA,NA,0
"267",267,5,61,NA,NA,NA,0
"268",268,5,61,"C",324,4,1
"269",269,5,61,"H",NA,NA,0
"270",270,5,61,"H",NA,NA,0
"271",271,5,61,"H",345,3,2
"272",272,5,62,NA,NA,NA,0
"273",273,5,62,NA,NA,NA,0
"274",274,5,62,NA,NA,NA,0
"275",275,5,62,NA,NA,NA,0
"276",276,5,62,NA,NA,NA,0
"277",277,4,63,NA,NA,NA,0
"278",278,4,63,NA,NA,NA,0
"279",279,4,63,NA,NA,NA,0
"280",280,4,63,NA,NA,NA,0
"281",281,5,64,NA,NA,NA,0
"282",282,5,64,NA,NA,NA,0
"283",283,5,64,NA,NA,NA,0
"284",284,5,64,NA,NA,NA,0
"285",285,5,64,NA,NA,NA,0
"286",286,3,65,NA,NA,NA,0
"287",287,3,65,NA,NA,NA,0
"288",288,3,65,NA,NA,NA,0
"289",289,4,66,NA,NA,NA,0
"290",290,4,66,NA,NA,NA,0
"291",291,4,66,NA,NA,NA,0
"292",292,4,66,NA,NA,NA,0
"293",293,3,67,NA,NA,NA,0
"294",294,3,67,NA,NA,NA,0
"295",295,3,67,NA,NA,NA,0
"296",296,5,68,NA,NA,NA,0
"297",297,5,68,NA,NA,NA,0
"298",298,5,68,NA,NA,NA,0
"299",299,5,68,NA,NA,NA,0
"300",300,5,68,NA,NA,NA,0
"301",301,5,69,NA,NA,NA,0
"302",302,5,69,NA,NA,NA,0
"303",303,5,69,NA,NA,NA,0
"304",304,5,69,NA,NA,NA,0
"305",305,5,69,NA,NA,NA,0
"306",306,4,70,NA,NA,NA,0
"307",307,4,70,NA,NA,NA,0
"308",308,4,70,NA,NA,NA,0
"309",309,4,70,NA,NA,NA,0
"310",310,3,71,NA,NA,NA,0
"311",311,3,71,NA,NA,NA,0
"312",312,3,71,NA,NA,NA,0
"313",313,5,72,NA,NA,NA,0
"314",314,5,72,NA,NA,NA,0
"315",315,5,72,NA,NA,NA,0
"316",316,5,72,NA,NA,NA,0
"317",317,5,72,NA,NA,NA,0
"318",318,4,73,NA,NA,NA,0
"319",319,4,73,NA,NA,NA,0
"320",320,4,73,NA,NA,NA,0
"321",321,4,73,NA,NA,NA,0
"322",322,3,74,NA,NA,NA,0
"323",323,3,74,NA,NA,NA,0
"324",324,3,74,NA,NA,NA,0
"325",325,3,75,NA,NA,NA,0
"326",326,3,75,NA,NA,NA,0
"327",327,3,75,NA,NA,NA,0
"328",328,3,76,NA,NA,NA,0
"329",329,3,76,NA,NA,NA,0
"330",330,3,76,NA,NA,NA,0
"331",331,6,77,NA,NA,NA,0
"332",332,6,77,NA,NA,NA,0
"333",333,6,77,NA,NA,NA,0
"334",334,6,77,NA,NA,NA,0
"335",335,6,77,NA,NA,NA,0
"336",336,6,77,NA,NA,NA,0
"337",337,3,78,NA,NA,NA,0
"338",338,3,78,NA,NA,NA,0
"339",339,3,78,NA,NA,NA,0
"340",340,4,79,NA,NA,NA,0
"341",341,4,79,NA,NA,NA,0
"342",342,4,79,NA,NA,NA,0
"343",343,4,79,NA,NA,NA,0
"344",344,5,80,NA,NA,NA,0
"345",345,5,80,NA,NA,NA,0
"346",346,5,80,NA,NA,NA,0
"347",347,5,80,NA,NA,NA,0
"348",348,5,80,NA,NA,NA,0
"349",349,3,81,NA,NA,NA,0
"350",350,3,81,NA,NA,NA,0
"351",351,3,81,NA,NA,NA,0
"352",352,6,82,NA,NA,NA,0
"353",353,6,82,NA,NA,NA,0
"354",354,6,82,NA,NA,NA,0
"355",355,6,82,NA,NA,NA,0
"356",356,6,82,NA,NA,NA,0
"357",357,6,82,NA,NA,NA,0
"358",358,5,83,"H",NA,NA,0
"359",359,5,83,"E",294,4,1
"360",360,5,83,"H",340,2,1
"361",361,5,83,"H",316,3,1
"362",362,5,83,NA,NA,NA,0
"363",363,6,84,NA,NA,NA,0
"364",364,6,84,NA,NA,NA,0
"365",365,6,84,NA,NA,NA,0
"366",366,6,84,NA,NA,NA,0
"367",367,6,84,NA,NA,NA,0
"368",368,6,84,NA,NA,NA,0
"369",369,4,85,NA,NA,NA,0
"370",370,4,85,NA,NA,NA,0
"371",371,4,85,NA,NA,NA,0
"372",372,4,85,NA,NA,NA,0
"373",373,6,86,NA,NA,NA,0
"374",374,6,86,NA,NA,NA,0
"375",375,6,86,NA,NA,NA,0
"376",376,6,86,"H",365,4,0
"377",377,6,86,"E",333,5,1
"378",378,6,86,NA,NA,NA,0
"379",379,6,87,NA,NA,NA,0
"380",380,6,87,NA,NA,NA,0
"381",381,6,87,NA,NA,NA,0
"382",382,6,87,NA,NA,NA,0
"383",383,6,87,NA,NA,NA,0
"384",384,6,87,NA,NA,NA,0
"385",385,3,88,NA,NA,NA,0
"386",386,3,88,NA,NA,NA,0
"387",387,3,88,"C",NA,NA,0
"388",388,4,89,NA,NA,NA,0
"389",389,4,89,NA,NA,NA,0
"390",390,4,89,NA,NA,NA,0
"391",391,4,89,NA,NA,NA,0
"392",392,6,90,NA,NA,NA,0
"393",393,6,90,NA,NA,NA,0
"394",394,6,90,NA,NA,NA,0
"395",395,6,90,NA,NA,NA,0
"396",396,6,90,NA,NA,NA,0
"397",397,6,90,NA,NA,NA,0
"398",398,3,91,NA,NA,NA,0
"399",399,3,91,NA,NA,NA,0
"400",400,3,91,NA,NA,NA,0
"401",401,5,92,NA,NA,NA,0
"402",402,5,92,NA,NA,NA,0
"403",403,5,92,NA,NA,NA,0
"404",404,5,92,NA,NA,NA,0
"405",405,5,92,NA,NA,NA,0
"406",406,4,93,NA,NA,NA,0
"407",407,4,93,NA,NA,NA,0
"408",408,4,93,NA,NA,NA,0
"409",409,4,93,NA,NA,NA,0
"410",410,5,94,NA,NA,NA,0
"411",411,5,94,NA,NA,NA,0
"412",412,5,94,NA,NA,NA,0
"413",413,5,94,NA,NA,NA,0
"414",414,5,94,NA,NA,NA,0
"415",415,4,95,NA,NA,NA,0
"416",416,4,95,NA,NA,NA,0
"417",417,4,95,NA,NA,NA,0
"418",418,4,95,NA,NA,NA,0
"419",419,3,96,NA,NA,NA,0
"420",420,3,96,NA,NA,NA,0
"421",421,3,96,NA,NA,NA,0
"422",422,3,97,NA,NA,NA,0
"423",423,3,97,NA,NA,NA,0
"424",424,3,97,NA,NA,NA,0
"425",425,4,98,NA,NA,NA,0
"426",426,4,98,NA,NA,NA,0
"427",427,4,98,NA,NA,NA,0
"428",428,4,98,NA,NA,NA,0
"429",429,3,99,NA,NA,NA,0
"430",430,3,99,NA,NA,NA,0
"431",431,3,99,NA,NA,NA,0
"432",432,5,100,NA,NA,NA,0
"433",433,5,100,NA,NA,NA,0
"434",434,5,100,NA,NA,NA,0
"435",435,5,100,NA,NA,NA,0
"436",436,5,100,NA,NA,NA,0
"437",437,3,101,NA,NA,NA,0
"438",438,3,101,NA,NA,NA,0
"439",439,3,101,NA,NA,NA,0
"440",440,4,102,NA,NA,NA,0
"441",441,4,102,NA,NA,NA,0
"442",442,4,102,NA,NA,NA,0
"443",443,4,102,NA,NA,NA,0
"444",444,3,103,NA,NA,NA,0
"445",445,3,103,NA,NA,NA,0
"446",446,3,103,NA,NA,NA,0
"447",447,4,104,NA,NA,NA,0
"448",448,4,104,NA,NA,NA,0
"449",449,4,104,NA,NA,NA,0
"450",450,4,104,NA,NA,NA,0
"451",451,6,105,NA,NA,NA,0
"452",452,6,105,NA,NA,NA,0
"453",453,6,105,NA,NA,NA,0
"454",454,6,105,NA,NA,NA,0
"455",455,6,105,NA,NA,NA,0
"456",456,6,105,NA,NA,NA,0
"457",457,5,106,NA,NA,NA,0
"458",458,5,106,NA,NA,NA,0
"459",459,5,106,NA,NA,NA,0
"460",460,5,106,NA,NA,NA,0
"461",461,5,106,NA,NA,NA,0
"462",462,6,107,NA,NA,NA,0
"463",463,6,107,NA,NA,NA,0
"464",464,6,107,NA,NA,NA,0
"465",465,6,107,NA,NA,NA,0
"466",466,6,107,NA,NA,NA,0
"467",467,6,107,NA,NA,NA,0
"468",468,3,108,NA,NA,NA,0
"469",469,3,108,NA,NA,NA,0
"470",470,3,108,NA,NA,NA,0
"471",471,4,109,NA,NA,NA,0
"472",472,4,109,NA,NA,NA,0
"473",473,4,109,NA,NA,NA,0
"474",474,4,109,NA,NA,NA,0
"475",475,3,110,NA,NA,NA,0
"476",476,3,110,NA,NA,NA,0
"477",477,3,110,NA,NA,NA,0
"478",478,5,111,NA,NA,NA,0
"479",479,5,111,NA,NA,NA,0
"480",480,5,111,NA,NA,NA,0
"481",481,5,111,NA,NA,NA,0
"482",482,5,111,NA,NA,NA,0
"483",483,4,112,NA,NA,NA,0
"484",484,4,112,NA,NA,NA,0
"485",485,4,112,NA,NA,NA,0
"486",486,4,112,NA,NA,NA,0
"487",487,4,113,NA,NA,NA,0
"488",488,4,113,NA,NA,NA,0
"489",489,4,113,NA,NA,NA,0
"490",490,4,113,NA,NA,NA,0
"491",491,5,114,NA,NA,NA,0
"492",492,5,114,NA,NA,NA,0
"493",493,5,114,NA,NA,NA,0
"494",494,5,114,NA,NA,NA,0
"495",495,5,114,NA,NA,NA,0
"496",496,5,115,NA,NA,NA,0
"497",497,5,115,NA,NA,NA,0
"498",498,5,115,NA,NA,NA,0
"499",499,5,115,NA,NA,NA,0
"500",500,5,115,NA,NA,NA,0
"501",501,5,116,NA,NA,NA,0
"502",502,5,116,NA,NA,NA,0
"503",503,5,116,NA,NA,NA,0
"504",504,5,116,NA,NA,NA,0
"505",505,5,116,NA,NA,NA,0
"506",506,6,117,NA,NA,NA,0
"507",507,6,117,NA,NA,NA,0
"508",508,6,117,NA,NA,NA,0
"509",509,6,117,NA,NA,NA,0
"510",510,6,117,NA,NA,NA,0
"511",511,6,117,NA,NA,NA,0
"512",512,5,118,NA,NA,NA,0
"513",513,5,118,NA,NA,NA,0
"514",514,5,118,NA,NA,NA,0
"515",515,5,118,NA,NA,NA,0
"516",516,5,118,NA,NA,NA,0
"517",517,4,119,NA,NA,NA,0
"518",518,4,119,NA,NA,NA,0
"519",519,4,119,NA,NA,NA,0
"520",520,4,119,NA,NA,NA,0
"521",521,6,120,NA,NA,NA,0
"522",522,6,120,NA,NA,NA,0
"523",523,6,120,NA,NA,NA,0
"524",524,6,120,NA,NA,NA,0
"525",525,6,120,NA,NA,NA,0
"526",526,6,120,NA,NA,NA,0
"527",527,4,121,NA,NA,NA,0
"528",528,4,121,NA,NA,NA,0
"529",529,4,121,NA,NA,NA,0
"530",530,4,121,NA,NA,NA,0
"531",531,6,122,NA,NA,NA,0
"532",532,6,122,NA,NA,NA,0
"533",533,6,122,NA,NA,NA,0
"534",534,6,122,NA,NA,NA,0
"535",535,6,122,NA,NA,NA,0
"536",536,6,122,NA,NA,NA,0
"537",537,4,123,NA,NA,NA,0
"538",538,4,123,NA,NA,NA,0
"539",539,4,123,NA,NA,NA,0
"540",540,4,123,NA,NA,NA,0
"541",541,6,124,NA,NA,NA,0
"542",542,6,124,NA,NA,NA,0
"543",543,6,124,NA,NA,NA,0
"544",544,6,124,NA,NA,NA,0
"545",545,6,124,NA,NA,NA,0
"546",546,6,124,NA,NA,NA,0
"547",547,6,125,NA,NA,NA,0
"548",548,6,125,NA,NA,NA,0
"549",549,6,125,NA,NA,NA,0
"550",550,6,125,NA,NA,NA,0
"551",551,6,125,NA,NA,NA,0
"552",552,6,125,NA,NA,NA,0
"553",553,3,126,NA,NA,NA,0
"554",554,3,126,NA,NA,NA,0
"555",555,3,126,NA,NA,NA,0
"556",556,4,127,NA,NA,NA,0
"557",557,4,127,NA,NA,NA,0
"558",558,4,127,NA,NA,NA,0
"559",559,4,127,NA,NA,NA,0
"560",560,4,128,NA,NA,NA,0
"561",561,4,128,NA,NA,NA,0
"562",562,4,128,NA,NA,NA,0
"563",563,4,128,NA,NA,NA,0
"564",564,3,129,NA,NA,NA,0
"565",565,3,129,NA,NA,NA,0
"566",566,3,129,NA,NA,NA,0
"567",567,4,130,NA,NA,NA,0
"568",568,4,130,NA,NA,NA,0
"569",569,4,130,NA,NA,NA,0
"570",570,4,130,NA,NA,NA,0
"571",571,5,131,NA,NA,NA,0
"572",572,5,131,NA,NA,NA,0
"573",573,5,131,NA,NA,NA,0
"574",574,5,131,NA,NA,NA,0
"575",575,5,131,NA,NA,NA,0
"576",576,3,132,NA,NA,NA,0
"577",577,3,132,NA,NA,NA,0
"578",578,3,132,"E",233,2,0
"579",579,5,133,NA,NA,NA,0
"580",580,5,133,NA,NA,NA,0
"581",581,5,133,NA,NA,NA,0
"582",582,5,133,NA,NA,NA,0
"583",583,5,133,NA,NA,NA,0
"584",584,6,134,"E",132,5,2
"585",585,6,134,NA,NA,NA,0
"586",586,6,134,"H",169,3,0
"587",587,6,134,NA,NA,NA,0
"588",588,6,134,NA,NA,NA,0
"589",589,6,134,"H",153,3,0
"590",590,6,135,NA,NA,NA,0
"591",591,6,135,NA,NA,NA,0
"592",592,6,135,NA,NA,NA,0
"593",593,6,135,NA,NA,NA,0
"594",594,6,135,NA,NA,NA,0
"595",595,6,135,NA,NA,NA,0
"596",596,3,136,NA,NA,NA,0
"597",597,3,136,NA,NA,NA,0
"598",598,3,136,NA,NA,NA,0
"599",599,6,137,NA,NA,NA,0
"600",600,6,137,NA,NA,NA,0
"601",601,6,137,NA,NA,NA,0
"602",602,6,137,NA,NA,NA,0
"603",603,6,137,NA,NA,NA,0
"604",604,6,137,NA,NA,NA,0
"605",605,4,138,NA,NA,NA,0
"606",606,4,138,NA,NA,NA,0
"607",607,4,138,NA,NA,NA,0
"608",608,4,138,NA,NA,NA,0
"609",609,5,139,NA,NA,NA,0
"610",610,5,139,NA,NA,NA,0
"611",611,5,139,NA,NA,NA,0
"612",612,5,139,NA,NA,NA,0
"613",613,5,139,NA,NA,NA,0
"614",614,3,140,NA,NA,NA,0
"615",615,3,140,NA,NA,NA,0
"616",616,3,140,NA,NA,NA,0
"617",617,4,141,NA,NA,NA,0
"618",618,4,141,NA,NA,NA,0
"619",619,4,141,NA,NA,NA,0
"620",620,4,141,NA,NA,NA,0
"621",621,5,142,NA,NA,NA,0
"622",622,5,142,NA,NA,NA,0
"623",623,5,142,NA,NA,NA,0
"624",624,5,142,NA,NA,NA,0
"625",625,5,142,NA,NA,NA,0
"626",626,5,143,NA,NA,NA,0
"627",627,5,143,NA,NA,NA,0
"628",628,5,143,NA,NA,NA,0
"629",629,5,143,NA,NA,NA,0
"630",630,5,143,NA,NA,NA,0
"631",631,5,144,NA,NA,NA,0
"632",632,5,144,NA,NA,NA,0
"633",633,5,144,NA,NA,NA,0
"634",634,5,144,NA,NA,NA,0
"635",635,5,144,NA,NA,NA,0
"636",636,5,145,NA,NA,NA,0
"637",637,5,145,NA,NA,NA,0
"638",638,5,145,NA,NA,NA,0
"639",639,5,145,NA,NA,NA,0
"640",640,5,145,NA,NA,NA,0
"641",641,6,146,"H",310,1,0
"642",642,6,146,"H",268,3,2
"643",643,6,146,"H",313,1,0
"644",644,6,146,"H",282,1,0
"645",645,6,146,NA,NA,NA,0
"646",646,6,146,"E",230,5,2
"647",647,6,147,"H",351,2,1
"648",648,6,147,NA,NA,NA,0
"649",649,6,147,"H",313,4,1
"650",650,6,147,"E",275,5,1
"651",651,6,147,"H",334,3,1
"652",652,6,147,"H",NA,NA,0
"653",653,3,148,NA,NA,NA,0
"654",654,3,148,NA,NA,NA,0
"655",655,3,148,NA,NA,NA,0
"656",656,4,149,NA,NA,NA,0
"657",657,4,149,NA,NA,NA,0
"658",658,4,149,NA,NA,NA,0
"659",659,4,149,NA,NA,NA,0
"660",660,4,150,NA,NA,NA,0
"661",661,4,150,NA,NA,NA,0
"662",662,4,150,NA,NA,NA,0
"663",663,4,150,"C",207,3,0
"664",664,3,151,NA,NA,NA,0
"665",665,3,151,NA,NA,NA,0
"666",666,3,151,NA,NA,NA,0
"667",667,3,152,NA,NA,NA,0
"668",668,3,152,NA,NA,NA,0
"669",669,3,152,NA,NA,NA,0
"670",670,6,153,NA,NA,NA,0
"671",671,6,153,NA,NA,NA,0
"672",672,6,153,NA,NA,NA,0
"673",673,6,153,NA,NA,NA,0
"674",674,6,153,NA,NA,NA,0
"675",675,6,153,NA,NA,NA,0
"676",676,3,154,NA,NA,NA,0
"677",677,3,154,NA,NA,NA,0
"678",678,3,154,NA,NA,NA,0
"679",679,3,155,NA,NA,NA,0
"680",680,3,155,NA,NA,NA,0
"681",681,3,155,NA,NA,NA,0
"682",682,4,156,NA,NA,NA,0
"683",683,4,156,NA,NA,NA,0
"684",684,4,156,NA,NA,NA,0
"685",685,4,156,NA,NA,NA,0
"686",686,5,157,NA,NA,NA,0
"687",687,5,157,"H",309,2,0
"688",688,5,157,"C",290,4,2
"689",689,5,157,NA,NA,NA,0
"690",690,5,157,"H",330,2,0
"691",691,4,158,NA,NA,NA,0
"692",692,4,158,NA,NA,NA,0
"693",693,4,158,NA,NA,NA,0
"694",694,4,158,NA,NA,NA,0
"695",695,3,159,NA,NA,NA,0
"696",696,3,159,NA,NA,NA,0
"697",697,3,159,NA,NA,NA,0
"698",698,4,160,NA,NA,NA,0
"699",699,4,160,NA,NA,NA,0
"700",700,4,160,NA,NA,NA,0
"701",701,4,160,NA,NA,NA,0
"702",702,6,161,"H",NA,NA,0
"703",703,6,161,"E",291,5,1
"704",704,6,161,NA,NA,NA,0
"705",705,6,161,"H",315,4,1
"706",706,6,161,"H",354,2,1
"707",707,6,161,"H",339,3,1
"708",708,4,162,NA,NA,NA,0
"709",709,4,162,NA,NA,NA,0
"710",710,4,162,NA,NA,NA,0
"711",711,4,162,NA,NA,NA,0
"712",712,4,163,NA,NA,NA,0
"713",713,4,163,NA,NA,NA,0
"714",714,4,163,NA,NA,NA,0
"715",715,4,163,NA,NA,NA,0
"716",716,3,164,NA,NA,NA,0
"717",717,3,164,NA,NA,NA,0
"718",718,3,164,NA,NA,NA,0
"719",719,6,165,NA,NA,NA,0
"720",720,6,165,NA,NA,NA,0
"721",721,6,165,NA,NA,NA,0
"722",722,6,165,NA,NA,NA,0
"723",723,6,165,NA,NA,NA,0
"724",724,6,165,NA,NA,NA,0
"725",725,6,166,NA,NA,NA,0
"726",726,6,166,NA,NA,NA,0
"727",727,6,166,NA,NA,NA,0
"728",728,6,166,NA,NA,NA,0
"729",729,6,166,"H",185,4,0
"730",730,6,166,"E",160,5,1
"731",731,5,167,NA,NA,NA,0
"732",732,5,167,NA,NA,NA,0
"733",733,5,167,NA,NA,NA,0
"734",734,5,167,NA,NA,NA,0
"735",735,5,167,NA,NA,NA,0
"736",736,3,168,NA,NA,NA,0
"737",737,3,168,NA,NA,NA,0
"738",738,3,168,NA,NA,NA,0
"739",739,4,169,NA,NA,NA,0
"740",740,4,169,NA,NA,NA,0
"741",741,4,169,NA,NA,NA,0
"742",742,4,169,NA,NA,NA,0
"743",743,4,170,NA,NA,NA,0
"744",744,4,170,NA,NA,NA,0
"745",745,4,170,NA,NA,NA,0
"746",746,4,170,NA,NA,NA,0
"747",747,5,171,NA,NA,NA,0
"748",748,5,171,NA,NA,NA,0
"749",749,5,171,NA,NA,NA,0
"750",750,5,171,NA,NA,NA,0
"751",751,5,171,NA,NA,NA,0
"752",752,6,172,NA,NA,NA,0
"753",753,6,172,NA,NA,NA,0
"754",754,6,172,"H",NA,NA,0
"755",755,6,172,NA,NA,NA,0
"756",756,6,172,"H",NA,NA,0
"757",757,6,172,"E",352,5,2
"758",758,5,173,NA,NA,NA,0
"759",759,5,173,NA,NA,NA,0
"760",760,5,173,NA,NA,NA,0
"761",761,5,173,NA,NA,NA,0
"762",762,5,173,NA,NA,NA,0
"763",763,6,174,NA,NA,NA,0
"764",764,6,174,NA,NA,NA,0
"765",765,6,174,NA,NA,NA,0
"766",766,6,174,NA,NA,NA,0
"767",767,6,174,NA,NA,NA,0
"768",768,6,174,NA,NA,NA,0
"769",769,3,175,NA,NA,NA,0
"770",770,3,175,NA,NA,NA,0
"771",771,3,175,NA,NA,NA,0
"772",772,6,176,NA,NA,NA,0
"773",773,6,176,NA,NA,NA,0
"774",774,6,176,NA,NA,NA,0
"775",775,6,176,NA,NA,NA,0
"776",776,6,176,NA,NA,NA,0
"777",777,6,176,NA,NA,NA,0
"778",778,3,177,NA,NA,NA,0
"779",779,3,177,NA,NA,NA,0
"780",780,3,177,NA,NA,NA,0
"781",781,5,178,NA,NA,NA,0
"782",782,5,178,NA,NA,NA,0
"783",783,5,178,NA,NA,NA,0
"784",784,5,178,NA,NA,NA,0
"785",785,5,178,NA,NA,NA,0
"786",786,3,179,NA,NA,NA,0
"787",787,3,179,NA,NA,NA,0
"788",788,3,179,NA,NA,NA,0
"789",789,5,180,NA,NA,NA,0
"790",790,5,180,NA,NA,NA,0
"791",791,5,180,NA,NA,NA,0
"792",792,5,180,NA,NA,NA,0
"793",793,5,180,NA,NA,NA,0
"794",794,5,181,NA,NA,NA,0
"795",795,5,181,NA,NA,NA,0
"796",796,5,181,NA,NA,NA,0
"797",797,5,181,NA,NA,NA,0
"798",798,5,181,NA,NA,NA,0
"799",799,3,182,NA,NA,NA,0
"800",800,3,182,NA,NA,NA,0
"801",801,3,182,NA,NA,NA,0
"802",802,3,183,NA,NA,NA,0
"803",803,3,183,NA,NA,NA,0
"804",804,3,183,NA,NA,NA,0
"805",805,5,184,NA,NA,NA,0
"806",806,5,184,NA,NA,NA,0
"807",807,5,184,"H",NA,NA,0
"808",808,5,184,NA,NA,NA,0
"809",809,5,184,"C",360,4,1
"810",810,3,185,NA,NA,NA,0
"811",811,3,185,NA,NA,NA,0
"812",812,3,185,NA,NA,NA,0
"813",813,3,186,NA,NA,NA,0
"814",814,3,186,NA,NA,NA,0
"815",815,3,186,NA,NA,NA,0
"816",816,4,187,NA,NA,NA,0
"817",817,4,187,NA,NA,NA,0
"818",818,4,187,NA,NA,NA,0
"819",819,4,187,NA,NA,NA,0
"820",820,4,188,NA,NA,NA,0
"821",821,4,188,NA,NA,NA,0
"822",822,4,188,NA,NA,NA,0
"823",823,4,188,NA,NA,NA,0
"824",824,4,189,NA,NA,NA,0
"825",825,4,189,NA,NA,NA,0
"826",826,4,189,NA,NA,NA,0
"827",827,4,189,NA,NA,NA,0
"828",828,4,190,NA,NA,NA,0
"829",829,4,190,NA,NA,NA,0
"830",830,4,190,NA,NA,NA,0
"831",831,4,190,NA,NA,NA,0
"832",832,5,191,NA,NA,NA,0
"833",833,5,191,NA,NA,NA,0
"834",834,5,191,NA,NA,NA,0
"835",835,5,191,NA,NA,NA,0
"836",836,5,191,NA,NA,NA,0
"837",837,4,192,NA,NA,NA,0
"838",838,4,192,NA,NA,NA,0
"839",839,4,192,NA,NA,NA,0
"840",840,4,192,NA,NA,NA,0
"841",841,5,193,NA,NA,NA,0
"842",842,5,193,NA,NA,NA,0
"843",843,5,193,NA,NA,NA,0
"844",844,5,193,NA,NA,NA,0
"845",845,5,193,NA,NA,NA,0
"846",846,5,194,NA,NA,NA,0
"847",847,5,194,NA,NA,NA,0
"848",848,5,194,NA,NA,NA,0
"849",849,5,194,NA,NA,NA,0
"850",850,5,194,NA,NA,NA,0
"851",851,5,195,NA,NA,NA,0
"852",852,5,195,NA,NA,NA,0
"853",853,5,195,NA,NA,NA,0
"854",854,5,195,NA,NA,NA,0
"855",855,5,195,NA,NA,NA,0
"856",856,3,196,NA,NA,NA,0
"857",857,3,196,NA,NA,NA,0
"858",858,3,196,NA,NA,NA,0
"859",859,3,197,NA,NA,NA,0
"860",860,3,197,NA,NA,NA,0
"861",861,3,197,NA,NA,NA,0
"862",862,4,198,NA,NA,NA,0
"863",863,4,198,NA,NA,NA,0
"864",864,4,198,NA,NA,NA,0
"865",865,4,198,NA,NA,NA,0
"866",866,5,199,NA,NA,NA,0
"867",867,5,199,NA,NA,NA,0
"868",868,5,199,NA,NA,NA,0
"869",869,5,199,NA,NA,NA,0
"870",870,5,199,NA,NA,NA,0
"871",871,6,200,NA,NA,NA,0
"872",872,6,200,"C",362,5,2
"873",873,6,200,NA,NA,NA,0
"874",874,6,200,"H",NA,NA,0
"875",875,6,200,NA,NA,NA,0
"876",876,6,200,"H",NA,NA,0
"877",877,4,201,NA,NA,NA,0
"878",878,4,201,NA,NA,NA,0
"879",879,4,201,NA,NA,NA,0
"880",880,4,201,NA,NA,NA,0
"881",881,5,202,NA,NA,NA,0
"882",882,5,202,NA,NA,NA,0
"883",883,5,202,NA,NA,NA,0
"884",884,5,202,NA,NA,NA,0
"885",885,5,202,NA,NA,NA,0
"886",886,6,203,NA,NA,NA,0
"887",887,6,203,NA,NA,NA,0
"888",888,6,203,NA,NA,NA,0
"889",889,6,203,NA,NA,NA,0
"890",890,6,203,NA,NA,NA,0
"891",891,6,203,NA,NA,NA,0
"892",892,3,204,NA,NA,NA,0
"893",893,3,204,NA,NA,NA,0
"894",894,3,204,NA,NA,NA,0
"895",895,4,205,NA,NA,NA,0
"896",896,4,205,NA,NA,NA,0
"897",897,4,205,NA,NA,NA,0
"898",898,4,205,NA,NA,NA,0
"899",899,3,206,NA,NA,NA,0
"900",900,3,206,NA,NA,NA,0
"901",901,3,206,NA,NA,NA,0
"902",902,4,207,NA,NA,NA,0
"903",903,4,207,NA,NA,NA,0
"904",904,4,207,NA,NA,NA,0
"905",905,4,207,NA,NA,NA,0
"906",906,6,208,NA,NA,NA,0
"907",907,6,208,NA,NA,NA,0
"908",908,6,208,NA,NA,NA,0
"909",909,6,208,NA,NA,NA,0
"910",910,6,208,NA,NA,NA,0
"911",911,6,208,NA,NA,NA,0
"912",912,3,209,NA,NA,NA,0
"913",913,3,209,NA,NA,NA,0
"914",914,3,209,NA,NA,NA,0
"915",915,6,210,NA,NA,NA,0
"916",916,6,210,NA,NA,NA,0
"917",917,6,210,NA,NA,NA,0
"918",918,6,210,NA,NA,NA,0
"919",919,6,210,NA,NA,NA,0
"920",920,6,210,NA,NA,NA,0
"921",921,5,211,NA,NA,NA,0
"922",922,5,211,NA,NA,NA,0
"923",923,5,211,NA,NA,NA,0
"924",924,5,211,NA,NA,NA,0
"925",925,5,211,NA,NA,NA,0
"926",926,3,212,NA,NA,NA,0
"927",927,3,212,NA,NA,NA,0
"928",928,3,212,NA,NA,NA,0
"929",929,6,213,NA,NA,NA,0
"930",930,6,213,NA,NA,NA,0
"931",931,6,213,NA,NA,NA,0
"932",932,6,213,NA,NA,NA,0
"933",933,6,213,NA,NA,NA,0
"934",934,6,213,NA,NA,NA,0
"935",935,3,214,NA,NA,NA,0
"936",936,3,214,NA,NA,NA,0
"937",937,3,214,NA,NA,NA,0
"938",938,4,215,NA,NA,NA,0
"939",939,4,215,NA,NA,NA,0
"940",940,4,215,NA,NA,NA,0
"941",941,4,215,NA,NA,NA,0
"942",942,5,216,NA,NA,NA,0
"943",943,5,216,NA,NA,NA,0
"944",944,5,216,NA,NA,NA,0
"945",945,5,216,NA,NA,NA,0
"946",946,5,216,NA,NA,NA,0
"947",947,3,217,NA,NA,NA,0
"948",948,3,217,NA,NA,NA,0
"949",949,3,217,NA,NA,NA,0
"950",950,3,218,NA,NA,NA,0
"951",951,3,218,NA,NA,NA,0
"952",952,3,218,NA,NA,NA,0
"953",953,6,219,NA,NA,NA,0
"954",954,6,219,NA,NA,NA,0
"955",955,6,219,NA,NA,NA,0
"956",956,6,219,NA,NA,NA,0
"957",957,6,219,NA,NA,NA,0
"958",958,6,219,NA,NA,NA,0
"959",959,6,220,NA,NA,NA,0
"960",960,6,220,"E",255,5,1
"961",961,6,220,NA,NA,NA,0
"962",962,6,220,"H",NA,NA,0
"963",963,6,220,NA,NA,NA,0
"964",964,6,220,"H",294,4,1
"965",965,4,221,NA,NA,NA,0
"966",966,4,221,NA,NA,NA,0
"967",967,4,221,NA,NA,NA,0
"968",968,4,221,NA,NA,NA,0
"969",969,3,222,NA,NA,NA,0
"970",970,3,222,NA,NA,NA,0
"971",971,3,222,NA,NA,NA,0
"972",972,4,223,NA,NA,NA,0
"973",973,4,223,NA,NA,NA,0
"974",974,4,223,NA,NA,NA,0
"975",975,4,223,NA,NA,NA,0
"976",976,5,224,NA,NA,NA,0
"977",977,5,224,NA,NA,NA,0
"978",978,5,224,NA,NA,NA,0
"979",979,5,224,NA,NA,NA,0
"980",980,5,224,NA,NA,NA,0
"981",981,5,225,NA,NA,NA,0
"982",982,5,225,NA,NA,NA,0
"983",983,5,225,NA,NA,NA,0
"984",984,5,225,NA,NA,NA,0
"985",985,5,225,NA,NA,NA,0
"986",986,6,226,NA,NA,NA,0
"987",987,6,226,NA,NA,NA,0
"988",988,6,226,NA,NA,NA,0
"989",989,6,226,NA,NA,NA,0
"990",990,6,226,NA,NA,NA,0
"991",991,6,226,NA,NA,NA,0
"992",992,3,227,NA,NA,NA,0
"993",993,3,227,NA,NA,NA,0
"994",994,3,227,NA,NA,NA,0
"995",995,6,228,NA,NA,NA,0
"996",996,6,228,NA,NA,NA,0
"997",997,6,228,NA,NA,NA,0
"998",998,6,228,NA,NA,NA,0
"999",999,6,228,NA,NA,NA,0
"1000",1000,6,228,NA,NA,NA,0
