"ID","SIZE","HH","TYPE","TIME","S_NUM","I_NUM"
1,3,1,"0",NA,NA,0
2,3,1,NA,NA,NA,0
3,3,1,"E",209,1,0
4,6,2,NA,NA,NA,0
5,6,2,NA,NA,NA,0
6,6,2,NA,NA,NA,0
7,6,2,NA,NA,NA,0
8,6,2,NA,NA,NA,0
9,6,2,NA,NA,NA,0
10,5,3,NA,NA,NA,0
11,5,3,NA,NA,NA,0
12,5,3,NA,NA,NA,0
13,5,3,NA,NA,NA,0
14,5,3,NA,NA,NA,0
15,4,4,NA,NA,NA,0
16,4,4,NA,NA,NA,0
17,4,4,NA,NA,NA,0
18,4,4,NA,NA,NA,0
19,4,5,NA,NA,NA,0
20,4,5,NA,NA,NA,0
21,4,5,NA,NA,NA,0
22,4,5,NA,NA,NA,0
23,4,6,NA,NA,NA,0
24,4,6,NA,NA,NA,0
25,4,6,NA,NA,NA,0
26,4,6,"E",262,3,0
27,4,7,NA,NA,NA,0
28,4,7,NA,NA,NA,0
29,4,7,NA,NA,NA,0
30,4,7,NA,NA,NA,0
31,4,8,NA,NA,NA,0
32,4,8,NA,NA,NA,0
33,4,8,NA,NA,NA,0
34,4,8,NA,NA,NA,0
35,3,9,NA,NA,NA,0
36,3,9,NA,NA,NA,0
37,3,9,NA,NA,NA,0
38,3,10,NA,NA,NA,0
39,3,10,NA,NA,NA,0
40,3,10,NA,NA,NA,0
41,5,11,NA,NA,NA,0
42,5,11,NA,NA,NA,0
43,5,11,NA,NA,NA,0
44,5,11,NA,NA,NA,0
45,5,11,NA,NA,NA,0
46,5,12,NA,NA,NA,0
47,5,12,NA,NA,NA,0
48,5,12,NA,NA,NA,0
49,5,12,NA,NA,NA,0
50,5,12,NA,NA,NA,0
51,4,13,NA,NA,NA,0
52,4,13,NA,NA,NA,0
53,4,13,NA,NA,NA,0
54,4,13,NA,NA,NA,0
55,6,14,NA,NA,NA,0
56,6,14,NA,NA,NA,0
57,6,14,NA,NA,NA,0
58,6,14,NA,NA,NA,0
59,6,14,NA,NA,NA,0
60,6,14,NA,NA,NA,0
61,4,15,NA,NA,NA,0
62,4,15,NA,NA,NA,0
63,4,15,NA,NA,NA,0
64,4,15,NA,NA,NA,0
65,5,16,NA,NA,NA,0
66,5,16,NA,NA,NA,0
67,5,16,NA,NA,NA,0
68,5,16,"E",200,4,0
69,5,16,NA,NA,NA,0
70,5,17,NA,NA,NA,0
71,5,17,NA,NA,NA,0
72,5,17,NA,NA,NA,0
73,5,17,NA,NA,NA,0
74,5,17,NA,NA,NA,0
75,5,18,NA,NA,NA,0
76,5,18,NA,NA,NA,0
77,5,18,NA,NA,NA,0
78,5,18,NA,NA,NA,0
79,5,18,NA,NA,NA,0
80,6,19,NA,NA,NA,0
81,6,19,NA,NA,NA,0
82,6,19,NA,NA,NA,0
83,6,19,NA,NA,NA,0
84,6,19,NA,NA,NA,0
85,6,19,NA,NA,NA,0
86,3,20,NA,NA,NA,0
87,3,20,NA,NA,NA,0
88,3,20,NA,NA,NA,0
89,4,21,NA,NA,NA,0
90,4,21,NA,NA,NA,0
91,4,21,"E",61,3,0
92,4,21,NA,NA,NA,0
93,4,22,NA,NA,NA,0
94,4,22,NA,NA,NA,0
95,4,22,NA,NA,NA,0
96,4,22,NA,NA,NA,0
97,3,23,"E",221,2,0
98,3,23,NA,NA,NA,0
99,3,23,NA,NA,NA,0
100,4,24,NA,NA,NA,0
101,4,24,NA,NA,NA,0
102,4,24,NA,NA,NA,0
103,4,24,NA,NA,NA,0
104,3,25,NA,NA,NA,0
105,3,25,"H",NA,NA,0
106,3,25,"E",335,2,1
107,5,26,"H",318,1,0
108,5,26,"H",328,1,0
109,5,26,"E",291,4,3
110,5,26,"H",326,1,0
111,5,26,NA,NA,NA,0
112,5,27,NA,NA,NA,0
113,5,27,NA,NA,NA,0
114,5,27,NA,NA,NA,0
115,5,27,NA,NA,NA,0
116,5,27,NA,NA,NA,0
117,5,28,NA,NA,NA,0
118,5,28,NA,NA,NA,0
119,5,28,NA,NA,NA,0
120,5,28,NA,NA,NA,0
121,5,28,NA,NA,NA,0
122,6,29,NA,NA,NA,0
123,6,29,NA,NA,NA,0
124,6,29,NA,NA,NA,0
125,6,29,NA,NA,NA,0
126,6,29,NA,NA,NA,0
127,6,29,NA,NA,NA,0
128,4,30,NA,NA,NA,0
129,4,30,"E",NA,NA,0
130,4,30,NA,NA,NA,0
131,4,30,NA,NA,NA,0
132,3,31,NA,NA,NA,0
133,3,31,NA,NA,NA,0
134,3,31,NA,NA,NA,0
135,4,32,NA,NA,NA,0
136,4,32,NA,NA,NA,0
137,4,32,NA,NA,NA,0
138,4,32,NA,NA,NA,0
139,6,33,NA,NA,NA,0
140,6,33,NA,NA,NA,0
141,6,33,NA,NA,NA,0
142,6,33,NA,NA,NA,0
143,6,33,NA,NA,NA,0
144,6,33,NA,NA,NA,0
145,3,34,NA,NA,NA,0
146,3,34,NA,NA,NA,0
147,3,34,NA,NA,NA,0
148,5,35,NA,NA,NA,0
149,5,35,NA,NA,NA,0
150,5,35,NA,NA,NA,0
151,5,35,NA,NA,NA,0
152,5,35,NA,NA,NA,0
153,6,36,NA,NA,NA,0
154,6,36,NA,NA,NA,0
155,6,36,NA,NA,NA,0
156,6,36,NA,NA,NA,0
157,6,36,NA,NA,NA,0
158,6,36,NA,NA,NA,0
159,4,37,NA,NA,NA,0
160,4,37,NA,NA,NA,0
161,4,37,NA,NA,NA,0
162,4,37,NA,NA,NA,0
163,3,38,NA,NA,NA,0
164,3,38,NA,NA,NA,0
165,3,38,NA,NA,NA,0
166,5,39,NA,NA,NA,0
167,5,39,NA,NA,NA,0
168,5,39,NA,NA,NA,0
169,5,39,NA,NA,NA,0
170,5,39,NA,NA,NA,0
171,4,40,NA,NA,NA,0
172,4,40,NA,NA,NA,0
173,4,40,NA,NA,NA,0
174,4,40,NA,NA,NA,0
175,5,41,NA,NA,NA,0
176,5,41,NA,NA,NA,0
177,5,41,NA,NA,NA,0
178,5,41,NA,NA,NA,0
179,5,41,NA,NA,NA,0
180,3,42,NA,NA,NA,0
181,3,42,NA,NA,NA,0
182,3,42,NA,NA,NA,0
183,4,43,NA,NA,NA,0
184,4,43,NA,NA,NA,0
185,4,43,NA,NA,NA,0
186,4,43,NA,NA,NA,0
187,3,44,NA,NA,NA,0
188,3,44,NA,NA,NA,0
189,3,44,NA,NA,NA,0
190,3,45,NA,NA,NA,0
191,3,45,NA,NA,NA,0
192,3,45,NA,NA,NA,0
193,4,46,NA,NA,NA,0
194,4,46,NA,NA,NA,0
195,4,46,NA,NA,NA,0
196,4,46,NA,NA,NA,0
197,6,47,NA,NA,NA,0
198,6,47,NA,NA,NA,0
199,6,47,NA,NA,NA,0
200,6,47,NA,NA,NA,0
201,6,47,NA,NA,NA,0
202,6,47,NA,NA,NA,0
203,4,48,NA,NA,NA,0
204,4,48,NA,NA,NA,0
205,4,48,"E",175,3,1
206,4,48,"H",199,2,0
207,4,49,NA,NA,NA,0
208,4,49,NA,NA,NA,0
209,4,49,NA,NA,NA,0
210,4,49,NA,NA,NA,0
211,6,50,NA,NA,NA,0
212,6,50,NA,NA,NA,0
213,6,50,NA,NA,NA,0
214,6,50,NA,NA,NA,0
215,6,50,NA,NA,NA,0
216,6,50,NA,NA,NA,0
217,3,51,NA,NA,NA,0
218,3,51,NA,NA,NA,0
219,3,51,NA,NA,NA,0
220,6,52,NA,NA,NA,0
221,6,52,NA,NA,NA,0
222,6,52,NA,NA,NA,0
223,6,52,NA,NA,NA,0
224,6,52,NA,NA,NA,0
225,6,52,NA,NA,NA,0
226,3,53,NA,NA,NA,0
227,3,53,NA,NA,NA,0
228,3,53,NA,NA,NA,0
229,6,54,NA,NA,NA,0
230,6,54,NA,NA,NA,0
231,6,54,NA,NA,NA,0
232,6,54,NA,NA,NA,0
233,6,54,NA,NA,NA,0
234,6,54,NA,NA,NA,0
235,4,55,NA,NA,NA,0
236,4,55,NA,NA,NA,0
237,4,55,NA,NA,NA,0
238,4,55,NA,NA,NA,0
239,5,56,NA,NA,NA,0
240,5,56,NA,NA,NA,0
241,5,56,NA,NA,NA,0
242,5,56,NA,NA,NA,0
243,5,56,NA,NA,NA,0
244,4,57,NA,NA,NA,0
245,4,57,NA,NA,NA,0
246,4,57,NA,NA,NA,0
247,4,57,NA,NA,NA,0
248,5,58,NA,NA,NA,0
249,5,58,NA,NA,NA,0
250,5,58,NA,NA,NA,0
251,5,58,NA,NA,NA,0
252,5,58,"E",178,4,0
253,6,59,NA,NA,NA,0
254,6,59,NA,NA,NA,0
255,6,59,NA,NA,NA,0
256,6,59,NA,NA,NA,0
257,6,59,NA,NA,NA,0
258,6,59,NA,NA,NA,0
259,6,60,NA,NA,NA,0
260,6,60,NA,NA,NA,0
261,6,60,NA,NA,NA,0
262,6,60,NA,NA,NA,0
263,6,60,NA,NA,NA,0
264,6,60,NA,NA,NA,0
265,5,61,NA,NA,NA,0
266,5,61,NA,NA,NA,0
267,5,61,NA,NA,NA,0
268,5,61,NA,NA,NA,0
269,5,61,NA,NA,NA,0
270,3,62,"E",233,2,0
271,3,62,NA,NA,NA,0
272,3,62,NA,NA,NA,0
273,4,63,NA,NA,NA,0
274,4,63,NA,NA,NA,0
275,4,63,NA,NA,NA,0
276,4,63,NA,NA,NA,0
277,3,64,"E",65,2,2
278,3,64,"H",97,0,0
279,3,64,"H",103,0,0
280,3,65,NA,NA,NA,0
281,3,65,NA,NA,NA,0
282,3,65,NA,NA,NA,0
283,3,66,NA,NA,NA,0
284,3,66,NA,NA,NA,0
285,3,66,NA,NA,NA,0
286,4,67,NA,NA,NA,0
287,4,67,NA,NA,NA,0
288,4,67,NA,NA,NA,0
289,4,67,NA,NA,NA,0
290,6,68,NA,NA,NA,0
291,6,68,NA,NA,NA,0
292,6,68,"E",353,5,1
293,6,68,NA,NA,NA,0
294,6,68,"H",NA,NA,0
295,6,68,NA,NA,NA,0
296,4,69,NA,NA,NA,0
297,4,69,NA,NA,NA,0
298,4,69,NA,NA,NA,0
299,4,69,NA,NA,NA,0
300,3,70,NA,NA,NA,0
301,3,70,"E",353,2,0
302,3,70,NA,NA,NA,0
303,4,71,NA,NA,NA,0
304,4,71,NA,NA,NA,0
305,4,71,NA,NA,NA,0
306,4,71,NA,NA,NA,0
307,6,72,NA,NA,NA,0
308,6,72,NA,NA,NA,0
309,6,72,NA,NA,NA,0
310,6,72,NA,NA,NA,0
311,6,72,NA,NA,NA,0
312,6,72,NA,NA,NA,0
313,6,73,"E",91,4,3
314,6,73,NA,NA,NA,0
315,6,73,"H",121,1,0
316,6,73,"E",90,4,0
317,6,73,"H",111,1,0
318,6,73,"H",115,1,0
319,6,74,NA,NA,NA,0
320,6,74,NA,NA,NA,0
321,6,74,NA,NA,NA,0
322,6,74,NA,NA,NA,0
323,6,74,NA,NA,NA,0
324,6,74,NA,NA,NA,0
325,3,75,"E",332,2,0
326,3,75,NA,NA,NA,0
327,3,75,NA,NA,NA,0
328,3,76,NA,NA,NA,0
329,3,76,NA,NA,NA,0
330,3,76,NA,NA,NA,0
331,6,77,NA,NA,NA,0
332,6,77,NA,NA,NA,0
333,6,77,NA,NA,NA,0
334,6,77,NA,NA,NA,0
335,6,77,NA,NA,NA,0
336,6,77,NA,NA,NA,0
337,5,78,NA,NA,NA,0
338,5,78,NA,NA,NA,0
339,5,78,NA,NA,NA,0
340,5,78,NA,NA,NA,0
341,5,78,NA,NA,NA,0
342,3,79,NA,NA,NA,0
343,3,79,NA,NA,NA,0
344,3,79,NA,NA,NA,0
345,4,80,NA,NA,NA,0
346,4,80,NA,NA,NA,0
347,4,80,NA,NA,NA,0
348,4,80,NA,NA,NA,0
349,3,81,"E",165,1,0
350,3,81,"E",104,2,0
351,3,81,NA,NA,NA,0
352,6,82,NA,NA,NA,0
353,6,82,NA,NA,NA,0
354,6,82,NA,NA,NA,0
355,6,82,NA,NA,NA,0
356,6,82,NA,NA,NA,0
357,6,82,NA,NA,NA,0
358,4,83,NA,NA,NA,0
359,4,83,NA,NA,NA,0
360,4,83,NA,NA,NA,0
361,4,83,NA,NA,NA,0
362,3,84,NA,NA,NA,0
363,3,84,NA,NA,NA,0
364,3,84,NA,NA,NA,0
365,3,85,NA,NA,NA,0
366,3,85,NA,NA,NA,0
367,3,85,NA,NA,NA,0
368,4,86,"H",176,2,0
369,4,86,NA,NA,NA,0
370,4,86,"E",275,1,0
371,4,86,"E",145,3,1
372,4,87,"E",195,3,0
373,4,87,NA,NA,NA,0
374,4,87,NA,NA,NA,0
375,4,87,NA,NA,NA,0
376,3,88,"E",205,2,0
377,3,88,NA,NA,NA,0
378,3,88,NA,NA,NA,0
379,3,89,NA,NA,NA,0
380,3,89,NA,NA,NA,0
381,3,89,NA,NA,NA,0
382,5,90,"H",106,2,1
383,5,90,"H",119,1,0
384,5,90,NA,NA,NA,0
385,5,90,"H",143,1,0
386,5,90,"E",84,4,2
387,4,91,NA,NA,NA,0
388,4,91,NA,NA,NA,0
389,4,91,NA,NA,NA,0
390,4,91,NA,NA,NA,0
391,3,92,NA,NA,NA,0
392,3,92,NA,NA,NA,0
393,3,92,NA,NA,NA,0
394,3,93,NA,NA,NA,0
395,3,93,NA,NA,NA,0
396,3,93,NA,NA,NA,0
397,6,94,"H",119,3,1
398,6,94,"E",80,5,2
399,6,94,"H",106,3,0
400,6,94,NA,NA,NA,0
401,6,94,NA,NA,NA,0
402,6,94,"H",139,2,0
403,6,95,NA,NA,NA,0
404,6,95,NA,NA,NA,0
405,6,95,NA,NA,NA,0
406,6,95,NA,NA,NA,0
407,6,95,NA,NA,NA,0
408,6,95,NA,NA,NA,0
409,6,96,NA,NA,NA,0
410,6,96,NA,NA,NA,0
411,6,96,NA,NA,NA,0
412,6,96,NA,NA,NA,0
413,6,96,NA,NA,NA,0
414,6,96,NA,NA,NA,0
415,6,97,NA,NA,NA,0
416,6,97,NA,NA,NA,0
417,6,97,NA,NA,NA,0
418,6,97,NA,NA,NA,0
419,6,97,NA,NA,NA,0
420,6,97,NA,NA,NA,0
421,5,98,NA,NA,NA,0
422,5,98,NA,NA,NA,0
423,5,98,NA,NA,NA,0
424,5,98,NA,NA,NA,0
425,5,98,NA,NA,NA,0
426,4,99,"E",250,3,1
427,4,99,NA,NA,NA,0
428,4,99,"H",287,2,0
429,4,99,NA,NA,NA,0
430,4,100,NA,NA,NA,0
431,4,100,NA,NA,NA,0
432,4,100,NA,NA,NA,0
433,4,100,NA,NA,NA,0
434,6,101,"E",233,5,1
435,6,101,NA,NA,NA,0
436,6,101,NA,NA,NA,0
437,6,101,"H",324,2,0
438,6,101,"H",316,2,0
439,6,101,"H",289,4,2
440,3,102,NA,NA,NA,0
441,3,102,NA,NA,NA,0
442,3,102,NA,NA,NA,0
443,5,103,NA,NA,NA,0
444,5,103,NA,NA,NA,0
445,5,103,NA,NA,NA,0
446,5,103,NA,NA,NA,0
447,5,103,NA,NA,NA,0
448,5,104,NA,NA,NA,0
449,5,104,NA,NA,NA,0
450,5,104,NA,NA,NA,0
451,5,104,NA,NA,NA,0
452,5,104,NA,NA,NA,0
453,4,105,NA,NA,NA,0
454,4,105,NA,NA,NA,0
455,4,105,NA,NA,NA,0
456,4,105,NA,NA,NA,0
457,5,106,NA,NA,NA,0
458,5,106,NA,NA,NA,0
459,5,106,NA,NA,NA,0
460,5,106,NA,NA,NA,0
461,5,106,NA,NA,NA,0
462,4,107,NA,NA,NA,0
463,4,107,NA,NA,NA,0
464,4,107,NA,NA,NA,0
465,4,107,NA,NA,NA,0
466,4,108,NA,NA,NA,0
467,4,108,NA,NA,NA,0
468,4,108,NA,NA,NA,0
469,4,108,NA,NA,NA,0
470,3,109,"H",348,1,1
471,3,109,"H",NA,NA,0
472,3,109,"E",337,2,1
473,4,110,NA,NA,NA,0
474,4,110,NA,NA,NA,0
475,4,110,NA,NA,NA,0
476,4,110,NA,NA,NA,0
477,6,111,NA,NA,NA,0
478,6,111,NA,NA,NA,0
479,6,111,"E",26,5,0
480,6,111,NA,NA,NA,0
481,6,111,NA,NA,NA,0
482,6,111,NA,NA,NA,0
483,3,112,"H",335,0,0
484,3,112,"H",299,1,1
485,3,112,"E",261,2,1
486,4,113,NA,NA,NA,0
487,4,113,NA,NA,NA,0
488,4,113,NA,NA,NA,0
489,4,113,NA,NA,NA,0
490,4,114,NA,NA,NA,0
491,4,114,NA,NA,NA,0
492,4,114,NA,NA,NA,0
493,4,114,NA,NA,NA,0
494,5,115,NA,NA,NA,0
495,5,115,NA,NA,NA,0
496,5,115,NA,NA,NA,0
497,5,115,NA,NA,NA,0
498,5,115,NA,NA,NA,0
499,4,116,NA,NA,NA,0
500,4,116,NA,NA,NA,0
501,4,116,NA,NA,NA,0
502,4,116,NA,NA,NA,0
503,5,117,NA,NA,NA,0
504,5,117,NA,NA,NA,0
505,5,117,NA,NA,NA,0
506,5,117,NA,NA,NA,0
507,5,117,NA,NA,NA,0
508,3,118,NA,NA,NA,0
509,3,118,NA,NA,NA,0
510,3,118,NA,NA,NA,0
511,3,119,NA,NA,NA,0
512,3,119,NA,NA,NA,0
513,3,119,NA,NA,NA,0
514,3,120,NA,NA,NA,0
515,3,120,NA,NA,NA,0
516,3,120,NA,NA,NA,0
517,3,121,NA,NA,NA,0
518,3,121,"E",83,2,0
519,3,121,NA,NA,NA,0
520,6,122,NA,NA,NA,0
521,6,122,NA,NA,NA,0
522,6,122,NA,NA,NA,0
523,6,122,NA,NA,NA,0
524,6,122,NA,NA,NA,0
525,6,122,NA,NA,NA,0
526,4,123,NA,NA,NA,0
527,4,123,NA,NA,NA,0
528,4,123,"H",355,2,0
529,4,123,"E",318,3,1
530,5,124,NA,NA,NA,0
531,5,124,NA,NA,NA,0
532,5,124,NA,NA,NA,0
533,5,124,NA,NA,NA,0
534,5,124,NA,NA,NA,0
535,4,125,NA,NA,NA,0
536,4,125,NA,NA,NA,0
537,4,125,NA,NA,NA,0
538,4,125,NA,NA,NA,0
539,4,126,NA,NA,NA,0
540,4,126,NA,NA,NA,0
541,4,126,NA,NA,NA,0
542,4,126,NA,NA,NA,0
543,5,127,NA,NA,NA,0
544,5,127,NA,NA,NA,0
545,5,127,NA,NA,NA,0
546,5,127,NA,NA,NA,0
547,5,127,NA,NA,NA,0
548,4,128,NA,NA,NA,0
549,4,128,NA,NA,NA,0
550,4,128,NA,NA,NA,0
551,4,128,NA,NA,NA,0
552,3,129,NA,NA,NA,0
553,3,129,NA,NA,NA,0
554,3,129,NA,NA,NA,0
555,3,130,NA,NA,NA,0
556,3,130,NA,NA,NA,0
557,3,130,NA,NA,NA,0
558,5,131,NA,NA,NA,0
559,5,131,"H",213,2,1
560,5,131,"E",142,4,1
561,5,131,"H",184,3,1
562,5,131,"H",259,1,0
563,5,132,NA,NA,NA,0
564,5,132,NA,NA,NA,0
565,5,132,NA,NA,NA,0
566,5,132,NA,NA,NA,0
567,5,132,NA,NA,NA,0
568,4,133,NA,NA,NA,0
569,4,133,NA,NA,NA,0
570,4,133,NA,NA,NA,0
571,4,133,NA,NA,NA,0
572,5,134,"E",349,4,0
573,5,134,NA,NA,NA,0
574,5,134,NA,NA,NA,0
575,5,134,NA,NA,NA,0
576,5,134,NA,NA,NA,0
577,3,135,NA,NA,NA,0
578,3,135,NA,NA,NA,0
579,3,135,NA,NA,NA,0
580,4,136,NA,NA,NA,0
581,4,136,NA,NA,NA,0
582,4,136,NA,NA,NA,0
583,4,136,NA,NA,NA,0
584,4,137,NA,NA,NA,0
585,4,137,NA,NA,NA,0
586,4,137,NA,NA,NA,0
587,4,137,NA,NA,NA,0
588,4,138,NA,NA,NA,0
589,4,138,NA,NA,NA,0
590,4,138,NA,NA,NA,0
591,4,138,NA,NA,NA,0
592,6,139,NA,NA,NA,0
593,6,139,NA,NA,NA,0
594,6,139,NA,NA,NA,0
595,6,139,NA,NA,NA,0
596,6,139,NA,NA,NA,0
597,6,139,NA,NA,NA,0
598,6,140,NA,NA,NA,0
599,6,140,NA,NA,NA,0
600,6,140,NA,NA,NA,0
601,6,140,NA,NA,NA,0
602,6,140,NA,NA,NA,0
603,6,140,NA,NA,NA,0
604,6,141,NA,NA,NA,0
605,6,141,NA,NA,NA,0
606,6,141,NA,NA,NA,0
607,6,141,NA,NA,NA,0
608,6,141,NA,NA,NA,0
609,6,141,NA,NA,NA,0
610,3,142,NA,NA,NA,0
611,3,142,NA,NA,NA,0
612,3,142,NA,NA,NA,0
613,4,143,"H",282,1,0
614,4,143,"H",229,2,1
615,4,143,NA,NA,NA,0
616,4,143,"E",202,3,1
617,4,144,"E",158,3,1
618,4,144,NA,NA,NA,0
619,4,144,"H",197,1,0
620,4,144,"H",174,2,1
621,6,145,NA,NA,NA,0
622,6,145,NA,NA,NA,0
623,6,145,NA,NA,NA,0
624,6,145,NA,NA,NA,0
625,6,145,NA,NA,NA,0
626,6,145,NA,NA,NA,0
627,6,146,NA,NA,NA,0
628,6,146,NA,NA,NA,0
629,6,146,NA,NA,NA,0
630,6,146,NA,NA,NA,0
631,6,146,NA,NA,NA,0
632,6,146,NA,NA,NA,0
633,3,147,NA,NA,NA,0
634,3,147,NA,NA,NA,0
635,3,147,NA,NA,NA,0
636,4,148,NA,NA,NA,0
637,4,148,NA,NA,NA,0
638,4,148,NA,NA,NA,0
639,4,148,NA,NA,NA,0
640,3,149,NA,NA,NA,0
641,3,149,NA,NA,NA,0
642,3,149,NA,NA,NA,0
643,5,150,NA,NA,NA,0
644,5,150,NA,NA,NA,0
645,5,150,"H",281,2,0
646,5,150,"H",259,2,0
647,5,150,"C",226,4,2
648,3,151,NA,NA,NA,0
649,3,151,NA,NA,NA,0
650,3,151,NA,NA,NA,0
651,6,152,"H",197,4,1
652,6,152,"H",303,0,0
653,6,152,"E",268,2,2
654,6,152,"H",212,3,0
655,6,152,"E",183,5,1
656,6,152,"H",290,0,0
657,4,153,NA,NA,NA,0
658,4,153,NA,NA,NA,0
659,4,153,NA,NA,NA,0
660,4,153,NA,NA,NA,0
661,3,154,"E",339,2,0
662,3,154,NA,NA,NA,0
663,3,154,NA,NA,NA,0
664,3,155,NA,NA,NA,0
665,3,155,NA,NA,NA,0
666,3,155,NA,NA,NA,0
667,3,156,NA,NA,NA,0
668,3,156,NA,NA,NA,0
669,3,156,NA,NA,NA,0
670,6,157,NA,NA,NA,0
671,6,157,NA,NA,NA,0
672,6,157,NA,NA,NA,0
673,6,157,NA,NA,NA,0
674,6,157,"E",NA,NA,0
675,6,157,NA,NA,NA,0
676,5,158,NA,NA,NA,0
677,5,158,NA,NA,NA,0
678,5,158,"E",94,4,0
679,5,158,NA,NA,NA,0
680,5,158,NA,NA,NA,0
681,4,159,NA,NA,NA,0
682,4,159,NA,NA,NA,0
683,4,159,NA,NA,NA,0
684,4,159,NA,NA,NA,0
685,6,160,NA,NA,NA,0
686,6,160,NA,NA,NA,0
687,6,160,NA,NA,NA,0
688,6,160,NA,NA,NA,0
689,6,160,NA,NA,NA,0
690,6,160,NA,NA,NA,0
691,3,161,NA,NA,NA,0
692,3,161,NA,NA,NA,0
693,3,161,NA,NA,NA,0
694,5,162,NA,NA,NA,0
695,5,162,NA,NA,NA,0
696,5,162,NA,NA,NA,0
697,5,162,NA,NA,NA,0
698,5,162,NA,NA,NA,0
699,5,163,NA,NA,NA,0
700,5,163,NA,NA,NA,0
701,5,163,NA,NA,NA,0
702,5,163,NA,NA,NA,0
703,5,163,NA,NA,NA,0
704,4,164,NA,NA,NA,0
705,4,164,NA,NA,NA,0
706,4,164,NA,NA,NA,0
707,4,164,NA,NA,NA,0
708,4,165,NA,NA,NA,0
709,4,165,NA,NA,NA,0
710,4,165,NA,NA,NA,0
711,4,165,NA,NA,NA,0
712,3,166,NA,NA,NA,0
713,3,166,NA,NA,NA,0
714,3,166,NA,NA,NA,0
715,5,167,NA,NA,NA,0
716,5,167,NA,NA,NA,0
717,5,167,NA,NA,NA,0
718,5,167,NA,NA,NA,0
719,5,167,NA,NA,NA,0
720,4,168,NA,NA,NA,0
721,4,168,NA,NA,NA,0
722,4,168,NA,NA,NA,0
723,4,168,NA,NA,NA,0
724,6,169,NA,NA,NA,0
725,6,169,"E",NA,NA,0
726,6,169,NA,NA,NA,0
727,6,169,NA,NA,NA,0
728,6,169,NA,NA,NA,0
729,6,169,NA,NA,NA,0
730,4,170,NA,NA,NA,0
731,4,170,NA,NA,NA,0
732,4,170,NA,NA,NA,0
733,4,170,NA,NA,NA,0
734,5,171,NA,NA,NA,0
735,5,171,NA,NA,NA,0
736,5,171,NA,NA,NA,0
737,5,171,NA,NA,NA,0
738,5,171,NA,NA,NA,0
739,5,172,NA,NA,NA,0
740,5,172,NA,NA,NA,0
741,5,172,NA,NA,NA,0
742,5,172,NA,NA,NA,0
743,5,172,NA,NA,NA,0
744,4,173,NA,NA,NA,0
745,4,173,NA,NA,NA,0
746,4,173,NA,NA,NA,0
747,4,173,NA,NA,NA,0
748,5,174,NA,NA,NA,0
749,5,174,NA,NA,NA,0
750,5,174,NA,NA,NA,0
751,5,174,NA,NA,NA,0
752,5,174,NA,NA,NA,0
753,6,175,NA,NA,NA,0
754,6,175,NA,NA,NA,0
755,6,175,NA,NA,NA,0
756,6,175,NA,NA,NA,0
757,6,175,NA,NA,NA,0
758,6,175,NA,NA,NA,0
759,3,176,NA,NA,NA,0
760,3,176,NA,NA,NA,0
761,3,176,NA,NA,NA,0
762,4,177,NA,NA,NA,0
763,4,177,NA,NA,NA,0
764,4,177,NA,NA,NA,0
765,4,177,NA,NA,NA,0
766,4,178,NA,NA,NA,0
767,4,178,NA,NA,NA,0
768,4,178,NA,NA,NA,0
769,4,178,NA,NA,NA,0
770,3,179,NA,NA,NA,0
771,3,179,NA,NA,NA,0
772,3,179,NA,NA,NA,0
773,4,180,NA,NA,NA,0
774,4,180,NA,NA,NA,0
775,4,180,NA,NA,NA,0
776,4,180,NA,NA,NA,0
777,4,181,NA,NA,NA,0
778,4,181,NA,NA,NA,0
779,4,181,NA,NA,NA,0
780,4,181,NA,NA,NA,0
781,4,182,NA,NA,NA,0
782,4,182,NA,NA,NA,0
783,4,182,NA,NA,NA,0
784,4,182,NA,NA,NA,0
785,6,183,"H",357,1,1
786,6,183,"E",330,5,4
787,6,183,"H",NA,NA,0
788,6,183,"H",NA,NA,0
789,6,183,"H",NA,NA,0
790,6,183,"H",357,1,0
791,3,184,"E",336,2,1
792,3,184,NA,NA,NA,0
793,3,184,"H",NA,NA,0
794,3,185,NA,NA,NA,0
795,3,185,NA,NA,NA,0
796,3,185,NA,NA,NA,0
797,4,186,"H",170,1,0
798,4,186,NA,NA,NA,0
799,4,186,"E",142,3,2
800,4,186,"H",194,1,0
801,5,187,NA,NA,NA,0
802,5,187,NA,NA,NA,0
803,5,187,NA,NA,NA,0
804,5,187,NA,NA,NA,0
805,5,187,NA,NA,NA,0
806,3,188,NA,NA,NA,0
807,3,188,NA,NA,NA,0
808,3,188,NA,NA,NA,0
809,5,189,NA,NA,NA,0
810,5,189,NA,NA,NA,0
811,5,189,NA,NA,NA,0
812,5,189,NA,NA,NA,0
813,5,189,NA,NA,NA,0
814,4,190,"H",76,1,1
815,4,190,"H",105,0,0
816,4,190,"E",43,3,2
817,4,190,"H",78,1,0
818,5,191,NA,NA,NA,0
819,5,191,NA,NA,NA,0
820,5,191,NA,NA,NA,0
821,5,191,NA,NA,NA,0
822,5,191,NA,NA,NA,0
823,5,192,NA,NA,NA,0
824,5,192,NA,NA,NA,0
825,5,192,NA,NA,NA,0
826,5,192,NA,NA,NA,0
827,5,192,NA,NA,NA,0
828,4,193,NA,NA,NA,0
829,4,193,NA,NA,NA,0
830,4,193,NA,NA,NA,0
831,4,193,NA,NA,NA,0
832,5,194,NA,NA,NA,0
833,5,194,NA,NA,NA,0
834,5,194,NA,NA,NA,0
835,5,194,NA,NA,NA,0
836,5,194,NA,NA,NA,0
837,6,195,NA,NA,NA,0
838,6,195,NA,NA,NA,0
839,6,195,NA,NA,NA,0
840,6,195,"E",167,5,0
841,6,195,NA,NA,NA,0
842,6,195,NA,NA,NA,0
843,4,196,"H",123,2,0
844,4,196,NA,NA,NA,0
845,4,196,NA,NA,NA,0
846,4,196,"E",99,3,1
847,4,197,NA,NA,NA,0
848,4,197,NA,NA,NA,0
849,4,197,NA,NA,NA,0
850,4,197,NA,NA,NA,0
851,6,198,NA,NA,NA,0
852,6,198,NA,NA,NA,0
853,6,198,NA,NA,NA,0
854,6,198,NA,NA,NA,0
855,6,198,NA,NA,NA,0
856,6,198,NA,NA,NA,0
857,6,199,NA,NA,NA,0
858,6,199,NA,NA,NA,0
859,6,199,NA,NA,NA,0
860,6,199,NA,NA,NA,0
861,6,199,NA,NA,NA,0
862,6,199,NA,NA,NA,0
863,6,200,NA,NA,NA,0
864,6,200,NA,NA,NA,0
865,6,200,NA,NA,NA,0
866,6,200,NA,NA,NA,0
867,6,200,NA,NA,NA,0
868,6,200,NA,NA,NA,0
869,5,201,NA,NA,NA,0
870,5,201,NA,NA,NA,0
871,5,201,NA,NA,NA,0
872,5,201,NA,NA,NA,0
873,5,201,NA,NA,NA,0
874,6,202,NA,NA,NA,0
875,6,202,NA,NA,NA,0
876,6,202,NA,NA,NA,0
877,6,202,NA,NA,NA,0
878,6,202,NA,NA,NA,0
879,6,202,NA,NA,NA,0
880,5,203,NA,NA,NA,0
881,5,203,NA,NA,NA,0
882,5,203,NA,NA,NA,0
883,5,203,NA,NA,NA,0
884,5,203,NA,NA,NA,0
885,6,204,NA,NA,NA,0
886,6,204,"H",349,1,0
887,6,204,"E",273,5,2
888,6,204,"H",334,1,0
889,6,204,"H",306,3,2
890,6,204,"H",330,1,0
891,6,205,NA,NA,NA,0
892,6,205,NA,NA,NA,0
893,6,205,NA,NA,NA,0
894,6,205,NA,NA,NA,0
895,6,205,NA,NA,NA,0
896,6,205,NA,NA,NA,0
897,3,206,NA,NA,NA,0
898,3,206,NA,NA,NA,0
899,3,206,NA,NA,NA,0
900,5,207,NA,NA,NA,0
901,5,207,NA,NA,NA,0
902,5,207,NA,NA,NA,0
903,5,207,NA,NA,NA,0
904,5,207,NA,NA,NA,0
905,5,208,NA,NA,NA,0
906,5,208,NA,NA,NA,0
907,5,208,"H",209,3,0
908,5,208,"E",156,4,1
909,5,208,NA,NA,NA,0
910,5,209,NA,NA,NA,0
911,5,209,NA,NA,NA,0
912,5,209,NA,NA,NA,0
913,5,209,NA,NA,NA,0
914,5,209,NA,NA,NA,0
915,5,210,NA,NA,NA,0
916,5,210,NA,NA,NA,0
917,5,210,NA,NA,NA,0
918,5,210,NA,NA,NA,0
919,5,210,NA,NA,NA,0
920,3,211,NA,NA,NA,0
921,3,211,NA,NA,NA,0
922,3,211,NA,NA,NA,0
923,4,212,NA,NA,NA,0
924,4,212,NA,NA,NA,0
925,4,212,NA,NA,NA,0
926,4,212,NA,NA,NA,0
927,5,213,NA,NA,NA,0
928,5,213,NA,NA,NA,0
929,5,213,NA,NA,NA,0
930,5,213,NA,NA,NA,0
931,5,213,NA,NA,NA,0
932,3,214,NA,NA,NA,0
933,3,214,NA,NA,NA,0
934,3,214,NA,NA,NA,0
935,6,215,NA,NA,NA,0
936,6,215,"E",179,5,0
937,6,215,NA,NA,NA,0
938,6,215,NA,NA,NA,0
939,6,215,NA,NA,NA,0
940,6,215,NA,NA,NA,0
941,3,216,NA,NA,NA,0
942,3,216,NA,NA,NA,0
943,3,216,NA,NA,NA,0
944,5,217,NA,NA,NA,0
945,5,217,NA,NA,NA,0
946,5,217,NA,NA,NA,0
947,5,217,NA,NA,NA,0
948,5,217,NA,NA,NA,0
949,5,218,NA,NA,NA,0
950,5,218,NA,NA,NA,0
951,5,218,NA,NA,NA,0
952,5,218,NA,NA,NA,0
953,5,218,NA,NA,NA,0
954,6,219,NA,NA,NA,0
955,6,219,NA,NA,NA,0
956,6,219,NA,NA,NA,0
957,6,219,NA,NA,NA,0
958,6,219,NA,NA,NA,0
959,6,219,NA,NA,NA,0
960,3,220,NA,NA,NA,0
961,3,220,NA,NA,NA,0
962,3,220,NA,NA,NA,0
963,3,221,NA,NA,NA,0
964,3,221,"E",178,2,0
965,3,221,NA,NA,NA,0
966,3,222,NA,NA,NA,0
967,3,222,"E",330,2,0
968,3,222,NA,NA,NA,0
969,6,223,NA,NA,NA,0
970,6,223,NA,NA,NA,0
971,6,223,NA,NA,NA,0
972,6,223,NA,NA,NA,0
973,6,223,NA,NA,NA,0
974,6,223,NA,NA,NA,0
975,3,224,NA,NA,NA,0
976,3,224,NA,NA,NA,0
977,3,224,NA,NA,NA,0
978,3,225,NA,NA,NA,0
979,3,225,NA,NA,NA,0
980,3,225,NA,NA,NA,0
981,4,226,NA,NA,NA,0
982,4,226,NA,NA,NA,0
983,4,226,NA,NA,NA,0
984,4,226,NA,NA,NA,0
985,3,227,NA,NA,NA,0
986,3,227,"H",NA,NA,0
987,3,227,"E",351,2,1
988,4,228,NA,NA,NA,0
989,4,228,NA,NA,NA,0
990,4,228,NA,NA,NA,0
991,4,228,NA,NA,NA,0
992,5,229,NA,NA,NA,0
993,5,229,NA,NA,NA,0
994,5,229,NA,NA,NA,0
995,5,229,NA,NA,NA,0
996,5,229,NA,NA,NA,0
997,4,230,NA,NA,NA,0
998,4,230,NA,NA,NA,0
999,4,230,NA,NA,NA,0
1000,4,230,NA,NA,NA,0
