"ID","SIZE","HH","TYPE","TIME","S_NUM","I_NUM"
1,6,1,"0",NA,NA,0
2,6,1,"E",305,4,1
3,6,1,"H",328,3,1
4,6,1,"H",NA,NA,0
5,6,1,"H",354,2,1
6,6,1,NA,NA,NA,0
7,4,2,NA,NA,NA,0
8,4,2,NA,NA,NA,0
9,4,2,NA,NA,NA,0
10,4,2,NA,NA,NA,0
11,6,3,NA,NA,NA,0
12,6,3,NA,NA,NA,0
13,6,3,NA,NA,NA,0
14,6,3,NA,NA,NA,0
15,6,3,NA,NA,NA,0
16,6,3,NA,NA,NA,0
17,6,4,NA,NA,NA,0
18,6,4,NA,NA,NA,0
19,6,4,NA,NA,NA,0
20,6,4,NA,NA,NA,0
21,6,4,NA,NA,NA,0
22,6,4,NA,NA,NA,0
23,4,5,NA,NA,NA,0
24,4,5,NA,NA,NA,0
25,4,5,NA,NA,NA,0
26,4,5,NA,NA,NA,0
27,6,6,NA,NA,NA,0
28,6,6,NA,NA,NA,0
29,6,6,NA,NA,NA,0
30,6,6,NA,NA,NA,0
31,6,6,NA,NA,NA,0
32,6,6,NA,NA,NA,0
33,5,7,NA,NA,NA,0
34,5,7,NA,NA,NA,0
35,5,7,NA,NA,NA,0
36,5,7,NA,NA,NA,0
37,5,7,NA,NA,NA,0
38,5,8,"H",163,2,0
39,5,8,"H",188,2,1
40,5,8,"E",128,4,2
41,5,8,NA,NA,NA,0
42,5,8,"H",205,1,0
43,4,9,NA,NA,NA,0
44,4,9,NA,NA,NA,0
45,4,9,NA,NA,NA,0
46,4,9,NA,NA,NA,0
47,6,10,NA,NA,NA,0
48,6,10,NA,NA,NA,0
49,6,10,NA,NA,NA,0
50,6,10,NA,NA,NA,0
51,6,10,NA,NA,NA,0
52,6,10,NA,NA,NA,0
53,3,11,NA,NA,NA,0
54,3,11,NA,NA,NA,0
55,3,11,NA,NA,NA,0
56,4,12,NA,NA,NA,0
57,4,12,NA,NA,NA,0
58,4,12,NA,NA,NA,0
59,4,12,NA,NA,NA,0
60,3,13,NA,NA,NA,0
61,3,13,NA,NA,NA,0
62,3,13,NA,NA,NA,0
63,6,14,NA,NA,NA,0
64,6,14,NA,NA,NA,0
65,6,14,NA,NA,NA,0
66,6,14,NA,NA,NA,0
67,6,14,"E",82,5,1
68,6,14,"H",133,4,0
69,6,15,NA,NA,NA,0
70,6,15,NA,NA,NA,0
71,6,15,NA,NA,NA,0
72,6,15,NA,NA,NA,0
73,6,15,NA,NA,NA,0
74,6,15,NA,NA,NA,0
75,3,16,NA,NA,NA,0
76,3,16,NA,NA,NA,0
77,3,16,NA,NA,NA,0
78,4,17,"E",106,3,1
79,4,17,"H",176,1,0
80,4,17,NA,NA,NA,0
81,4,17,"H",142,2,1
82,4,18,NA,NA,NA,0
83,4,18,NA,NA,NA,0
84,4,18,NA,NA,NA,0
85,4,18,NA,NA,NA,0
86,6,19,NA,NA,NA,0
87,6,19,NA,NA,NA,0
88,6,19,NA,NA,NA,0
89,6,19,NA,NA,NA,0
90,6,19,NA,NA,NA,0
91,6,19,NA,NA,NA,0
92,4,20,NA,NA,NA,0
93,4,20,NA,NA,NA,0
94,4,20,NA,NA,NA,0
95,4,20,NA,NA,NA,0
96,3,21,NA,NA,NA,0
97,3,21,NA,NA,NA,0
98,3,21,NA,NA,NA,0
99,5,22,NA,NA,NA,0
100,5,22,NA,NA,NA,0
101,5,22,NA,NA,NA,0
102,5,22,NA,NA,NA,0
103,5,22,NA,NA,NA,0
104,4,23,NA,NA,NA,0
105,4,23,NA,NA,NA,0
106,4,23,NA,NA,NA,0
107,4,23,NA,NA,NA,0
108,4,24,"H",198,2,1
109,4,24,NA,NA,NA,0
110,4,24,"E",145,3,1
111,4,24,"H",253,1,0
112,6,25,NA,NA,NA,0
113,6,25,NA,NA,NA,0
114,6,25,NA,NA,NA,0
115,6,25,NA,NA,NA,0
116,6,25,NA,NA,NA,0
117,6,25,NA,NA,NA,0
118,3,26,NA,NA,NA,0
119,3,26,NA,NA,NA,0
120,3,26,NA,NA,NA,0
121,5,27,NA,NA,NA,0
122,5,27,NA,NA,NA,0
123,5,27,NA,NA,NA,0
124,5,27,NA,NA,NA,0
125,5,27,NA,NA,NA,0
126,3,28,NA,NA,NA,0
127,3,28,NA,NA,NA,0
128,3,28,NA,NA,NA,0
129,4,29,NA,NA,NA,0
130,4,29,NA,NA,NA,0
131,4,29,"H",246,2,0
132,4,29,"E",197,3,1
133,5,30,NA,NA,NA,0
134,5,30,NA,NA,NA,0
135,5,30,NA,NA,NA,0
136,5,30,NA,NA,NA,0
137,5,30,NA,NA,NA,0
138,6,31,"E",127,5,0
139,6,31,NA,NA,NA,0
140,6,31,NA,NA,NA,0
141,6,31,NA,NA,NA,0
142,6,31,NA,NA,NA,0
143,6,31,NA,NA,NA,0
144,6,32,NA,NA,NA,0
145,6,32,NA,NA,NA,0
146,6,32,NA,NA,NA,0
147,6,32,NA,NA,NA,0
148,6,32,NA,NA,NA,0
149,6,32,NA,NA,NA,0
150,6,33,NA,NA,NA,0
151,6,33,NA,NA,NA,0
152,6,33,NA,NA,NA,0
153,6,33,NA,NA,NA,0
154,6,33,NA,NA,NA,0
155,6,33,NA,NA,NA,0
156,3,34,NA,NA,NA,0
157,3,34,NA,NA,NA,0
158,3,34,NA,NA,NA,0
159,5,35,NA,NA,NA,0
160,5,35,NA,NA,NA,0
161,5,35,NA,NA,NA,0
162,5,35,NA,NA,NA,0
163,5,35,NA,NA,NA,0
164,5,36,NA,NA,NA,0
165,5,36,NA,NA,NA,0
166,5,36,NA,NA,NA,0
167,5,36,NA,NA,NA,0
168,5,36,NA,NA,NA,0
169,4,37,NA,NA,NA,0
170,4,37,NA,NA,NA,0
171,4,37,NA,NA,NA,0
172,4,37,NA,NA,NA,0
173,3,38,NA,NA,NA,0
174,3,38,NA,NA,NA,0
175,3,38,NA,NA,NA,0
176,4,39,NA,NA,NA,0
177,4,39,NA,NA,NA,0
178,4,39,NA,NA,NA,0
179,4,39,NA,NA,NA,0
180,6,40,NA,NA,NA,0
181,6,40,NA,NA,NA,0
182,6,40,NA,NA,NA,0
183,6,40,NA,NA,NA,0
184,6,40,NA,NA,NA,0
185,6,40,NA,NA,NA,0
186,6,41,NA,NA,NA,0
187,6,41,"H",202,1,0
188,6,41,"H",199,1,0
189,6,41,"H",168,3,1
190,6,41,"E",123,5,2
191,6,41,"H",176,2,1
192,5,42,NA,NA,NA,0
193,5,42,NA,NA,NA,0
194,5,42,NA,NA,NA,0
195,5,42,NA,NA,NA,0
196,5,42,NA,NA,NA,0
197,4,43,NA,NA,NA,0
198,4,43,NA,NA,NA,0
199,4,43,NA,NA,NA,0
200,4,43,NA,NA,NA,0
201,6,44,NA,NA,NA,0
202,6,44,NA,NA,NA,0
203,6,44,NA,NA,NA,0
204,6,44,NA,NA,NA,0
205,6,44,NA,NA,NA,0
206,6,44,NA,NA,NA,0
207,4,45,NA,NA,NA,0
208,4,45,NA,NA,NA,0
209,4,45,NA,NA,NA,0
210,4,45,NA,NA,NA,0
211,5,46,"H",326,3,1
212,5,46,NA,NA,NA,0
213,5,46,NA,NA,NA,0
214,5,46,"H",347,2,0
215,5,46,"E",289,4,1
216,4,47,NA,NA,NA,0
217,4,47,NA,NA,NA,0
218,4,47,NA,NA,NA,0
219,4,47,NA,NA,NA,0
220,3,48,"H",303,1,1
221,3,48,"H",342,0,0
222,3,48,"E",260,2,1
223,3,49,NA,NA,NA,0
224,3,49,NA,NA,NA,0
225,3,49,NA,NA,NA,0
226,4,50,NA,NA,NA,0
227,4,50,NA,NA,NA,0
228,4,50,NA,NA,NA,0
229,4,50,NA,NA,NA,0
230,5,51,NA,NA,NA,0
231,5,51,NA,NA,NA,0
232,5,51,NA,NA,NA,0
233,5,51,NA,NA,NA,0
234,5,51,NA,NA,NA,0
235,3,52,NA,NA,NA,0
236,3,52,NA,NA,NA,0
237,3,52,NA,NA,NA,0
238,5,53,"H",145,2,0
239,5,53,"H",109,3,1
240,5,53,"E",70,4,1
241,5,53,NA,NA,NA,0
242,5,53,NA,NA,NA,0
243,4,54,NA,NA,NA,0
244,4,54,NA,NA,NA,0
245,4,54,NA,NA,NA,0
246,4,54,NA,NA,NA,0
247,5,55,NA,NA,NA,0
248,5,55,NA,NA,NA,0
249,5,55,NA,NA,NA,0
250,5,55,"E",303,4,0
251,5,55,NA,NA,NA,0
252,6,56,NA,NA,NA,0
253,6,56,NA,NA,NA,0
254,6,56,NA,NA,NA,0
255,6,56,NA,NA,NA,0
256,6,56,NA,NA,NA,0
257,6,56,NA,NA,NA,0
258,3,57,NA,NA,NA,0
259,3,57,NA,NA,NA,0
260,3,57,NA,NA,NA,0
261,4,58,NA,NA,NA,0
262,4,58,NA,NA,NA,0
263,4,58,NA,NA,NA,0
264,4,58,NA,NA,NA,0
265,3,59,NA,NA,NA,0
266,3,59,NA,NA,NA,0
267,3,59,NA,NA,NA,0
268,5,60,NA,NA,NA,0
269,5,60,NA,NA,NA,0
270,5,60,"H",363,3,0
271,5,60,NA,NA,NA,0
272,5,60,"E",328,4,1
273,4,61,NA,NA,NA,0
274,4,61,NA,NA,NA,0
275,4,61,NA,NA,NA,0
276,4,61,NA,NA,NA,0
277,4,62,NA,NA,NA,0
278,4,62,NA,NA,NA,0
279,4,62,NA,NA,NA,0
280,4,62,NA,NA,NA,0
281,4,63,"E",73,3,1
282,4,63,NA,NA,NA,0
283,4,63,NA,NA,NA,0
284,4,63,"H",107,2,0
285,6,64,NA,NA,NA,0
286,6,64,NA,NA,NA,0
287,6,64,NA,NA,NA,0
288,6,64,NA,NA,NA,0
289,6,64,NA,NA,NA,0
290,6,64,"E",263,5,0
291,6,65,"E",312,5,1
292,6,65,"H",342,4,1
293,6,65,NA,NA,NA,0
294,6,65,NA,NA,NA,0
295,6,65,NA,NA,NA,0
296,6,65,"H",NA,NA,0
297,3,66,NA,NA,NA,0
298,3,66,NA,NA,NA,0
299,3,66,NA,NA,NA,0
300,6,67,"E",286,5,1
301,6,67,"H",NA,NA,0
302,6,67,NA,NA,NA,0
303,6,67,NA,NA,NA,0
304,6,67,NA,NA,NA,0
305,6,67,"H",352,4,1
306,4,68,NA,NA,NA,0
307,4,68,NA,NA,NA,0
308,4,68,NA,NA,NA,0
309,4,68,NA,NA,NA,0
310,3,69,NA,NA,NA,0
311,3,69,NA,NA,NA,0
312,3,69,NA,NA,NA,0
313,5,70,NA,NA,NA,0
314,5,70,NA,NA,NA,0
315,5,70,NA,NA,NA,0
316,5,70,NA,NA,NA,0
317,5,70,NA,NA,NA,0
318,3,71,"C",358,2,1
319,3,71,"H",NA,NA,0
320,3,71,NA,NA,NA,0
321,5,72,NA,NA,NA,0
322,5,72,NA,NA,NA,0
323,5,72,NA,NA,NA,0
324,5,72,NA,NA,NA,0
325,5,72,NA,NA,NA,0
326,6,73,NA,NA,NA,0
327,6,73,NA,NA,NA,0
328,6,73,NA,NA,NA,0
329,6,73,NA,NA,NA,0
330,6,73,NA,NA,NA,0
331,6,73,NA,NA,NA,0
332,6,74,NA,NA,NA,0
333,6,74,NA,NA,NA,0
334,6,74,NA,NA,NA,0
335,6,74,NA,NA,NA,0
336,6,74,NA,NA,NA,0
337,6,74,NA,NA,NA,0
338,4,75,NA,NA,NA,0
339,4,75,NA,NA,NA,0
340,4,75,NA,NA,NA,0
341,4,75,NA,NA,NA,0
342,4,76,NA,NA,NA,0
343,4,76,"E",NA,NA,0
344,4,76,NA,NA,NA,0
345,4,76,NA,NA,NA,0
346,4,77,NA,NA,NA,0
347,4,77,NA,NA,NA,0
348,4,77,NA,NA,NA,0
349,4,77,NA,NA,NA,0
350,4,78,NA,NA,NA,0
351,4,78,"E",327,2,1
352,4,78,"H",365,1,0
353,4,78,"E",111,3,0
354,6,79,NA,NA,NA,0
355,6,79,NA,NA,NA,0
356,6,79,NA,NA,NA,0
357,6,79,NA,NA,NA,0
358,6,79,"E",145,5,0
359,6,79,NA,NA,NA,0
360,4,80,"H",127,2,0
361,4,80,NA,NA,NA,0
362,4,80,"E",105,3,1
363,4,80,NA,NA,NA,0
364,5,81,NA,NA,NA,0
365,5,81,NA,NA,NA,0
366,5,81,NA,NA,NA,0
367,5,81,NA,NA,NA,0
368,5,81,"E",98,4,0
369,5,82,NA,NA,NA,0
370,5,82,NA,NA,NA,0
371,5,82,NA,NA,NA,0
372,5,82,NA,NA,NA,0
373,5,82,NA,NA,NA,0
374,3,83,NA,NA,NA,0
375,3,83,NA,NA,NA,0
376,3,83,NA,NA,NA,0
377,3,84,NA,NA,NA,0
378,3,84,NA,NA,NA,0
379,3,84,NA,NA,NA,0
380,5,85,NA,NA,NA,0
381,5,85,NA,NA,NA,0
382,5,85,NA,NA,NA,0
383,5,85,NA,NA,NA,0
384,5,85,NA,NA,NA,0
385,6,86,NA,NA,NA,0
386,6,86,NA,NA,NA,0
387,6,86,NA,NA,NA,0
388,6,86,NA,NA,NA,0
389,6,86,NA,NA,NA,0
390,6,86,NA,NA,NA,0
391,4,87,NA,NA,NA,0
392,4,87,NA,NA,NA,0
393,4,87,NA,NA,NA,0
394,4,87,NA,NA,NA,0
395,4,88,"H",354,1,0
396,4,88,"H",323,2,1
397,4,88,NA,NA,NA,0
398,4,88,"E",304,3,1
399,3,89,NA,NA,NA,0
400,3,89,"E",125,2,0
401,3,89,NA,NA,NA,0
402,3,90,NA,NA,NA,0
403,3,90,NA,NA,NA,0
404,3,90,NA,NA,NA,0
405,5,91,NA,NA,NA,0
406,5,91,NA,NA,NA,0
407,5,91,NA,NA,NA,0
408,5,91,NA,NA,NA,0
409,5,91,NA,NA,NA,0
410,3,92,NA,NA,NA,0
411,3,92,NA,NA,NA,0
412,3,92,NA,NA,NA,0
413,5,93,NA,NA,NA,0
414,5,93,"E",173,2,0
415,5,93,"H",190,2,1
416,5,93,"E",160,3,1
417,5,93,"H",217,1,0
418,4,94,NA,NA,NA,0
419,4,94,NA,NA,NA,0
420,4,94,NA,NA,NA,0
421,4,94,NA,NA,NA,0
422,5,95,NA,NA,NA,0
423,5,95,NA,NA,NA,0
424,5,95,NA,NA,NA,0
425,5,95,NA,NA,NA,0
426,5,95,NA,NA,NA,0
427,4,96,NA,NA,NA,0
428,4,96,"E",33,3,0
429,4,96,NA,NA,NA,0
430,4,96,NA,NA,NA,0
431,6,97,NA,NA,NA,0
432,6,97,NA,NA,NA,0
433,6,97,NA,NA,NA,0
434,6,97,NA,NA,NA,0
435,6,97,NA,NA,NA,0
436,6,97,NA,NA,NA,0
437,5,98,NA,NA,NA,0
438,5,98,NA,NA,NA,0
439,5,98,NA,NA,NA,0
440,5,98,NA,NA,NA,0
441,5,98,NA,NA,NA,0
442,4,99,NA,NA,NA,0
443,4,99,NA,NA,NA,0
444,4,99,NA,NA,NA,0
445,4,99,NA,NA,NA,0
446,6,100,NA,NA,NA,0
447,6,100,"H",365,4,0
448,6,100,NA,NA,NA,0
449,6,100,NA,NA,NA,0
450,6,100,"C",334,5,1
451,6,100,NA,NA,NA,0
452,5,101,NA,NA,NA,0
453,5,101,NA,NA,NA,0
454,5,101,NA,NA,NA,0
455,5,101,NA,NA,NA,0
456,5,101,NA,NA,NA,0
457,5,102,"H",150,0,0
458,5,102,"E",75,4,1
459,5,102,"H",99,2,1
460,5,102,"E",109,1,1
461,5,102,"H",176,0,0
462,4,103,NA,NA,NA,0
463,4,103,NA,NA,NA,0
464,4,103,NA,NA,NA,0
465,4,103,NA,NA,NA,0
466,5,104,NA,NA,NA,0
467,5,104,NA,NA,NA,0
468,5,104,NA,NA,NA,0
469,5,104,NA,NA,NA,0
470,5,104,NA,NA,NA,0
471,3,105,NA,NA,NA,0
472,3,105,NA,NA,NA,0
473,3,105,NA,NA,NA,0
474,3,106,NA,NA,NA,0
475,3,106,NA,NA,NA,0
476,3,106,NA,NA,NA,0
477,4,107,NA,NA,NA,0
478,4,107,NA,NA,NA,0
479,4,107,NA,NA,NA,0
480,4,107,NA,NA,NA,0
481,6,108,"E",79,5,0
482,6,108,NA,NA,NA,0
483,6,108,NA,NA,NA,0
484,6,108,NA,NA,NA,0
485,6,108,NA,NA,NA,0
486,6,108,NA,NA,NA,0
487,6,109,NA,NA,NA,0
488,6,109,NA,NA,NA,0
489,6,109,NA,NA,NA,0
490,6,109,NA,NA,NA,0
491,6,109,NA,NA,NA,0
492,6,109,NA,NA,NA,0
493,6,110,NA,NA,NA,0
494,6,110,NA,NA,NA,0
495,6,110,NA,NA,NA,0
496,6,110,NA,NA,NA,0
497,6,110,NA,NA,NA,0
498,6,110,NA,NA,NA,0
499,4,111,NA,NA,NA,0
500,4,111,NA,NA,NA,0
501,4,111,NA,NA,NA,0
502,4,111,NA,NA,NA,0
503,6,112,NA,NA,NA,0
504,6,112,NA,NA,NA,0
505,6,112,NA,NA,NA,0
506,6,112,NA,NA,NA,0
507,6,112,NA,NA,NA,0
508,6,112,NA,NA,NA,0
509,3,113,NA,NA,NA,0
510,3,113,NA,NA,NA,0
511,3,113,NA,NA,NA,0
512,4,114,NA,NA,NA,0
513,4,114,"E",330,3,0
514,4,114,NA,NA,NA,0
515,4,114,NA,NA,NA,0
516,6,115,NA,NA,NA,0
517,6,115,NA,NA,NA,0
518,6,115,NA,NA,NA,0
519,6,115,NA,NA,NA,0
520,6,115,NA,NA,NA,0
521,6,115,NA,NA,NA,0
522,6,116,NA,NA,NA,0
523,6,116,NA,NA,NA,0
524,6,116,"E",175,5,0
525,6,116,NA,NA,NA,0
526,6,116,NA,NA,NA,0
527,6,116,NA,NA,NA,0
528,4,117,NA,NA,NA,0
529,4,117,NA,NA,NA,0
530,4,117,NA,NA,NA,0
531,4,117,NA,NA,NA,0
532,4,118,NA,NA,NA,0
533,4,118,NA,NA,NA,0
534,4,118,NA,NA,NA,0
535,4,118,NA,NA,NA,0
536,6,119,NA,NA,NA,0
537,6,119,NA,NA,NA,0
538,6,119,NA,NA,NA,0
539,6,119,NA,NA,NA,0
540,6,119,NA,NA,NA,0
541,6,119,NA,NA,NA,0
542,6,120,NA,NA,NA,0
543,6,120,NA,NA,NA,0
544,6,120,NA,NA,NA,0
545,6,120,NA,NA,NA,0
546,6,120,NA,NA,NA,0
547,6,120,NA,NA,NA,0
548,6,121,NA,NA,NA,0
549,6,121,NA,NA,NA,0
550,6,121,NA,NA,NA,0
551,6,121,NA,NA,NA,0
552,6,121,NA,NA,NA,0
553,6,121,NA,NA,NA,0
554,4,122,NA,NA,NA,0
555,4,122,NA,NA,NA,0
556,4,122,NA,NA,NA,0
557,4,122,NA,NA,NA,0
558,5,123,NA,NA,NA,0
559,5,123,NA,NA,NA,0
560,5,123,NA,NA,NA,0
561,5,123,NA,NA,NA,0
562,5,123,NA,NA,NA,0
563,4,124,NA,NA,NA,0
564,4,124,NA,NA,NA,0
565,4,124,NA,NA,NA,0
566,4,124,NA,NA,NA,0
567,6,125,NA,NA,NA,0
568,6,125,NA,NA,NA,0
569,6,125,NA,NA,NA,0
570,6,125,NA,NA,NA,0
571,6,125,NA,NA,NA,0
572,6,125,NA,NA,NA,0
573,3,126,NA,NA,NA,0
574,3,126,NA,NA,NA,0
575,3,126,NA,NA,NA,0
576,4,127,NA,NA,NA,0
577,4,127,NA,NA,NA,0
578,4,127,NA,NA,NA,0
579,4,127,NA,NA,NA,0
580,5,128,NA,NA,NA,0
581,5,128,NA,NA,NA,0
582,5,128,NA,NA,NA,0
583,5,128,NA,NA,NA,0
584,5,128,NA,NA,NA,0
585,6,129,NA,NA,NA,0
586,6,129,NA,NA,NA,0
587,6,129,NA,NA,NA,0
588,6,129,NA,NA,NA,0
589,6,129,NA,NA,NA,0
590,6,129,NA,NA,NA,0
591,5,130,NA,NA,NA,0
592,5,130,NA,NA,NA,0
593,5,130,NA,NA,NA,0
594,5,130,NA,NA,NA,0
595,5,130,NA,NA,NA,0
596,6,131,NA,NA,NA,0
597,6,131,NA,NA,NA,0
598,6,131,NA,NA,NA,0
599,6,131,NA,NA,NA,0
600,6,131,NA,NA,NA,0
601,6,131,NA,NA,NA,0
602,6,132,NA,NA,NA,0
603,6,132,NA,NA,NA,0
604,6,132,NA,NA,NA,0
605,6,132,"E",166,5,1
606,6,132,NA,NA,NA,0
607,6,132,"H",189,4,0
608,4,133,NA,NA,NA,0
609,4,133,NA,NA,NA,0
610,4,133,NA,NA,NA,0
611,4,133,NA,NA,NA,0
612,4,134,NA,NA,NA,0
613,4,134,"E",NA,NA,0
614,4,134,NA,NA,NA,0
615,4,134,NA,NA,NA,0
616,5,135,NA,NA,NA,0
617,5,135,NA,NA,NA,0
618,5,135,NA,NA,NA,0
619,5,135,NA,NA,NA,0
620,5,135,NA,NA,NA,0
621,3,136,NA,NA,NA,0
622,3,136,NA,NA,NA,0
623,3,136,NA,NA,NA,0
624,4,137,NA,NA,NA,0
625,4,137,NA,NA,NA,0
626,4,137,NA,NA,NA,0
627,4,137,NA,NA,NA,0
628,6,138,NA,NA,NA,0
629,6,138,NA,NA,NA,0
630,6,138,"E",273,5,0
631,6,138,NA,NA,NA,0
632,6,138,NA,NA,NA,0
633,6,138,NA,NA,NA,0
634,4,139,NA,NA,NA,0
635,4,139,NA,NA,NA,0
636,4,139,NA,NA,NA,0
637,4,139,NA,NA,NA,0
638,3,140,NA,NA,NA,0
639,3,140,NA,NA,NA,0
640,3,140,NA,NA,NA,0
641,5,141,NA,NA,NA,0
642,5,141,NA,NA,NA,0
643,5,141,NA,NA,NA,0
644,5,141,NA,NA,NA,0
645,5,141,NA,NA,NA,0
646,3,142,"C",NA,NA,0
647,3,142,NA,NA,NA,0
648,3,142,NA,NA,NA,0
649,6,143,NA,NA,NA,0
650,6,143,NA,NA,NA,0
651,6,143,NA,NA,NA,0
652,6,143,NA,NA,NA,0
653,6,143,NA,NA,NA,0
654,6,143,NA,NA,NA,0
655,4,144,NA,NA,NA,0
656,4,144,NA,NA,NA,0
657,4,144,NA,NA,NA,0
658,4,144,NA,NA,NA,0
659,5,145,NA,NA,NA,0
660,5,145,NA,NA,NA,0
661,5,145,NA,NA,NA,0
662,5,145,NA,NA,NA,0
663,5,145,NA,NA,NA,0
664,4,146,"H",253,2,0
665,4,146,"E",221,3,1
666,4,146,NA,NA,NA,0
667,4,146,NA,NA,NA,0
668,3,147,NA,NA,NA,0
669,3,147,NA,NA,NA,0
670,3,147,NA,NA,NA,0
671,5,148,NA,NA,NA,0
672,5,148,NA,NA,NA,0
673,5,148,NA,NA,NA,0
674,5,148,NA,NA,NA,0
675,5,148,NA,NA,NA,0
676,4,149,NA,NA,NA,0
677,4,149,"C",85,3,1
678,4,149,"H",123,2,0
679,4,149,NA,NA,NA,0
680,5,150,NA,NA,NA,0
681,5,150,NA,NA,NA,0
682,5,150,NA,NA,NA,0
683,5,150,NA,NA,NA,0
684,5,150,NA,NA,NA,0
685,4,151,NA,NA,NA,0
686,4,151,"H",NA,NA,0
687,4,151,NA,NA,NA,0
688,4,151,"E",349,3,1
689,3,152,NA,NA,NA,0
690,3,152,NA,NA,NA,0
691,3,152,NA,NA,NA,0
692,5,153,NA,NA,NA,0
693,5,153,NA,NA,NA,0
694,5,153,NA,NA,NA,0
695,5,153,NA,NA,NA,0
696,5,153,NA,NA,NA,0
697,6,154,NA,NA,NA,0
698,6,154,NA,NA,NA,0
699,6,154,NA,NA,NA,0
700,6,154,NA,NA,NA,0
701,6,154,NA,NA,NA,0
702,6,154,NA,NA,NA,0
703,3,155,NA,NA,NA,0
704,3,155,NA,NA,NA,0
705,3,155,NA,NA,NA,0
706,3,156,NA,NA,NA,0
707,3,156,NA,NA,NA,0
708,3,156,NA,NA,NA,0
709,3,157,NA,NA,NA,0
710,3,157,NA,NA,NA,0
711,3,157,NA,NA,NA,0
712,4,158,NA,NA,NA,0
713,4,158,NA,NA,NA,0
714,4,158,NA,NA,NA,0
715,4,158,NA,NA,NA,0
716,4,159,NA,NA,NA,0
717,4,159,"E",292,2,1
718,4,159,"H",352,1,0
719,4,159,"E",110,3,0
720,4,160,NA,NA,NA,0
721,4,160,NA,NA,NA,0
722,4,160,NA,NA,NA,0
723,4,160,NA,NA,NA,0
724,4,161,NA,NA,NA,0
725,4,161,NA,NA,NA,0
726,4,161,NA,NA,NA,0
727,4,161,NA,NA,NA,0
728,6,162,NA,NA,NA,0
729,6,162,NA,NA,NA,0
730,6,162,NA,NA,NA,0
731,6,162,NA,NA,NA,0
732,6,162,NA,NA,NA,0
733,6,162,NA,NA,NA,0
734,3,163,NA,NA,NA,0
735,3,163,NA,NA,NA,0
736,3,163,NA,NA,NA,0
737,4,164,NA,NA,NA,0
738,4,164,NA,NA,NA,0
739,4,164,NA,NA,NA,0
740,4,164,NA,NA,NA,0
741,3,165,NA,NA,NA,0
742,3,165,NA,NA,NA,0
743,3,165,NA,NA,NA,0
744,4,166,NA,NA,NA,0
745,4,166,NA,NA,NA,0
746,4,166,NA,NA,NA,0
747,4,166,NA,NA,NA,0
748,4,167,NA,NA,NA,0
749,4,167,NA,NA,NA,0
750,4,167,NA,NA,NA,0
751,4,167,NA,NA,NA,0
752,4,168,NA,NA,NA,0
753,4,168,NA,NA,NA,0
754,4,168,NA,NA,NA,0
755,4,168,NA,NA,NA,0
756,3,169,NA,NA,NA,0
757,3,169,NA,NA,NA,0
758,3,169,NA,NA,NA,0
759,6,170,NA,NA,NA,0
760,6,170,NA,NA,NA,0
761,6,170,NA,NA,NA,0
762,6,170,"E",235,5,0
763,6,170,NA,NA,NA,0
764,6,170,NA,NA,NA,0
765,6,171,NA,NA,NA,0
766,6,171,NA,NA,NA,0
767,6,171,NA,NA,NA,0
768,6,171,NA,NA,NA,0
769,6,171,NA,NA,NA,0
770,6,171,NA,NA,NA,0
771,4,172,NA,NA,NA,0
772,4,172,NA,NA,NA,0
773,4,172,NA,NA,NA,0
774,4,172,NA,NA,NA,0
775,6,173,NA,NA,NA,0
776,6,173,"E",208,5,0
777,6,173,NA,NA,NA,0
778,6,173,NA,NA,NA,0
779,6,173,NA,NA,NA,0
780,6,173,NA,NA,NA,0
781,6,174,NA,NA,NA,0
782,6,174,NA,NA,NA,0
783,6,174,NA,NA,NA,0
784,6,174,NA,NA,NA,0
785,6,174,NA,NA,NA,0
786,6,174,NA,NA,NA,0
787,6,175,NA,NA,NA,0
788,6,175,NA,NA,NA,0
789,6,175,NA,NA,NA,0
790,6,175,NA,NA,NA,0
791,6,175,NA,NA,NA,0
792,6,175,NA,NA,NA,0
793,3,176,NA,NA,NA,0
794,3,176,NA,NA,NA,0
795,3,176,NA,NA,NA,0
796,6,177,NA,NA,NA,0
797,6,177,NA,NA,NA,0
798,6,177,NA,NA,NA,0
799,6,177,NA,NA,NA,0
800,6,177,NA,NA,NA,0
801,6,177,NA,NA,NA,0
802,4,178,NA,NA,NA,0
803,4,178,NA,NA,NA,0
804,4,178,NA,NA,NA,0
805,4,178,NA,NA,NA,0
806,6,179,NA,NA,NA,0
807,6,179,NA,NA,NA,0
808,6,179,NA,NA,NA,0
809,6,179,"E",288,5,0
810,6,179,NA,NA,NA,0
811,6,179,NA,NA,NA,0
812,3,180,NA,NA,NA,0
813,3,180,NA,NA,NA,0
814,3,180,NA,NA,NA,0
815,5,181,NA,NA,NA,0
816,5,181,"E",220,4,0
817,5,181,NA,NA,NA,0
818,5,181,"E",NA,NA,0
819,5,181,NA,NA,NA,0
820,4,182,NA,NA,NA,0
821,4,182,NA,NA,NA,0
822,4,182,NA,NA,NA,0
823,4,182,NA,NA,NA,0
824,3,183,NA,NA,NA,0
825,3,183,"E",73,2,0
826,3,183,NA,NA,NA,0
827,5,184,NA,NA,NA,0
828,5,184,NA,NA,NA,0
829,5,184,NA,NA,NA,0
830,5,184,NA,NA,NA,0
831,5,184,NA,NA,NA,0
832,3,185,NA,NA,NA,0
833,3,185,NA,NA,NA,0
834,3,185,NA,NA,NA,0
835,5,186,NA,NA,NA,0
836,5,186,NA,NA,NA,0
837,5,186,NA,NA,NA,0
838,5,186,NA,NA,NA,0
839,5,186,NA,NA,NA,0
840,6,187,NA,NA,NA,0
841,6,187,"E",291,5,1
842,6,187,"H",314,4,1
843,6,187,"H",337,3,0
844,6,187,NA,NA,NA,0
845,6,187,NA,NA,NA,0
846,6,188,NA,NA,NA,0
847,6,188,NA,NA,NA,0
848,6,188,NA,NA,NA,0
849,6,188,NA,NA,NA,0
850,6,188,NA,NA,NA,0
851,6,188,NA,NA,NA,0
852,4,189,NA,NA,NA,0
853,4,189,NA,NA,NA,0
854,4,189,NA,NA,NA,0
855,4,189,NA,NA,NA,0
856,3,190,"C",210,2,0
857,3,190,NA,NA,NA,0
858,3,190,NA,NA,NA,0
859,4,191,NA,NA,NA,0
860,4,191,NA,NA,NA,0
861,4,191,NA,NA,NA,0
862,4,191,NA,NA,NA,0
863,3,192,NA,NA,NA,0
864,3,192,"H",186,1,0
865,3,192,"E",161,2,1
866,5,193,NA,NA,NA,0
867,5,193,"E",NA,NA,0
868,5,193,NA,NA,NA,0
869,5,193,NA,NA,NA,0
870,5,193,"E",136,4,0
871,5,194,NA,NA,NA,0
872,5,194,NA,NA,NA,0
873,5,194,"E",158,4,0
874,5,194,NA,NA,NA,0
875,5,194,NA,NA,NA,0
876,5,195,NA,NA,NA,0
877,5,195,NA,NA,NA,0
878,5,195,NA,NA,NA,0
879,5,195,NA,NA,NA,0
880,5,195,NA,NA,NA,0
881,3,196,NA,NA,NA,0
882,3,196,NA,NA,NA,0
883,3,196,NA,NA,NA,0
884,6,197,NA,NA,NA,0
885,6,197,NA,NA,NA,0
886,6,197,NA,NA,NA,0
887,6,197,NA,NA,NA,0
888,6,197,"H",348,4,0
889,6,197,"C",328,5,1
890,4,198,NA,NA,NA,0
891,4,198,NA,NA,NA,0
892,4,198,NA,NA,NA,0
893,4,198,NA,NA,NA,0
894,6,199,NA,NA,NA,0
895,6,199,"H",304,3,0
896,6,199,NA,NA,NA,0
897,6,199,"H",353,3,0
898,6,199,"E",280,5,2
899,6,199,NA,NA,NA,0
900,6,200,NA,NA,NA,0
901,6,200,NA,NA,NA,0
902,6,200,NA,NA,NA,0
903,6,200,NA,NA,NA,0
904,6,200,NA,NA,NA,0
905,6,200,NA,NA,NA,0
906,4,201,NA,NA,NA,0
907,4,201,NA,NA,NA,0
908,4,201,"E",189,3,0
909,4,201,NA,NA,NA,0
910,4,202,NA,NA,NA,0
911,4,202,NA,NA,NA,0
912,4,202,NA,NA,NA,0
913,4,202,NA,NA,NA,0
914,3,203,NA,NA,NA,0
915,3,203,NA,NA,NA,0
916,3,203,NA,NA,NA,0
917,5,204,NA,NA,NA,0
918,5,204,NA,NA,NA,0
919,5,204,NA,NA,NA,0
920,5,204,NA,NA,NA,0
921,5,204,NA,NA,NA,0
922,3,205,NA,NA,NA,0
923,3,205,"E",351,2,0
924,3,205,NA,NA,NA,0
925,4,206,NA,NA,NA,0
926,4,206,NA,NA,NA,0
927,4,206,NA,NA,NA,0
928,4,206,NA,NA,NA,0
929,4,207,NA,NA,NA,0
930,4,207,NA,NA,NA,0
931,4,207,NA,NA,NA,0
932,4,207,NA,NA,NA,0
933,5,208,NA,NA,NA,0
934,5,208,NA,NA,NA,0
935,5,208,NA,NA,NA,0
936,5,208,NA,NA,NA,0
937,5,208,NA,NA,NA,0
938,6,209,"E",62,5,3
939,6,209,NA,NA,NA,0
940,6,209,"H",179,2,0
941,6,209,"H",126,2,0
942,6,209,"H",75,2,0
943,6,209,NA,NA,NA,0
944,6,210,NA,NA,NA,0
945,6,210,NA,NA,NA,0
946,6,210,NA,NA,NA,0
947,6,210,NA,NA,NA,0
948,6,210,NA,NA,NA,0
949,6,210,NA,NA,NA,0
950,4,211,NA,NA,NA,0
951,4,211,NA,NA,NA,0
952,4,211,NA,NA,NA,0
953,4,211,NA,NA,NA,0
954,4,212,NA,NA,NA,0
955,4,212,NA,NA,NA,0
956,4,212,NA,NA,NA,0
957,4,212,NA,NA,NA,0
958,5,213,NA,NA,NA,0
959,5,213,NA,NA,NA,0
960,5,213,NA,NA,NA,0
961,5,213,NA,NA,NA,0
962,5,213,NA,NA,NA,0
963,3,214,NA,NA,NA,0
964,3,214,NA,NA,NA,0
965,3,214,NA,NA,NA,0
966,4,215,NA,NA,NA,0
967,4,215,NA,NA,NA,0
968,4,215,NA,NA,NA,0
969,4,215,NA,NA,NA,0
970,5,216,NA,NA,NA,0
971,5,216,NA,NA,NA,0
972,5,216,NA,NA,NA,0
973,5,216,NA,NA,NA,0
974,5,216,NA,NA,NA,0
975,6,217,NA,NA,NA,0
976,6,217,NA,NA,NA,0
977,6,217,NA,NA,NA,0
978,6,217,NA,NA,NA,0
979,6,217,NA,NA,NA,0
980,6,217,NA,NA,NA,0
981,5,218,NA,NA,NA,0
982,5,218,NA,NA,NA,0
983,5,218,NA,NA,NA,0
984,5,218,NA,NA,NA,0
985,5,218,NA,NA,NA,0
986,5,219,NA,NA,NA,0
987,5,219,NA,NA,NA,0
988,5,219,NA,NA,NA,0
989,5,219,NA,NA,NA,0
990,5,219,NA,NA,NA,0
991,3,220,NA,NA,NA,0
992,3,220,NA,NA,NA,0
993,3,220,NA,NA,NA,0
994,3,221,NA,NA,NA,0
995,3,221,NA,NA,NA,0
996,3,221,NA,NA,NA,0
997,4,222,NA,NA,NA,0
998,4,222,NA,NA,NA,0
999,4,222,NA,NA,NA,0
1000,4,222,NA,NA,NA,0
