"ID","SIZE","HH","TYPE","TIME","S_NUM","I_NUM"
1,3,1,"0",NA,NA,0
2,3,1,NA,NA,NA,0
3,3,1,NA,NA,NA,0
4,3,2,NA,NA,NA,0
5,3,2,NA,NA,NA,0
6,3,2,NA,NA,NA,0
7,3,3,NA,NA,NA,0
8,3,3,NA,NA,NA,0
9,3,3,NA,NA,NA,0
10,5,4,NA,NA,NA,0
11,5,4,"H",329,3,1
12,5,4,"E",296,4,1
13,5,4,"H",360,2,0
14,5,4,NA,NA,NA,0
15,4,5,NA,NA,NA,0
16,4,5,NA,NA,NA,0
17,4,5,NA,NA,NA,0
18,4,5,NA,NA,NA,0
19,3,6,NA,NA,NA,0
20,3,6,NA,NA,NA,0
21,3,6,NA,NA,NA,0
22,6,7,NA,NA,NA,0
23,6,7,NA,NA,NA,0
24,6,7,NA,NA,NA,0
25,6,7,NA,NA,NA,0
26,6,7,NA,NA,NA,0
27,6,7,NA,NA,NA,0
28,5,8,NA,NA,NA,0
29,5,8,NA,NA,NA,0
30,5,8,NA,NA,NA,0
31,5,8,NA,NA,NA,0
32,5,8,NA,NA,NA,0
33,3,9,NA,NA,NA,0
34,3,9,NA,NA,NA,0
35,3,9,NA,NA,NA,0
36,5,10,NA,NA,NA,0
37,5,10,NA,NA,NA,0
38,5,10,NA,NA,NA,0
39,5,10,NA,NA,NA,0
40,5,10,NA,NA,NA,0
41,4,11,NA,NA,NA,0
42,4,11,NA,NA,NA,0
43,4,11,NA,NA,NA,0
44,4,11,NA,NA,NA,0
45,3,12,NA,NA,NA,0
46,3,12,NA,NA,NA,0
47,3,12,NA,NA,NA,0
48,4,13,NA,NA,NA,0
49,4,13,NA,NA,NA,0
50,4,13,NA,NA,NA,0
51,4,13,NA,NA,NA,0
52,5,14,NA,NA,NA,0
53,5,14,NA,NA,NA,0
54,5,14,"E",340,4,0
55,5,14,NA,NA,NA,0
56,5,14,NA,NA,NA,0
57,4,15,NA,NA,NA,0
58,4,15,NA,NA,NA,0
59,4,15,NA,NA,NA,0
60,4,15,NA,NA,NA,0
61,3,16,NA,NA,NA,0
62,3,16,NA,NA,NA,0
63,3,16,NA,NA,NA,0
64,3,17,"H",268,0,0
65,3,17,"E",240,2,2
66,3,17,"H",277,0,0
67,4,18,NA,NA,NA,0
68,4,18,NA,NA,NA,0
69,4,18,NA,NA,NA,0
70,4,18,NA,NA,NA,0
71,4,19,NA,NA,NA,0
72,4,19,NA,NA,NA,0
73,4,19,NA,NA,NA,0
74,4,19,NA,NA,NA,0
75,4,20,NA,NA,NA,0
76,4,20,NA,NA,NA,0
77,4,20,NA,NA,NA,0
78,4,20,NA,NA,NA,0
79,3,21,NA,NA,NA,0
80,3,21,NA,NA,NA,0
81,3,21,NA,NA,NA,0
82,6,22,"E",317,5,1
83,6,22,NA,NA,NA,0
84,6,22,NA,NA,NA,0
85,6,22,NA,NA,NA,0
86,6,22,NA,NA,NA,0
87,6,22,"H",NA,NA,0
88,6,23,NA,NA,NA,0
89,6,23,NA,NA,NA,0
90,6,23,NA,NA,NA,0
91,6,23,NA,NA,NA,0
92,6,23,NA,NA,NA,0
93,6,23,NA,NA,NA,0
94,5,24,NA,NA,NA,0
95,5,24,NA,NA,NA,0
96,5,24,NA,NA,NA,0
97,5,24,NA,NA,NA,0
98,5,24,NA,NA,NA,0
99,6,25,NA,NA,NA,0
100,6,25,NA,NA,NA,0
101,6,25,NA,NA,NA,0
102,6,25,NA,NA,NA,0
103,6,25,NA,NA,NA,0
104,6,25,NA,NA,NA,0
105,4,26,NA,NA,NA,0
106,4,26,NA,NA,NA,0
107,4,26,NA,NA,NA,0
108,4,26,NA,NA,NA,0
109,4,27,NA,NA,NA,0
110,4,27,NA,NA,NA,0
111,4,27,NA,NA,NA,0
112,4,27,NA,NA,NA,0
113,3,28,NA,NA,NA,0
114,3,28,NA,NA,NA,0
115,3,28,NA,NA,NA,0
116,6,29,NA,NA,NA,0
117,6,29,NA,NA,NA,0
118,6,29,NA,NA,NA,0
119,6,29,NA,NA,NA,0
120,6,29,NA,NA,NA,0
121,6,29,NA,NA,NA,0
122,5,30,"H",125,2,1
123,5,30,"H",118,2,0
124,5,30,NA,NA,NA,0
125,5,30,"H",146,1,0
126,5,30,"E",97,4,2
127,3,31,NA,NA,NA,0
128,3,31,"H",330,1,0
129,3,31,"E",304,2,1
130,3,32,NA,NA,NA,0
131,3,32,"E",201,2,0
132,3,32,NA,NA,NA,0
133,6,33,NA,NA,NA,0
134,6,33,NA,NA,NA,0
135,6,33,NA,NA,NA,0
136,6,33,NA,NA,NA,0
137,6,33,NA,NA,NA,0
138,6,33,NA,NA,NA,0
139,3,34,NA,NA,NA,0
140,3,34,NA,NA,NA,0
141,3,34,NA,NA,NA,0
142,6,35,NA,NA,NA,0
143,6,35,NA,NA,NA,0
144,6,35,NA,NA,NA,0
145,6,35,NA,NA,NA,0
146,6,35,NA,NA,NA,0
147,6,35,NA,NA,NA,0
148,3,36,NA,NA,NA,0
149,3,36,NA,NA,NA,0
150,3,36,NA,NA,NA,0
151,6,37,NA,NA,NA,0
152,6,37,NA,NA,NA,0
153,6,37,NA,NA,NA,0
154,6,37,NA,NA,NA,0
155,6,37,NA,NA,NA,0
156,6,37,NA,NA,NA,0
157,3,38,NA,NA,NA,0
158,3,38,NA,NA,NA,0
159,3,38,NA,NA,NA,0
160,5,39,NA,NA,NA,0
161,5,39,NA,NA,NA,0
162,5,39,NA,NA,NA,0
163,5,39,NA,NA,NA,0
164,5,39,NA,NA,NA,0
165,5,40,NA,NA,NA,0
166,5,40,"H",276,2,0
167,5,40,"E",227,4,2
168,5,40,NA,NA,NA,0
169,5,40,"H",250,2,0
170,5,41,NA,NA,NA,0
171,5,41,NA,NA,NA,0
172,5,41,NA,NA,NA,0
173,5,41,NA,NA,NA,0
174,5,41,NA,NA,NA,0
175,6,42,NA,NA,NA,0
176,6,42,NA,NA,NA,0
177,6,42,NA,NA,NA,0
178,6,42,NA,NA,NA,0
179,6,42,NA,NA,NA,0
180,6,42,NA,NA,NA,0
181,6,43,NA,NA,NA,0
182,6,43,NA,NA,NA,0
183,6,43,NA,NA,NA,0
184,6,43,NA,NA,NA,0
185,6,43,NA,NA,NA,0
186,6,43,NA,NA,NA,0
187,4,44,NA,NA,NA,0
188,4,44,NA,NA,NA,0
189,4,44,NA,NA,NA,0
190,4,44,NA,NA,NA,0
191,6,45,"H",NA,NA,0
192,6,45,"H",316,4,1
193,6,45,NA,NA,NA,0
194,6,45,"E",291,5,1
195,6,45,NA,NA,NA,0
196,6,45,NA,NA,NA,0
197,6,46,NA,NA,NA,0
198,6,46,NA,NA,NA,0
199,6,46,"H",289,4,0
200,6,46,NA,NA,NA,0
201,6,46,NA,NA,NA,0
202,6,46,"E",268,5,1
203,5,47,"H",238,1,0
204,5,47,"H",98,3,0
205,5,47,NA,NA,NA,0
206,5,47,"E",70,4,1
207,5,47,"E",214,2,1
208,4,48,NA,NA,NA,0
209,4,48,NA,NA,NA,0
210,4,48,NA,NA,NA,0
211,4,48,NA,NA,NA,0
212,3,49,NA,NA,NA,0
213,3,49,NA,NA,NA,0
214,3,49,NA,NA,NA,0
215,5,50,NA,NA,NA,0
216,5,50,"E",NA,NA,0
217,5,50,NA,NA,NA,0
218,5,50,NA,NA,NA,0
219,5,50,NA,NA,NA,0
220,5,51,NA,NA,NA,0
221,5,51,NA,NA,NA,0
222,5,51,NA,NA,NA,0
223,5,51,NA,NA,NA,0
224,5,51,NA,NA,NA,0
225,5,52,"H",154,2,1
226,5,52,NA,NA,NA,0
227,5,52,"H",90,3,1
228,5,52,"E",64,4,1
229,5,52,"H",200,1,0
230,6,53,NA,NA,NA,0
231,6,53,NA,NA,NA,0
232,6,53,NA,NA,NA,0
233,6,53,NA,NA,NA,0
234,6,53,NA,NA,NA,0
235,6,53,NA,NA,NA,0
236,6,54,NA,NA,NA,0
237,6,54,NA,NA,NA,0
238,6,54,NA,NA,NA,0
239,6,54,NA,NA,NA,0
240,6,54,NA,NA,NA,0
241,6,54,NA,NA,NA,0
242,5,55,NA,NA,NA,0
243,5,55,NA,NA,NA,0
244,5,55,NA,NA,NA,0
245,5,55,NA,NA,NA,0
246,5,55,NA,NA,NA,0
247,6,56,NA,NA,NA,0
248,6,56,NA,NA,NA,0
249,6,56,NA,NA,NA,0
250,6,56,NA,NA,NA,0
251,6,56,NA,NA,NA,0
252,6,56,NA,NA,NA,0
253,6,57,NA,NA,NA,0
254,6,57,NA,NA,NA,0
255,6,57,NA,NA,NA,0
256,6,57,NA,NA,NA,0
257,6,57,NA,NA,NA,0
258,6,57,"E",146,5,0
259,3,58,NA,NA,NA,0
260,3,58,NA,NA,NA,0
261,3,58,NA,NA,NA,0
262,4,59,NA,NA,NA,0
263,4,59,NA,NA,NA,0
264,4,59,NA,NA,NA,0
265,4,59,NA,NA,NA,0
266,3,60,NA,NA,NA,0
267,3,60,NA,NA,NA,0
268,3,60,NA,NA,NA,0
269,3,61,NA,NA,NA,0
270,3,61,NA,NA,NA,0
271,3,61,NA,NA,NA,0
272,3,62,NA,NA,NA,0
273,3,62,NA,NA,NA,0
274,3,62,NA,NA,NA,0
275,5,63,"H",228,1,0
276,5,63,"H",266,1,1
277,5,63,"H",322,0,0
278,5,63,"H",212,2,1
279,5,63,"E",190,4,2
280,3,64,NA,NA,NA,0
281,3,64,NA,NA,NA,0
282,3,64,NA,NA,NA,0
283,5,65,NA,NA,NA,0
284,5,65,NA,NA,NA,0
285,5,65,NA,NA,NA,0
286,5,65,NA,NA,NA,0
287,5,65,NA,NA,NA,0
288,6,66,NA,NA,NA,0
289,6,66,NA,NA,NA,0
290,6,66,NA,NA,NA,0
291,6,66,NA,NA,NA,0
292,6,66,NA,NA,NA,0
293,6,66,NA,NA,NA,0
294,4,67,NA,NA,NA,0
295,4,67,NA,NA,NA,0
296,4,67,NA,NA,NA,0
297,4,67,NA,NA,NA,0
298,6,68,NA,NA,NA,0
299,6,68,NA,NA,NA,0
300,6,68,NA,NA,NA,0
301,6,68,NA,NA,NA,0
302,6,68,NA,NA,NA,0
303,6,68,NA,NA,NA,0
304,5,69,NA,NA,NA,0
305,5,69,NA,NA,NA,0
306,5,69,NA,NA,NA,0
307,5,69,"E",315,4,0
308,5,69,NA,NA,NA,0
309,3,70,"E",339,2,1
310,3,70,NA,NA,NA,0
311,3,70,"H",NA,NA,0
312,4,71,NA,NA,NA,0
313,4,71,NA,NA,NA,0
314,4,71,NA,NA,NA,0
315,4,71,NA,NA,NA,0
316,4,72,"H",176,2,0
317,4,72,"E",154,3,1
318,4,72,NA,NA,NA,0
319,4,72,NA,NA,NA,0
320,4,73,NA,NA,NA,0
321,4,73,NA,NA,NA,0
322,4,73,NA,NA,NA,0
323,4,73,NA,NA,NA,0
324,3,74,NA,NA,NA,0
325,3,74,NA,NA,NA,0
326,3,74,NA,NA,NA,0
327,5,75,NA,NA,NA,0
328,5,75,NA,NA,NA,0
329,5,75,NA,NA,NA,0
330,5,75,NA,NA,NA,0
331,5,75,NA,NA,NA,0
332,5,76,"E",NA,NA,0
333,5,76,NA,NA,NA,0
334,5,76,NA,NA,NA,0
335,5,76,NA,NA,NA,0
336,5,76,NA,NA,NA,0
337,4,77,"H",NA,NA,0
338,4,77,NA,NA,NA,0
339,4,77,NA,NA,NA,0
340,4,77,"E",338,3,1
341,5,78,"E",155,4,0
342,5,78,NA,NA,NA,0
343,5,78,NA,NA,NA,0
344,5,78,NA,NA,NA,0
345,5,78,NA,NA,NA,0
346,4,79,NA,NA,NA,0
347,4,79,NA,NA,NA,0
348,4,79,NA,NA,NA,0
349,4,79,NA,NA,NA,0
350,3,80,"H",158,0,0
351,3,80,"H",147,0,0
352,3,80,"E",132,2,2
353,3,81,NA,NA,NA,0
354,3,81,NA,NA,NA,0
355,3,81,NA,NA,NA,0
356,6,82,NA,NA,NA,0
357,6,82,NA,NA,NA,0
358,6,82,NA,NA,NA,0
359,6,82,NA,NA,NA,0
360,6,82,NA,NA,NA,0
361,6,82,NA,NA,NA,0
362,5,83,NA,NA,NA,0
363,5,83,NA,NA,NA,0
364,5,83,NA,NA,NA,0
365,5,83,"E",177,4,0
366,5,83,NA,NA,NA,0
367,6,84,NA,NA,NA,0
368,6,84,NA,NA,NA,0
369,6,84,"E",223,5,0
370,6,84,NA,NA,NA,0
371,6,84,NA,NA,NA,0
372,6,84,NA,NA,NA,0
373,5,85,NA,NA,NA,0
374,5,85,NA,NA,NA,0
375,5,85,NA,NA,NA,0
376,5,85,NA,NA,NA,0
377,5,85,NA,NA,NA,0
378,6,86,NA,NA,NA,0
379,6,86,NA,NA,NA,0
380,6,86,NA,NA,NA,0
381,6,86,NA,NA,NA,0
382,6,86,NA,NA,NA,0
383,6,86,NA,NA,NA,0
384,3,87,NA,NA,NA,0
385,3,87,NA,NA,NA,0
386,3,87,NA,NA,NA,0
387,4,88,NA,NA,NA,0
388,4,88,NA,NA,NA,0
389,4,88,NA,NA,NA,0
390,4,88,NA,NA,NA,0
391,3,89,NA,NA,NA,0
392,3,89,NA,NA,NA,0
393,3,89,NA,NA,NA,0
394,6,90,NA,NA,NA,0
395,6,90,NA,NA,NA,0
396,6,90,NA,NA,NA,0
397,6,90,NA,NA,NA,0
398,6,90,NA,NA,NA,0
399,6,90,NA,NA,NA,0
400,6,91,NA,NA,NA,0
401,6,91,NA,NA,NA,0
402,6,91,NA,NA,NA,0
403,6,91,NA,NA,NA,0
404,6,91,NA,NA,NA,0
405,6,91,NA,NA,NA,0
406,6,92,NA,NA,NA,0
407,6,92,NA,NA,NA,0
408,6,92,NA,NA,NA,0
409,6,92,NA,NA,NA,0
410,6,92,NA,NA,NA,0
411,6,92,NA,NA,NA,0
412,5,93,"H",335,0,0
413,5,93,"E",296,3,2
414,5,93,"E",300,2,0
415,5,93,"H",NA,NA,0
416,5,93,"H",312,1,1
417,3,94,NA,NA,NA,0
418,3,94,NA,NA,NA,0
419,3,94,NA,NA,NA,0
420,5,95,NA,NA,NA,0
421,5,95,NA,NA,NA,0
422,5,95,NA,NA,NA,0
423,5,95,NA,NA,NA,0
424,5,95,NA,NA,NA,0
425,4,96,NA,NA,NA,0
426,4,96,NA,NA,NA,0
427,4,96,NA,NA,NA,0
428,4,96,NA,NA,NA,0
429,4,97,NA,NA,NA,0
430,4,97,NA,NA,NA,0
431,4,97,NA,NA,NA,0
432,4,97,NA,NA,NA,0
433,6,98,NA,NA,NA,0
434,6,98,NA,NA,NA,0
435,6,98,NA,NA,NA,0
436,6,98,NA,NA,NA,0
437,6,98,NA,NA,NA,0
438,6,98,NA,NA,NA,0
439,5,99,NA,NA,NA,0
440,5,99,NA,NA,NA,0
441,5,99,NA,NA,NA,0
442,5,99,NA,NA,NA,0
443,5,99,NA,NA,NA,0
444,3,100,"E",114,2,1
445,3,100,"H",136,1,0
446,3,100,NA,NA,NA,0
447,6,101,NA,NA,NA,0
448,6,101,NA,NA,NA,0
449,6,101,NA,NA,NA,0
450,6,101,NA,NA,NA,0
451,6,101,NA,NA,NA,0
452,6,101,NA,NA,NA,0
453,5,102,NA,NA,NA,0
454,5,102,NA,NA,NA,0
455,5,102,NA,NA,NA,0
456,5,102,NA,NA,NA,0
457,5,102,NA,NA,NA,0
458,3,103,NA,NA,NA,0
459,3,103,"E",187,2,1
460,3,103,"H",225,1,0
461,3,104,NA,NA,NA,0
462,3,104,NA,NA,NA,0
463,3,104,NA,NA,NA,0
464,3,105,NA,NA,NA,0
465,3,105,NA,NA,NA,0
466,3,105,NA,NA,NA,0
467,6,106,NA,NA,NA,0
468,6,106,NA,NA,NA,0
469,6,106,NA,NA,NA,0
470,6,106,NA,NA,NA,0
471,6,106,NA,NA,NA,0
472,6,106,NA,NA,NA,0
473,6,107,NA,NA,NA,0
474,6,107,NA,NA,NA,0
475,6,107,NA,NA,NA,0
476,6,107,NA,NA,NA,0
477,6,107,NA,NA,NA,0
478,6,107,"E",86,5,0
479,5,108,NA,NA,NA,0
480,5,108,NA,NA,NA,0
481,5,108,NA,NA,NA,0
482,5,108,NA,NA,NA,0
483,5,108,NA,NA,NA,0
484,3,109,NA,NA,NA,0
485,3,109,NA,NA,NA,0
486,3,109,NA,NA,NA,0
487,4,110,NA,NA,NA,0
488,4,110,NA,NA,NA,0
489,4,110,NA,NA,NA,0
490,4,110,NA,NA,NA,0
491,6,111,NA,NA,NA,0
492,6,111,NA,NA,NA,0
493,6,111,NA,NA,NA,0
494,6,111,NA,NA,NA,0
495,6,111,NA,NA,NA,0
496,6,111,NA,NA,NA,0
497,3,112,NA,NA,NA,0
498,3,112,NA,NA,NA,0
499,3,112,NA,NA,NA,0
500,4,113,NA,NA,NA,0
501,4,113,NA,NA,NA,0
502,4,113,NA,NA,NA,0
503,4,113,NA,NA,NA,0
504,6,114,NA,NA,NA,0
505,6,114,"H",135,3,0
506,6,114,"H",137,3,0
507,6,114,NA,NA,NA,0
508,6,114,"E",81,5,2
509,6,114,NA,NA,NA,0
510,4,115,NA,NA,NA,0
511,4,115,NA,NA,NA,0
512,4,115,NA,NA,NA,0
513,4,115,NA,NA,NA,0
514,3,116,"E",91,2,0
515,3,116,NA,NA,NA,0
516,3,116,NA,NA,NA,0
517,3,117,NA,NA,NA,0
518,3,117,NA,NA,NA,0
519,3,117,NA,NA,NA,0
520,5,118,NA,NA,NA,0
521,5,118,NA,NA,NA,0
522,5,118,NA,NA,NA,0
523,5,118,NA,NA,NA,0
524,5,118,NA,NA,NA,0
525,5,119,NA,NA,NA,0
526,5,119,NA,NA,NA,0
527,5,119,NA,NA,NA,0
528,5,119,NA,NA,NA,0
529,5,119,NA,NA,NA,0
530,5,120,NA,NA,NA,0
531,5,120,NA,NA,NA,0
532,5,120,NA,NA,NA,0
533,5,120,NA,NA,NA,0
534,5,120,NA,NA,NA,0
535,3,121,NA,NA,NA,0
536,3,121,NA,NA,NA,0
537,3,121,NA,NA,NA,0
538,5,122,NA,NA,NA,0
539,5,122,NA,NA,NA,0
540,5,122,NA,NA,NA,0
541,5,122,NA,NA,NA,0
542,5,122,NA,NA,NA,0
543,6,123,"H",212,4,1
544,6,123,"H",240,3,0
545,6,123,"E",156,5,1
546,6,123,NA,NA,NA,0
547,6,123,NA,NA,NA,0
548,6,123,NA,NA,NA,0
549,6,124,NA,NA,NA,0
550,6,124,"E",88,5,1
551,6,124,NA,NA,NA,0
552,6,124,"H",106,4,0
553,6,124,NA,NA,NA,0
554,6,124,NA,NA,NA,0
555,3,125,NA,NA,NA,0
556,3,125,NA,NA,NA,0
557,3,125,NA,NA,NA,0
558,5,126,NA,NA,NA,0
559,5,126,NA,NA,NA,0
560,5,126,NA,NA,NA,0
561,5,126,"E",317,4,0
562,5,126,NA,NA,NA,0
563,3,127,NA,NA,NA,0
564,3,127,NA,NA,NA,0
565,3,127,NA,NA,NA,0
566,5,128,NA,NA,NA,0
567,5,128,NA,NA,NA,0
568,5,128,NA,NA,NA,0
569,5,128,NA,NA,NA,0
570,5,128,NA,NA,NA,0
571,5,129,NA,NA,NA,0
572,5,129,NA,NA,NA,0
573,5,129,NA,NA,NA,0
574,5,129,NA,NA,NA,0
575,5,129,NA,NA,NA,0
576,5,130,NA,NA,NA,0
577,5,130,NA,NA,NA,0
578,5,130,NA,NA,NA,0
579,5,130,NA,NA,NA,0
580,5,130,NA,NA,NA,0
581,3,131,NA,NA,NA,0
582,3,131,NA,NA,NA,0
583,3,131,NA,NA,NA,0
584,5,132,NA,NA,NA,0
585,5,132,NA,NA,NA,0
586,5,132,NA,NA,NA,0
587,5,132,NA,NA,NA,0
588,5,132,NA,NA,NA,0
589,5,133,"E",195,4,0
590,5,133,NA,NA,NA,0
591,5,133,NA,NA,NA,0
592,5,133,NA,NA,NA,0
593,5,133,NA,NA,NA,0
594,3,134,"E",143,2,2
595,3,134,"H",175,0,0
596,3,134,"H",187,0,0
597,4,135,NA,NA,NA,0
598,4,135,NA,NA,NA,0
599,4,135,NA,NA,NA,0
600,4,135,NA,NA,NA,0
601,3,136,"E",326,2,0
602,3,136,NA,NA,NA,0
603,3,136,NA,NA,NA,0
604,4,137,NA,NA,NA,0
605,4,137,NA,NA,NA,0
606,4,137,NA,NA,NA,0
607,4,137,NA,NA,NA,0
608,6,138,NA,NA,NA,0
609,6,138,NA,NA,NA,0
610,6,138,NA,NA,NA,0
611,6,138,NA,NA,NA,0
612,6,138,NA,NA,NA,0
613,6,138,NA,NA,NA,0
614,5,139,NA,NA,NA,0
615,5,139,NA,NA,NA,0
616,5,139,NA,NA,NA,0
617,5,139,NA,NA,NA,0
618,5,139,NA,NA,NA,0
619,5,140,NA,NA,NA,0
620,5,140,NA,NA,NA,0
621,5,140,NA,NA,NA,0
622,5,140,NA,NA,NA,0
623,5,140,NA,NA,NA,0
624,4,141,NA,NA,NA,0
625,4,141,NA,NA,NA,0
626,4,141,NA,NA,NA,0
627,4,141,NA,NA,NA,0
628,6,142,"E",343,5,2
629,6,142,NA,NA,NA,0
630,6,142,NA,NA,NA,0
631,6,142,NA,NA,NA,0
632,6,142,"H",NA,NA,0
633,6,142,"H",NA,NA,0
634,6,143,NA,NA,NA,0
635,6,143,NA,NA,NA,0
636,6,143,NA,NA,NA,0
637,6,143,NA,NA,NA,0
638,6,143,NA,NA,NA,0
639,6,143,NA,NA,NA,0
640,3,144,NA,NA,NA,0
641,3,144,NA,NA,NA,0
642,3,144,NA,NA,NA,0
643,6,145,NA,NA,NA,0
644,6,145,NA,NA,NA,0
645,6,145,NA,NA,NA,0
646,6,145,NA,NA,NA,0
647,6,145,NA,NA,NA,0
648,6,145,NA,NA,NA,0
649,4,146,NA,NA,NA,0
650,4,146,NA,NA,NA,0
651,4,146,NA,NA,NA,0
652,4,146,NA,NA,NA,0
653,4,147,NA,NA,NA,0
654,4,147,NA,NA,NA,0
655,4,147,NA,NA,NA,0
656,4,147,NA,NA,NA,0
657,4,148,NA,NA,NA,0
658,4,148,NA,NA,NA,0
659,4,148,NA,NA,NA,0
660,4,148,NA,NA,NA,0
661,6,149,NA,NA,NA,0
662,6,149,NA,NA,NA,0
663,6,149,NA,NA,NA,0
664,6,149,NA,NA,NA,0
665,6,149,NA,NA,NA,0
666,6,149,"E",NA,NA,0
667,4,150,NA,NA,NA,0
668,4,150,NA,NA,NA,0
669,4,150,NA,NA,NA,0
670,4,150,NA,NA,NA,0
671,6,151,NA,NA,NA,0
672,6,151,"H",349,3,1
673,6,151,"E",310,5,1
674,6,151,"H",NA,NA,0
675,6,151,NA,NA,NA,0
676,6,151,"H",335,4,1
677,4,152,NA,NA,NA,0
678,4,152,NA,NA,NA,0
679,4,152,NA,NA,NA,0
680,4,152,"E",40,3,0
681,3,153,NA,NA,NA,0
682,3,153,NA,NA,NA,0
683,3,153,NA,NA,NA,0
684,6,154,NA,NA,NA,0
685,6,154,NA,NA,NA,0
686,6,154,NA,NA,NA,0
687,6,154,NA,NA,NA,0
688,6,154,NA,NA,NA,0
689,6,154,NA,NA,NA,0
690,6,155,NA,NA,NA,0
691,6,155,NA,NA,NA,0
692,6,155,NA,NA,NA,0
693,6,155,NA,NA,NA,0
694,6,155,NA,NA,NA,0
695,6,155,NA,NA,NA,0
696,3,156,NA,NA,NA,0
697,3,156,NA,NA,NA,0
698,3,156,NA,NA,NA,0
699,6,157,NA,NA,NA,0
700,6,157,NA,NA,NA,0
701,6,157,NA,NA,NA,0
702,6,157,NA,NA,NA,0
703,6,157,NA,NA,NA,0
704,6,157,NA,NA,NA,0
705,5,158,NA,NA,NA,0
706,5,158,NA,NA,NA,0
707,5,158,NA,NA,NA,0
708,5,158,NA,NA,NA,0
709,5,158,NA,NA,NA,0
710,6,159,NA,NA,NA,0
711,6,159,NA,NA,NA,0
712,6,159,"E",358,5,1
713,6,159,NA,NA,NA,0
714,6,159,"H",NA,NA,0
715,6,159,NA,NA,NA,0
716,3,160,NA,NA,NA,0
717,3,160,NA,NA,NA,0
718,3,160,NA,NA,NA,0
719,5,161,NA,NA,NA,0
720,5,161,NA,NA,NA,0
721,5,161,NA,NA,NA,0
722,5,161,NA,NA,NA,0
723,5,161,NA,NA,NA,0
724,5,162,"E",245,4,1
725,5,162,NA,NA,NA,0
726,5,162,NA,NA,NA,0
727,5,162,"H",273,3,0
728,5,162,NA,NA,NA,0
729,3,163,NA,NA,NA,0
730,3,163,NA,NA,NA,0
731,3,163,NA,NA,NA,0
732,6,164,NA,NA,NA,0
733,6,164,NA,NA,NA,0
734,6,164,NA,NA,NA,0
735,6,164,NA,NA,NA,0
736,6,164,NA,NA,NA,0
737,6,164,NA,NA,NA,0
738,4,165,NA,NA,NA,0
739,4,165,NA,NA,NA,0
740,4,165,NA,NA,NA,0
741,4,165,NA,NA,NA,0
742,5,166,NA,NA,NA,0
743,5,166,NA,NA,NA,0
744,5,166,NA,NA,NA,0
745,5,166,NA,NA,NA,0
746,5,166,NA,NA,NA,0
747,5,167,NA,NA,NA,0
748,5,167,NA,NA,NA,0
749,5,167,NA,NA,NA,0
750,5,167,NA,NA,NA,0
751,5,167,NA,NA,NA,0
752,3,168,NA,NA,NA,0
753,3,168,NA,NA,NA,0
754,3,168,NA,NA,NA,0
755,3,169,NA,NA,NA,0
756,3,169,NA,NA,NA,0
757,3,169,NA,NA,NA,0
758,5,170,NA,NA,NA,0
759,5,170,NA,NA,NA,0
760,5,170,NA,NA,NA,0
761,5,170,"H",188,3,0
762,5,170,"E",163,4,1
763,3,171,NA,NA,NA,0
764,3,171,NA,NA,NA,0
765,3,171,NA,NA,NA,0
766,4,172,NA,NA,NA,0
767,4,172,NA,NA,NA,0
768,4,172,NA,NA,NA,0
769,4,172,NA,NA,NA,0
770,3,173,NA,NA,NA,0
771,3,173,NA,NA,NA,0
772,3,173,NA,NA,NA,0
773,3,174,NA,NA,NA,0
774,3,174,NA,NA,NA,0
775,3,174,NA,NA,NA,0
776,6,175,NA,NA,NA,0
777,6,175,NA,NA,NA,0
778,6,175,NA,NA,NA,0
779,6,175,NA,NA,NA,0
780,6,175,NA,NA,NA,0
781,6,175,NA,NA,NA,0
782,4,176,NA,NA,NA,0
783,4,176,NA,NA,NA,0
784,4,176,NA,NA,NA,0
785,4,176,NA,NA,NA,0
786,6,177,"E",195,5,0
787,6,177,"E",NA,NA,0
788,6,177,NA,NA,NA,0
789,6,177,NA,NA,NA,0
790,6,177,NA,NA,NA,0
791,6,177,NA,NA,NA,0
792,4,178,"H",324,2,1
793,4,178,"E",303,3,1
794,4,178,NA,NA,NA,0
795,4,178,"H",364,1,0
796,6,179,NA,NA,NA,0
797,6,179,NA,NA,NA,0
798,6,179,NA,NA,NA,0
799,6,179,"E",NA,NA,0
800,6,179,NA,NA,NA,0
801,6,179,NA,NA,NA,0
802,5,180,NA,NA,NA,0
803,5,180,NA,NA,NA,0
804,5,180,NA,NA,NA,0
805,5,180,NA,NA,NA,0
806,5,180,NA,NA,NA,0
807,4,181,NA,NA,NA,0
808,4,181,NA,NA,NA,0
809,4,181,NA,NA,NA,0
810,4,181,NA,NA,NA,0
811,6,182,NA,NA,NA,0
812,6,182,NA,NA,NA,0
813,6,182,NA,NA,NA,0
814,6,182,NA,NA,NA,0
815,6,182,NA,NA,NA,0
816,6,182,NA,NA,NA,0
817,5,183,NA,NA,NA,0
818,5,183,NA,NA,NA,0
819,5,183,NA,NA,NA,0
820,5,183,NA,NA,NA,0
821,5,183,NA,NA,NA,0
822,6,184,NA,NA,NA,0
823,6,184,NA,NA,NA,0
824,6,184,NA,NA,NA,0
825,6,184,NA,NA,NA,0
826,6,184,NA,NA,NA,0
827,6,184,NA,NA,NA,0
828,6,185,"E",NA,NA,0
829,6,185,NA,NA,NA,0
830,6,185,NA,NA,NA,0
831,6,185,NA,NA,NA,0
832,6,185,NA,NA,NA,0
833,6,185,NA,NA,NA,0
834,5,186,NA,NA,NA,0
835,5,186,NA,NA,NA,0
836,5,186,NA,NA,NA,0
837,5,186,NA,NA,NA,0
838,5,186,NA,NA,NA,0
839,4,187,"H",NA,NA,0
840,4,187,"H",347,2,1
841,4,187,"E",333,3,1
842,4,187,NA,NA,NA,0
843,4,188,NA,NA,NA,0
844,4,188,NA,NA,NA,0
845,4,188,NA,NA,NA,0
846,4,188,NA,NA,NA,0
847,3,189,NA,NA,NA,0
848,3,189,NA,NA,NA,0
849,3,189,NA,NA,NA,0
850,4,190,NA,NA,NA,0
851,4,190,NA,NA,NA,0
852,4,190,NA,NA,NA,0
853,4,190,NA,NA,NA,0
854,4,191,NA,NA,NA,0
855,4,191,NA,NA,NA,0
856,4,191,NA,NA,NA,0
857,4,191,NA,NA,NA,0
858,6,192,NA,NA,NA,0
859,6,192,NA,NA,NA,0
860,6,192,NA,NA,NA,0
861,6,192,NA,NA,NA,0
862,6,192,NA,NA,NA,0
863,6,192,NA,NA,NA,0
864,6,193,NA,NA,NA,0
865,6,193,NA,NA,NA,0
866,6,193,NA,NA,NA,0
867,6,193,NA,NA,NA,0
868,6,193,NA,NA,NA,0
869,6,193,NA,NA,NA,0
870,6,194,NA,NA,NA,0
871,6,194,NA,NA,NA,0
872,6,194,NA,NA,NA,0
873,6,194,NA,NA,NA,0
874,6,194,NA,NA,NA,0
875,6,194,NA,NA,NA,0
876,4,195,NA,NA,NA,0
877,4,195,NA,NA,NA,0
878,4,195,NA,NA,NA,0
879,4,195,"C",363,3,0
880,5,196,NA,NA,NA,0
881,5,196,NA,NA,NA,0
882,5,196,NA,NA,NA,0
883,5,196,NA,NA,NA,0
884,5,196,NA,NA,NA,0
885,5,197,NA,NA,NA,0
886,5,197,NA,NA,NA,0
887,5,197,NA,NA,NA,0
888,5,197,NA,NA,NA,0
889,5,197,NA,NA,NA,0
890,4,198,NA,NA,NA,0
891,4,198,NA,NA,NA,0
892,4,198,NA,NA,NA,0
893,4,198,NA,NA,NA,0
894,3,199,NA,NA,NA,0
895,3,199,NA,NA,NA,0
896,3,199,NA,NA,NA,0
897,5,200,NA,NA,NA,0
898,5,200,NA,NA,NA,0
899,5,200,NA,NA,NA,0
900,5,200,NA,NA,NA,0
901,5,200,NA,NA,NA,0
902,4,201,NA,NA,NA,0
903,4,201,NA,NA,NA,0
904,4,201,NA,NA,NA,0
905,4,201,NA,NA,NA,0
906,4,202,NA,NA,NA,0
907,4,202,NA,NA,NA,0
908,4,202,NA,NA,NA,0
909,4,202,NA,NA,NA,0
910,6,203,NA,NA,NA,0
911,6,203,NA,NA,NA,0
912,6,203,"E",186,4,0
913,6,203,"E",175,4,0
914,6,203,NA,NA,NA,0
915,6,203,NA,NA,NA,0
916,6,204,NA,NA,NA,0
917,6,204,NA,NA,NA,0
918,6,204,NA,NA,NA,0
919,6,204,NA,NA,NA,0
920,6,204,NA,NA,NA,0
921,6,204,NA,NA,NA,0
922,4,205,NA,NA,NA,0
923,4,205,NA,NA,NA,0
924,4,205,NA,NA,NA,0
925,4,205,NA,NA,NA,0
926,5,206,NA,NA,NA,0
927,5,206,NA,NA,NA,0
928,5,206,NA,NA,NA,0
929,5,206,NA,NA,NA,0
930,5,206,NA,NA,NA,0
931,6,207,NA,NA,NA,0
932,6,207,NA,NA,NA,0
933,6,207,NA,NA,NA,0
934,6,207,NA,NA,NA,0
935,6,207,NA,NA,NA,0
936,6,207,NA,NA,NA,0
937,6,208,NA,NA,NA,0
938,6,208,"H",160,4,0
939,6,208,NA,NA,NA,0
940,6,208,NA,NA,NA,0
941,6,208,NA,NA,NA,0
942,6,208,"E",136,5,1
943,3,209,NA,NA,NA,0
944,3,209,NA,NA,NA,0
945,3,209,NA,NA,NA,0
946,6,210,NA,NA,NA,0
947,6,210,NA,NA,NA,0
948,6,210,NA,NA,NA,0
949,6,210,NA,NA,NA,0
950,6,210,NA,NA,NA,0
951,6,210,NA,NA,NA,0
952,4,211,NA,NA,NA,0
953,4,211,NA,NA,NA,0
954,4,211,NA,NA,NA,0
955,4,211,NA,NA,NA,0
956,6,212,NA,NA,NA,0
957,6,212,NA,NA,NA,0
958,6,212,NA,NA,NA,0
959,6,212,NA,NA,NA,0
960,6,212,NA,NA,NA,0
961,6,212,NA,NA,NA,0
962,6,213,NA,NA,NA,0
963,6,213,NA,NA,NA,0
964,6,213,NA,NA,NA,0
965,6,213,NA,NA,NA,0
966,6,213,NA,NA,NA,0
967,6,213,NA,NA,NA,0
968,6,214,NA,NA,NA,0
969,6,214,NA,NA,NA,0
970,6,214,NA,NA,NA,0
971,6,214,NA,NA,NA,0
972,6,214,NA,NA,NA,0
973,6,214,NA,NA,NA,0
974,4,215,NA,NA,NA,0
975,4,215,"E",60,3,0
976,4,215,NA,NA,NA,0
977,4,215,NA,NA,NA,0
978,6,216,NA,NA,NA,0
979,6,216,"H",187,3,1
980,6,216,NA,NA,NA,0
981,6,216,"H",204,2,0
982,6,216,"E",167,5,2
983,6,216,"H",203,2,0
984,3,217,NA,NA,NA,0
985,3,217,NA,NA,NA,0
986,3,217,NA,NA,NA,0
987,4,218,NA,NA,NA,0
988,4,218,NA,NA,NA,0
989,4,218,NA,NA,NA,0
990,4,218,NA,NA,NA,0
991,4,219,NA,NA,NA,0
992,4,219,NA,NA,NA,0
993,4,219,NA,NA,NA,0
994,4,219,NA,NA,NA,0
995,6,220,NA,NA,NA,0
996,6,220,NA,NA,NA,0
997,6,220,NA,NA,NA,0
998,6,220,NA,NA,NA,0
999,6,220,NA,NA,NA,0
1000,6,220,NA,NA,NA,0
