"ID","SIZE","HH","TYPE","TIME","S_NUM","I_NUM"
1,6,1,"0",NA,NA,0
2,6,1,NA,NA,NA,0
3,6,1,NA,NA,NA,0
4,6,1,NA,NA,NA,0
5,6,1,NA,NA,NA,0
6,6,1,NA,NA,NA,0
7,4,2,NA,NA,NA,0
8,4,2,NA,NA,NA,0
9,4,2,NA,NA,NA,0
10,4,2,NA,NA,NA,0
11,5,3,NA,NA,NA,0
12,5,3,NA,NA,NA,0
13,5,3,NA,NA,NA,0
14,5,3,NA,NA,NA,0
15,5,3,NA,NA,NA,0
16,5,4,NA,NA,NA,0
17,5,4,NA,NA,NA,0
18,5,4,NA,NA,NA,0
19,5,4,NA,NA,NA,0
20,5,4,NA,NA,NA,0
21,4,5,NA,NA,NA,0
22,4,5,NA,NA,NA,0
23,4,5,NA,NA,NA,0
24,4,5,NA,NA,NA,0
25,6,6,NA,NA,NA,0
26,6,6,NA,NA,NA,0
27,6,6,NA,NA,NA,0
28,6,6,NA,NA,NA,0
29,6,6,NA,NA,NA,0
30,6,6,NA,NA,NA,0
31,5,7,NA,NA,NA,0
32,5,7,NA,NA,NA,0
33,5,7,NA,NA,NA,0
34,5,7,NA,NA,NA,0
35,5,7,NA,NA,NA,0
36,5,8,NA,NA,NA,0
37,5,8,NA,NA,NA,0
38,5,8,NA,NA,NA,0
39,5,8,NA,NA,NA,0
40,5,8,NA,NA,NA,0
41,5,9,NA,NA,NA,0
42,5,9,NA,NA,NA,0
43,5,9,NA,NA,NA,0
44,5,9,NA,NA,NA,0
45,5,9,NA,NA,NA,0
46,6,10,NA,NA,NA,0
47,6,10,NA,NA,NA,0
48,6,10,NA,NA,NA,0
49,6,10,NA,NA,NA,0
50,6,10,NA,NA,NA,0
51,6,10,NA,NA,NA,0
52,5,11,NA,NA,NA,0
53,5,11,NA,NA,NA,0
54,5,11,NA,NA,NA,0
55,5,11,NA,NA,NA,0
56,5,11,NA,NA,NA,0
57,4,12,NA,NA,NA,0
58,4,12,NA,NA,NA,0
59,4,12,NA,NA,NA,0
60,4,12,NA,NA,NA,0
61,4,13,NA,NA,NA,0
62,4,13,NA,NA,NA,0
63,4,13,NA,NA,NA,0
64,4,13,NA,NA,NA,0
65,5,14,NA,NA,NA,0
66,5,14,NA,NA,NA,0
67,5,14,NA,NA,NA,0
68,5,14,NA,NA,NA,0
69,5,14,NA,NA,NA,0
70,5,15,NA,NA,NA,0
71,5,15,NA,NA,NA,0
72,5,15,NA,NA,NA,0
73,5,15,NA,NA,NA,0
74,5,15,NA,NA,NA,0
75,3,16,NA,NA,NA,0
76,3,16,NA,NA,NA,0
77,3,16,NA,NA,NA,0
78,4,17,NA,NA,NA,0
79,4,17,"H",NA,2,0
80,4,17,NA,NA,NA,0
81,4,17,"C",264,3,1
82,3,18,NA,NA,NA,0
83,3,18,NA,NA,NA,0
84,3,18,NA,NA,NA,0
85,5,19,NA,NA,NA,0
86,5,19,NA,NA,NA,0
87,5,19,NA,NA,NA,0
88,5,19,NA,NA,NA,0
89,5,19,NA,NA,NA,0
90,5,20,"H",NA,2,0
91,5,20,NA,NA,NA,0
92,5,20,"H",NA,2,0
93,5,20,"E",142,4,2
94,5,20,NA,NA,NA,0
95,4,21,NA,NA,NA,0
96,4,21,NA,NA,NA,0
97,4,21,NA,NA,NA,0
98,4,21,NA,NA,NA,0
99,4,22,NA,NA,NA,0
100,4,22,NA,NA,NA,0
101,4,22,NA,NA,NA,0
102,4,22,NA,NA,NA,0
103,5,23,NA,NA,NA,0
104,5,23,NA,NA,NA,0
105,5,23,NA,NA,NA,0
106,5,23,NA,NA,NA,0
107,5,23,NA,NA,NA,0
108,3,24,"C",362,2,1
109,3,24,"H",NA,NA,0
110,3,24,NA,NA,NA,0
111,4,25,NA,NA,NA,0
112,4,25,NA,NA,NA,0
113,4,25,NA,NA,NA,0
114,4,25,NA,NA,NA,0
115,5,26,"H",323,1,0
116,5,26,"C",NA,4,2
117,5,26,NA,NA,NA,0
118,5,26,"H",NA,1,0
119,5,26,"H",NA,2,1
120,3,27,NA,NA,NA,0
121,3,27,NA,NA,NA,0
122,3,27,NA,NA,NA,0
123,3,28,NA,NA,NA,0
124,3,28,NA,NA,NA,0
125,3,28,NA,NA,NA,0
126,6,29,NA,NA,NA,0
127,6,29,"H",NA,4,2
128,6,29,"E",NA,5,1
129,6,29,"H",257,2,0
130,6,29,NA,NA,NA,0
131,6,29,"H",NA,2,0
132,6,30,NA,NA,NA,0
133,6,30,NA,NA,NA,0
134,6,30,NA,NA,NA,0
135,6,30,"E",201,5,1
136,6,30,"H",269,4,1
137,6,30,"H",304,3,0
138,3,31,"E",NA,2,2
139,3,31,"H",NA,0,0
140,3,31,"H",199,0,0
141,5,32,NA,NA,NA,0
142,5,32,NA,NA,NA,0
143,5,32,NA,NA,NA,0
144,5,32,NA,NA,NA,0
145,5,32,NA,NA,NA,0
146,4,33,NA,NA,NA,0
147,4,33,NA,NA,NA,0
148,4,33,NA,NA,NA,0
149,4,33,NA,NA,NA,0
150,3,34,NA,NA,NA,0
151,3,34,NA,NA,NA,0
152,3,34,NA,NA,NA,0
153,3,35,NA,NA,NA,0
154,3,35,NA,NA,NA,0
155,3,35,NA,NA,NA,0
156,3,36,NA,NA,NA,0
157,3,36,NA,NA,NA,0
158,3,36,NA,NA,NA,0
159,5,37,NA,NA,NA,0
160,5,37,NA,NA,NA,0
161,5,37,NA,NA,NA,0
162,5,37,NA,NA,NA,0
163,5,37,NA,NA,NA,0
164,4,38,NA,NA,NA,0
165,4,38,NA,NA,NA,0
166,4,38,NA,NA,NA,0
167,4,38,NA,NA,NA,0
168,5,39,NA,NA,NA,0
169,5,39,NA,NA,NA,0
170,5,39,NA,NA,NA,0
171,5,39,NA,NA,NA,0
172,5,39,NA,NA,NA,0
173,6,40,NA,NA,NA,0
174,6,40,NA,NA,NA,0
175,6,40,NA,NA,NA,0
176,6,40,NA,NA,NA,0
177,6,40,NA,NA,NA,0
178,6,40,NA,NA,NA,0
179,5,41,NA,NA,NA,0
180,5,41,NA,NA,NA,0
181,5,41,NA,NA,NA,0
182,5,41,NA,NA,NA,0
183,5,41,NA,NA,NA,0
184,5,42,NA,NA,NA,0
185,5,42,NA,NA,NA,0
186,5,42,NA,NA,NA,0
187,5,42,NA,NA,NA,0
188,5,42,NA,NA,NA,0
189,6,43,NA,NA,NA,0
190,6,43,NA,NA,NA,0
191,6,43,NA,NA,NA,0
192,6,43,NA,NA,NA,0
193,6,43,NA,NA,NA,0
194,6,43,NA,NA,NA,0
195,3,44,NA,NA,NA,0
196,3,44,NA,NA,NA,0
197,3,44,NA,NA,NA,0
198,6,45,NA,NA,NA,0
199,6,45,NA,NA,NA,0
200,6,45,NA,NA,NA,0
201,6,45,NA,NA,NA,0
202,6,45,NA,NA,NA,0
203,6,45,"C",NA,NA,0
204,3,46,NA,NA,NA,0
205,3,46,NA,NA,NA,0
206,3,46,NA,NA,NA,0
207,3,47,NA,NA,NA,0
208,3,47,NA,NA,NA,0
209,3,47,NA,NA,NA,0
210,5,48,NA,NA,NA,0
211,5,48,NA,NA,NA,0
212,5,48,NA,NA,NA,0
213,5,48,NA,NA,NA,0
214,5,48,NA,NA,NA,0
215,3,49,NA,NA,NA,0
216,3,49,NA,NA,NA,0
217,3,49,NA,NA,NA,0
218,3,50,NA,NA,NA,0
219,3,50,NA,NA,NA,0
220,3,50,NA,NA,NA,0
221,6,51,NA,NA,NA,0
222,6,51,NA,NA,NA,0
223,6,51,NA,NA,NA,0
224,6,51,NA,NA,NA,0
225,6,51,NA,NA,NA,0
226,6,51,NA,NA,NA,0
227,3,52,NA,NA,NA,0
228,3,52,NA,NA,NA,0
229,3,52,NA,NA,NA,0
230,4,53,"H",NA,2,2
231,4,53,"C",NA,3,1
232,4,53,"H",354,0,0
233,4,53,"H",NA,0,0
234,5,54,NA,NA,NA,0
235,5,54,NA,NA,NA,0
236,5,54,NA,NA,NA,0
237,5,54,NA,NA,NA,0
238,5,54,NA,NA,NA,0
239,6,55,NA,NA,NA,0
240,6,55,NA,NA,NA,0
241,6,55,NA,NA,NA,0
242,6,55,NA,NA,NA,0
243,6,55,NA,NA,NA,0
244,6,55,NA,NA,NA,0
245,4,56,NA,NA,NA,0
246,4,56,NA,NA,NA,0
247,4,56,NA,NA,NA,0
248,4,56,NA,NA,NA,0
249,3,57,"H",323,1,0
250,3,57,NA,NA,NA,0
251,3,57,"E",NA,2,1
252,4,58,NA,NA,NA,0
253,4,58,NA,NA,NA,0
254,4,58,NA,NA,NA,0
255,4,58,NA,NA,NA,0
256,4,59,NA,NA,NA,0
257,4,59,NA,NA,NA,0
258,4,59,"H",341,2,0
259,4,59,"E",284,3,1
260,4,60,NA,NA,NA,0
261,4,60,NA,NA,NA,0
262,4,60,NA,NA,NA,0
263,4,60,NA,NA,NA,0
264,3,61,NA,NA,NA,0
265,3,61,NA,NA,NA,0
266,3,61,NA,NA,NA,0
267,4,62,NA,NA,NA,0
268,4,62,NA,NA,NA,0
269,4,62,NA,NA,NA,0
270,4,62,NA,NA,NA,0
271,4,63,NA,NA,NA,0
272,4,63,NA,NA,NA,0
273,4,63,"H",NA,2,0
274,4,63,"C",210,3,1
275,6,64,NA,NA,NA,0
276,6,64,NA,NA,NA,0
277,6,64,NA,NA,NA,0
278,6,64,NA,NA,NA,0
279,6,64,NA,NA,NA,0
280,6,64,NA,NA,NA,0
281,5,65,NA,NA,NA,0
282,5,65,NA,NA,NA,0
283,5,65,NA,NA,NA,0
284,5,65,NA,NA,NA,0
285,5,65,NA,NA,NA,0
286,6,66,NA,NA,NA,0
287,6,66,NA,NA,NA,0
288,6,66,NA,NA,NA,0
289,6,66,NA,NA,NA,0
290,6,66,NA,NA,NA,0
291,6,66,NA,NA,NA,0
292,3,67,NA,NA,NA,0
293,3,67,NA,NA,NA,0
294,3,67,NA,NA,NA,0
295,4,68,NA,NA,NA,0
296,4,68,NA,NA,NA,0
297,4,68,NA,NA,NA,0
298,4,68,NA,NA,NA,0
299,3,69,NA,NA,NA,0
300,3,69,NA,NA,NA,0
301,3,69,NA,NA,NA,0
302,5,70,NA,NA,NA,0
303,5,70,NA,NA,NA,0
304,5,70,NA,NA,NA,0
305,5,70,NA,NA,NA,0
306,5,70,NA,NA,NA,0
307,3,71,NA,NA,NA,0
308,3,71,NA,NA,NA,0
309,3,71,NA,NA,NA,0
310,4,72,NA,NA,NA,0
311,4,72,NA,NA,NA,0
312,4,72,NA,NA,NA,0
313,4,72,NA,NA,NA,0
314,5,73,NA,NA,NA,0
315,5,73,NA,NA,NA,0
316,5,73,"E",328,4,0
317,5,73,NA,NA,NA,0
318,5,73,NA,NA,NA,0
319,3,74,NA,NA,NA,0
320,3,74,NA,NA,NA,0
321,3,74,NA,NA,NA,0
322,5,75,NA,NA,NA,0
323,5,75,NA,NA,NA,0
324,5,75,NA,NA,NA,0
325,5,75,NA,NA,NA,0
326,5,75,NA,NA,NA,0
327,5,76,NA,NA,NA,0
328,5,76,NA,NA,NA,0
329,5,76,NA,NA,NA,0
330,5,76,NA,NA,NA,0
331,5,76,NA,NA,NA,0
332,5,77,NA,NA,NA,0
333,5,77,NA,NA,NA,0
334,5,77,NA,NA,NA,0
335,5,77,NA,NA,NA,0
336,5,77,NA,NA,NA,0
337,4,78,NA,NA,NA,0
338,4,78,NA,NA,NA,0
339,4,78,NA,NA,NA,0
340,4,78,NA,NA,NA,0
341,3,79,NA,NA,NA,0
342,3,79,NA,NA,NA,0
343,3,79,NA,NA,NA,0
344,4,80,NA,NA,NA,0
345,4,80,NA,NA,NA,0
346,4,80,"E",NA,NA,0
347,4,80,"E",71,3,0
348,6,81,"E",NA,1,1
349,6,81,"E",NA,5,2
350,6,81,"H",NA,1,0
351,6,81,"H",191,2,1
352,6,81,"H",NA,0,0
353,6,81,"H",192,2,0
354,3,82,NA,NA,NA,0
355,3,82,NA,NA,NA,0
356,3,82,NA,NA,NA,0
357,3,83,NA,NA,NA,0
358,3,83,NA,NA,NA,0
359,3,83,NA,NA,NA,0
360,4,84,NA,NA,NA,0
361,4,84,NA,NA,NA,0
362,4,84,NA,NA,NA,0
363,4,84,NA,NA,NA,0
364,5,85,NA,NA,NA,0
365,5,85,NA,NA,NA,0
366,5,85,NA,NA,NA,0
367,5,85,NA,NA,NA,0
368,5,85,NA,NA,NA,0
369,3,86,NA,NA,NA,0
370,3,86,NA,NA,NA,0
371,3,86,NA,NA,NA,0
372,3,87,NA,NA,NA,0
373,3,87,NA,NA,NA,0
374,3,87,NA,NA,NA,0
375,5,88,NA,NA,NA,0
376,5,88,NA,NA,NA,0
377,5,88,NA,NA,NA,0
378,5,88,NA,NA,NA,0
379,5,88,NA,NA,NA,0
380,6,89,NA,NA,NA,0
381,6,89,NA,NA,NA,0
382,6,89,NA,NA,NA,0
383,6,89,NA,NA,NA,0
384,6,89,NA,NA,NA,0
385,6,89,NA,NA,NA,0
386,4,90,NA,NA,NA,0
387,4,90,NA,NA,NA,0
388,4,90,NA,NA,NA,0
389,4,90,NA,NA,NA,0
390,4,91,NA,NA,NA,0
391,4,91,NA,NA,NA,0
392,4,91,NA,NA,NA,0
393,4,91,NA,NA,NA,0
394,3,92,NA,NA,NA,0
395,3,92,NA,NA,NA,0
396,3,92,NA,NA,NA,0
397,5,93,NA,NA,NA,0
398,5,93,NA,NA,NA,0
399,5,93,NA,NA,NA,0
400,5,93,NA,NA,NA,0
401,5,93,NA,NA,NA,0
402,4,94,NA,NA,NA,0
403,4,94,NA,NA,NA,0
404,4,94,NA,NA,NA,0
405,4,94,NA,NA,NA,0
406,3,95,NA,NA,NA,0
407,3,95,NA,NA,NA,0
408,3,95,NA,NA,NA,0
409,5,96,NA,NA,NA,0
410,5,96,NA,NA,NA,0
411,5,96,NA,NA,NA,0
412,5,96,NA,NA,NA,0
413,5,96,NA,NA,NA,0
414,5,97,NA,NA,NA,0
415,5,97,NA,NA,NA,0
416,5,97,NA,NA,NA,0
417,5,97,NA,NA,NA,0
418,5,97,NA,NA,NA,0
419,6,98,NA,NA,NA,0
420,6,98,NA,NA,NA,0
421,6,98,NA,NA,NA,0
422,6,98,"H",NA,4,0
423,6,98,NA,NA,NA,0
424,6,98,"E",240,5,1
425,4,99,NA,NA,NA,0
426,4,99,NA,NA,NA,0
427,4,99,NA,NA,NA,0
428,4,99,NA,NA,NA,0
429,5,100,NA,NA,NA,0
430,5,100,NA,NA,NA,0
431,5,100,NA,NA,NA,0
432,5,100,NA,NA,NA,0
433,5,100,NA,NA,NA,0
434,3,101,NA,NA,NA,0
435,3,101,NA,NA,NA,0
436,3,101,NA,NA,NA,0
437,3,102,NA,NA,NA,0
438,3,102,NA,NA,NA,0
439,3,102,NA,NA,NA,0
440,4,103,NA,NA,NA,0
441,4,103,NA,NA,NA,0
442,4,103,NA,NA,NA,0
443,4,103,NA,NA,NA,0
444,4,104,NA,NA,NA,0
445,4,104,NA,NA,NA,0
446,4,104,NA,NA,NA,0
447,4,104,NA,NA,NA,0
448,3,105,NA,NA,NA,0
449,3,105,"E",NA,NA,0
450,3,105,NA,NA,NA,0
451,5,106,NA,NA,NA,0
452,5,106,NA,NA,NA,0
453,5,106,NA,NA,NA,0
454,5,106,NA,NA,NA,0
455,5,106,NA,NA,NA,0
456,3,107,NA,NA,NA,0
457,3,107,NA,NA,NA,0
458,3,107,NA,NA,NA,0
459,3,108,NA,NA,NA,0
460,3,108,"E",313,2,0
461,3,108,NA,NA,NA,0
462,4,109,NA,NA,NA,0
463,4,109,NA,NA,NA,0
464,4,109,NA,NA,NA,0
465,4,109,NA,NA,NA,0
466,3,110,NA,NA,NA,0
467,3,110,NA,NA,NA,0
468,3,110,NA,NA,NA,0
469,6,111,"E",NA,5,1
470,6,111,"H",250,4,2
471,6,111,"H",NA,2,0
472,6,111,NA,NA,NA,0
473,6,111,"H",NA,2,0
474,6,111,NA,NA,NA,0
475,3,112,NA,NA,NA,0
476,3,112,NA,NA,NA,0
477,3,112,NA,NA,NA,0
478,3,113,NA,NA,NA,0
479,3,113,NA,NA,NA,0
480,3,113,NA,NA,NA,0
481,5,114,NA,NA,NA,0
482,5,114,NA,NA,NA,0
483,5,114,NA,NA,NA,0
484,5,114,NA,NA,NA,0
485,5,114,NA,NA,NA,0
486,5,115,NA,NA,NA,0
487,5,115,NA,NA,NA,0
488,5,115,NA,NA,NA,0
489,5,115,NA,NA,NA,0
490,5,115,NA,NA,NA,0
491,6,116,NA,NA,NA,0
492,6,116,NA,NA,NA,0
493,6,116,NA,NA,NA,0
494,6,116,NA,NA,NA,0
495,6,116,NA,NA,NA,0
496,6,116,NA,NA,NA,0
497,3,117,NA,NA,NA,0
498,3,117,NA,NA,NA,0
499,3,117,NA,NA,NA,0
500,4,118,NA,NA,NA,0
501,4,118,NA,NA,NA,0
502,4,118,NA,NA,NA,0
503,4,118,NA,NA,NA,0
504,5,119,"E",350,4,2
505,5,119,NA,NA,NA,0
506,5,119,NA,NA,NA,0
507,5,119,"H",NA,2,0
508,5,119,"H",NA,NA,0
509,5,120,NA,NA,NA,0
510,5,120,NA,NA,NA,0
511,5,120,NA,NA,NA,0
512,5,120,NA,NA,NA,0
513,5,120,NA,NA,NA,0
514,5,121,NA,NA,NA,0
515,5,121,"E",233,4,1
516,5,121,NA,NA,NA,0
517,5,121,"H",NA,3,1
518,5,121,"H",280,2,0
519,6,122,"H",283,0,0
520,6,122,"H",161,4,1
521,6,122,"H",NA,1,1
522,6,122,"H",192,3,1
523,6,122,"E",119,5,1
524,6,122,"H",NA,2,1
525,3,123,NA,NA,NA,0
526,3,123,NA,NA,NA,0
527,3,123,NA,NA,NA,0
528,3,124,NA,NA,NA,0
529,3,124,NA,NA,NA,0
530,3,124,NA,NA,NA,0
531,3,125,NA,NA,NA,0
532,3,125,NA,NA,NA,0
533,3,125,NA,NA,NA,0
534,3,126,NA,NA,NA,0
535,3,126,NA,NA,NA,0
536,3,126,NA,NA,NA,0
537,4,127,NA,NA,NA,0
538,4,127,NA,NA,NA,0
539,4,127,NA,NA,NA,0
540,4,127,NA,NA,NA,0
541,6,128,NA,NA,NA,0
542,6,128,NA,NA,NA,0
543,6,128,NA,NA,NA,0
544,6,128,NA,NA,NA,0
545,6,128,NA,NA,NA,0
546,6,128,NA,NA,NA,0
547,6,129,NA,NA,NA,0
548,6,129,NA,NA,NA,0
549,6,129,NA,NA,NA,0
550,6,129,NA,NA,NA,0
551,6,129,NA,NA,NA,0
552,6,129,NA,NA,NA,0
553,6,130,NA,NA,NA,0
554,6,130,NA,NA,NA,0
555,6,130,NA,NA,NA,0
556,6,130,NA,NA,NA,0
557,6,130,NA,NA,NA,0
558,6,130,NA,NA,NA,0
559,5,131,NA,NA,NA,0
560,5,131,NA,NA,NA,0
561,5,131,NA,NA,NA,0
562,5,131,NA,NA,NA,0
563,5,131,NA,NA,NA,0
564,3,132,NA,NA,NA,0
565,3,132,NA,NA,NA,0
566,3,132,NA,NA,NA,0
567,4,133,NA,NA,NA,0
568,4,133,NA,NA,NA,0
569,4,133,NA,NA,NA,0
570,4,133,NA,NA,NA,0
571,3,134,NA,NA,NA,0
572,3,134,NA,NA,NA,0
573,3,134,NA,NA,NA,0
574,5,135,NA,NA,NA,0
575,5,135,NA,NA,NA,0
576,5,135,NA,NA,NA,0
577,5,135,NA,NA,NA,0
578,5,135,NA,NA,NA,0
579,4,136,"C",NA,3,1
580,4,136,"H",NA,0,0
581,4,136,"H",NA,1,1
582,4,136,"H",NA,2,1
583,5,137,NA,NA,NA,0
584,5,137,NA,NA,NA,0
585,5,137,NA,NA,NA,0
586,5,137,NA,NA,NA,0
587,5,137,NA,NA,NA,0
588,3,138,NA,NA,NA,0
589,3,138,NA,NA,NA,0
590,3,138,NA,NA,NA,0
591,5,139,NA,NA,NA,0
592,5,139,NA,NA,NA,0
593,5,139,NA,NA,NA,0
594,5,139,NA,NA,NA,0
595,5,139,NA,NA,NA,0
596,5,140,"C",NA,4,1
597,5,140,NA,NA,NA,0
598,5,140,"H",NA,3,0
599,5,140,NA,NA,NA,0
600,5,140,NA,NA,NA,0
601,5,141,NA,NA,NA,0
602,5,141,NA,NA,NA,0
603,5,141,NA,NA,NA,0
604,5,141,NA,NA,NA,0
605,5,141,NA,NA,NA,0
606,6,142,NA,NA,NA,0
607,6,142,NA,NA,NA,0
608,6,142,NA,NA,NA,0
609,6,142,NA,NA,NA,0
610,6,142,NA,NA,NA,0
611,6,142,NA,NA,NA,0
612,6,143,NA,NA,NA,0
613,6,143,NA,NA,NA,0
614,6,143,NA,NA,NA,0
615,6,143,NA,NA,NA,0
616,6,143,NA,NA,NA,0
617,6,143,NA,NA,NA,0
618,6,144,NA,NA,NA,0
619,6,144,NA,NA,NA,0
620,6,144,NA,NA,NA,0
621,6,144,NA,NA,NA,0
622,6,144,NA,NA,NA,0
623,6,144,NA,NA,NA,0
624,6,145,"H",NA,NA,0
625,6,145,"H",NA,2,0
626,6,145,"C",323,5,3
627,6,145,"H",NA,NA,0
628,6,145,NA,NA,NA,0
629,6,145,"H",356,2,1
630,5,146,NA,NA,NA,0
631,5,146,NA,NA,NA,0
632,5,146,NA,NA,NA,0
633,5,146,NA,NA,NA,0
634,5,146,NA,NA,NA,0
635,4,147,NA,NA,NA,0
636,4,147,NA,NA,NA,0
637,4,147,NA,NA,NA,0
638,4,147,NA,NA,NA,0
639,3,148,NA,NA,NA,0
640,3,148,"C",NA,2,0
641,3,148,NA,NA,NA,0
642,4,149,NA,NA,NA,0
643,4,149,NA,NA,NA,0
644,4,149,NA,NA,NA,0
645,4,149,NA,NA,NA,0
646,3,150,NA,NA,NA,0
647,3,150,NA,NA,NA,0
648,3,150,NA,NA,NA,0
649,6,151,NA,NA,NA,0
650,6,151,NA,NA,NA,0
651,6,151,NA,NA,NA,0
652,6,151,NA,NA,NA,0
653,6,151,NA,NA,NA,0
654,6,151,NA,NA,NA,0
655,3,152,NA,NA,NA,0
656,3,152,NA,NA,NA,0
657,3,152,NA,NA,NA,0
658,6,153,NA,NA,NA,0
659,6,153,NA,NA,NA,0
660,6,153,NA,NA,NA,0
661,6,153,NA,NA,NA,0
662,6,153,"E",NA,NA,0
663,6,153,NA,NA,NA,0
664,4,154,NA,NA,NA,0
665,4,154,NA,NA,NA,0
666,4,154,NA,NA,NA,0
667,4,154,NA,NA,NA,0
668,5,155,NA,NA,NA,0
669,5,155,NA,NA,NA,0
670,5,155,NA,NA,NA,0
671,5,155,NA,NA,NA,0
672,5,155,NA,NA,NA,0
673,6,156,"H",NA,0,0
674,6,156,"H",244,0,0
675,6,156,"H",208,3,3
676,6,156,"E",NA,5,2
677,6,156,"H",NA,0,0
678,6,156,"H",207,3,0
679,3,157,NA,NA,NA,0
680,3,157,NA,NA,NA,0
681,3,157,NA,NA,NA,0
682,3,158,NA,NA,NA,0
683,3,158,NA,NA,NA,0
684,3,158,NA,NA,NA,0
685,3,159,"C",317,2,0
686,3,159,NA,NA,NA,0
687,3,159,NA,NA,NA,0
688,3,160,NA,NA,NA,0
689,3,160,NA,NA,NA,0
690,3,160,NA,NA,NA,0
691,5,161,NA,NA,NA,0
692,5,161,NA,NA,NA,0
693,5,161,NA,NA,NA,0
694,5,161,NA,NA,NA,0
695,5,161,NA,NA,NA,0
696,6,162,NA,NA,NA,0
697,6,162,NA,NA,NA,0
698,6,162,NA,NA,NA,0
699,6,162,NA,NA,NA,0
700,6,162,NA,NA,NA,0
701,6,162,NA,NA,NA,0
702,6,163,NA,NA,NA,0
703,6,163,NA,NA,NA,0
704,6,163,NA,NA,NA,0
705,6,163,NA,NA,NA,0
706,6,163,NA,NA,NA,0
707,6,163,NA,NA,NA,0
708,6,164,NA,NA,NA,0
709,6,164,NA,NA,NA,0
710,6,164,NA,NA,NA,0
711,6,164,NA,NA,NA,0
712,6,164,NA,NA,NA,0
713,6,164,NA,NA,NA,0
714,4,165,NA,NA,NA,0
715,4,165,NA,NA,NA,0
716,4,165,NA,NA,NA,0
717,4,165,NA,NA,NA,0
718,5,166,NA,NA,NA,0
719,5,166,NA,NA,NA,0
720,5,166,NA,NA,NA,0
721,5,166,NA,NA,NA,0
722,5,166,NA,NA,NA,0
723,5,167,NA,NA,NA,0
724,5,167,NA,NA,NA,0
725,5,167,NA,NA,NA,0
726,5,167,NA,NA,NA,0
727,5,167,NA,NA,NA,0
728,3,168,NA,NA,NA,0
729,3,168,NA,NA,NA,0
730,3,168,NA,NA,NA,0
731,6,169,NA,NA,NA,0
732,6,169,NA,NA,NA,0
733,6,169,NA,NA,NA,0
734,6,169,"E",NA,NA,0
735,6,169,NA,NA,NA,0
736,6,169,NA,NA,NA,0
737,3,170,NA,NA,NA,0
738,3,170,NA,NA,NA,0
739,3,170,NA,NA,NA,0
740,3,171,NA,NA,NA,0
741,3,171,NA,NA,NA,0
742,3,171,NA,NA,NA,0
743,4,172,NA,NA,NA,0
744,4,172,NA,NA,NA,0
745,4,172,NA,NA,NA,0
746,4,172,NA,NA,NA,0
747,6,173,NA,NA,NA,0
748,6,173,"C",325,5,0
749,6,173,NA,NA,NA,0
750,6,173,NA,NA,NA,0
751,6,173,NA,NA,NA,0
752,6,173,NA,NA,NA,0
753,5,174,"C",NA,4,1
754,5,174,NA,NA,NA,0
755,5,174,NA,NA,NA,0
756,5,174,"H",NA,3,0
757,5,174,NA,NA,NA,0
758,5,175,NA,NA,NA,0
759,5,175,NA,NA,NA,0
760,5,175,NA,NA,NA,0
761,5,175,NA,NA,NA,0
762,5,175,NA,NA,NA,0
763,4,176,NA,NA,NA,0
764,4,176,NA,NA,NA,0
765,4,176,NA,NA,NA,0
766,4,176,NA,NA,NA,0
767,5,177,NA,NA,NA,0
768,5,177,"C",NA,4,0
769,5,177,NA,NA,NA,0
770,5,177,NA,NA,NA,0
771,5,177,NA,NA,NA,0
772,6,178,NA,NA,NA,0
773,6,178,NA,NA,NA,0
774,6,178,NA,NA,NA,0
775,6,178,NA,NA,NA,0
776,6,178,NA,NA,NA,0
777,6,178,NA,NA,NA,0
778,6,179,NA,NA,NA,0
779,6,179,NA,NA,NA,0
780,6,179,NA,NA,NA,0
781,6,179,NA,NA,NA,0
782,6,179,NA,NA,NA,0
783,6,179,NA,NA,NA,0
784,5,180,NA,NA,NA,0
785,5,180,NA,NA,NA,0
786,5,180,NA,NA,NA,0
787,5,180,NA,NA,NA,0
788,5,180,NA,NA,NA,0
789,6,181,NA,NA,NA,0
790,6,181,"E",182,5,0
791,6,181,NA,NA,NA,0
792,6,181,NA,NA,NA,0
793,6,181,NA,NA,NA,0
794,6,181,NA,NA,NA,0
795,3,182,NA,NA,NA,0
796,3,182,NA,NA,NA,0
797,3,182,NA,NA,NA,0
798,5,183,NA,NA,NA,0
799,5,183,NA,NA,NA,0
800,5,183,NA,NA,NA,0
801,5,183,NA,NA,NA,0
802,5,183,NA,NA,NA,0
803,5,184,NA,NA,NA,0
804,5,184,NA,NA,NA,0
805,5,184,NA,NA,NA,0
806,5,184,NA,NA,NA,0
807,5,184,NA,NA,NA,0
808,6,185,NA,NA,NA,0
809,6,185,NA,NA,NA,0
810,6,185,NA,NA,NA,0
811,6,185,NA,NA,NA,0
812,6,185,NA,NA,NA,0
813,6,185,NA,NA,NA,0
814,5,186,NA,NA,NA,0
815,5,186,NA,NA,NA,0
816,5,186,NA,NA,NA,0
817,5,186,NA,NA,NA,0
818,5,186,NA,NA,NA,0
819,5,187,"H",248,2,1
820,5,187,"H",NA,1,0
821,5,187,"E",NA,4,2
822,5,187,"H",NA,2,0
823,5,187,NA,NA,NA,0
824,4,188,NA,NA,NA,0
825,4,188,NA,NA,NA,0
826,4,188,NA,NA,NA,0
827,4,188,NA,NA,NA,0
828,3,189,NA,NA,NA,0
829,3,189,NA,NA,NA,0
830,3,189,NA,NA,NA,0
831,6,190,NA,NA,NA,0
832,6,190,NA,NA,NA,0
833,6,190,NA,NA,NA,0
834,6,190,NA,NA,NA,0
835,6,190,NA,NA,NA,0
836,6,190,NA,NA,NA,0
837,5,191,"H",324,0,0
838,5,191,"H",NA,1,1
839,5,191,"E",NA,4,3
840,5,191,"H",NA,0,0
841,5,191,"H",NA,1,0
842,3,192,NA,NA,NA,0
843,3,192,NA,NA,NA,0
844,3,192,NA,NA,NA,0
845,3,193,NA,NA,NA,0
846,3,193,NA,NA,NA,0
847,3,193,NA,NA,NA,0
848,3,194,NA,NA,NA,0
849,3,194,"E",NA,1,0
850,3,194,"E",NA,2,0
851,6,195,NA,NA,NA,0
852,6,195,NA,NA,NA,0
853,6,195,NA,NA,NA,0
854,6,195,NA,NA,NA,0
855,6,195,NA,NA,NA,0
856,6,195,NA,NA,NA,0
857,4,196,NA,NA,NA,0
858,4,196,NA,NA,NA,0
859,4,196,NA,NA,NA,0
860,4,196,NA,NA,NA,0
861,6,197,"H",NA,4,1
862,6,197,NA,NA,NA,0
863,6,197,"H",126,3,0
864,6,197,"E",NA,5,1
865,6,197,NA,NA,NA,0
866,6,197,NA,NA,NA,0
867,6,198,NA,NA,NA,0
868,6,198,NA,NA,NA,0
869,6,198,NA,NA,NA,0
870,6,198,NA,NA,NA,0
871,6,198,NA,NA,NA,0
872,6,198,NA,NA,NA,0
873,3,199,NA,NA,NA,0
874,3,199,NA,NA,NA,0
875,3,199,NA,NA,NA,0
876,5,200,NA,NA,NA,0
877,5,200,NA,NA,NA,0
878,5,200,NA,NA,NA,0
879,5,200,NA,NA,NA,0
880,5,200,NA,NA,NA,0
881,4,201,NA,NA,NA,0
882,4,201,NA,NA,NA,0
883,4,201,NA,NA,NA,0
884,4,201,NA,NA,NA,0
885,5,202,NA,NA,NA,0
886,5,202,NA,NA,NA,0
887,5,202,NA,NA,NA,0
888,5,202,NA,NA,NA,0
889,5,202,NA,NA,NA,0
890,6,203,NA,NA,NA,0
891,6,203,NA,NA,NA,0
892,6,203,NA,NA,NA,0
893,6,203,NA,NA,NA,0
894,6,203,NA,NA,NA,0
895,6,203,NA,NA,NA,0
896,6,204,NA,NA,NA,0
897,6,204,NA,NA,NA,0
898,6,204,NA,NA,NA,0
899,6,204,NA,NA,NA,0
900,6,204,NA,NA,NA,0
901,6,204,NA,NA,NA,0
902,6,205,NA,NA,NA,0
903,6,205,NA,NA,NA,0
904,6,205,NA,NA,NA,0
905,6,205,NA,NA,NA,0
906,6,205,NA,NA,NA,0
907,6,205,NA,NA,NA,0
908,6,206,NA,NA,NA,0
909,6,206,NA,NA,NA,0
910,6,206,NA,NA,NA,0
911,6,206,NA,NA,NA,0
912,6,206,"C",NA,NA,0
913,6,206,NA,NA,NA,0
914,3,207,NA,NA,NA,0
915,3,207,NA,NA,NA,0
916,3,207,NA,NA,NA,0
917,3,208,NA,NA,NA,0
918,3,208,NA,NA,NA,0
919,3,208,NA,NA,NA,0
920,5,209,NA,NA,NA,0
921,5,209,NA,NA,NA,0
922,5,209,NA,NA,NA,0
923,5,209,NA,NA,NA,0
924,5,209,NA,NA,NA,0
925,4,210,NA,NA,NA,0
926,4,210,NA,NA,NA,0
927,4,210,NA,NA,NA,0
928,4,210,NA,NA,NA,0
929,5,211,"H",302,1,0
930,5,211,"H",316,1,1
931,5,211,"C",279,4,3
932,5,211,"H",342,0,0
933,5,211,"H",316,1,0
934,4,212,NA,NA,NA,0
935,4,212,NA,NA,NA,0
936,4,212,NA,NA,NA,0
937,4,212,NA,NA,NA,0
938,6,213,NA,NA,NA,0
939,6,213,NA,NA,NA,0
940,6,213,NA,NA,NA,0
941,6,213,NA,NA,NA,0
942,6,213,NA,NA,NA,0
943,6,213,NA,NA,NA,0
944,5,214,NA,NA,NA,0
945,5,214,NA,NA,NA,0
946,5,214,NA,NA,NA,0
947,5,214,NA,NA,NA,0
948,5,214,NA,NA,NA,0
949,5,215,NA,NA,NA,0
950,5,215,NA,NA,NA,0
951,5,215,NA,NA,NA,0
952,5,215,NA,NA,NA,0
953,5,215,NA,NA,NA,0
954,5,216,NA,NA,NA,0
955,5,216,NA,NA,NA,0
956,5,216,NA,NA,NA,0
957,5,216,NA,NA,NA,0
958,5,216,NA,NA,NA,0
959,3,217,NA,NA,NA,0
960,3,217,NA,NA,NA,0
961,3,217,NA,NA,NA,0
962,6,218,NA,NA,NA,0
963,6,218,NA,NA,NA,0
964,6,218,NA,NA,NA,0
965,6,218,NA,NA,NA,0
966,6,218,NA,NA,NA,0
967,6,218,NA,NA,NA,0
968,4,219,NA,NA,NA,0
969,4,219,NA,NA,NA,0
970,4,219,NA,NA,NA,0
971,4,219,NA,NA,NA,0
972,3,220,NA,NA,NA,0
973,3,220,NA,NA,NA,0
974,3,220,NA,NA,NA,0
975,3,221,NA,NA,NA,0
976,3,221,NA,NA,NA,0
977,3,221,NA,NA,NA,0
978,5,222,NA,NA,NA,0
979,5,222,NA,NA,NA,0
980,5,222,NA,NA,NA,0
981,5,222,NA,NA,NA,0
982,5,222,"C",259,4,0
983,6,223,NA,NA,NA,0
984,6,223,NA,NA,NA,0
985,6,223,NA,NA,NA,0
986,6,223,NA,NA,NA,0
987,6,223,NA,NA,NA,0
988,6,223,NA,NA,NA,0
989,4,224,NA,NA,NA,0
990,4,224,NA,NA,NA,0
991,4,224,NA,NA,NA,0
992,4,224,NA,NA,NA,0
993,4,225,NA,NA,NA,0
994,4,225,NA,NA,NA,0
995,4,225,NA,NA,NA,0
996,4,225,NA,NA,NA,0
997,4,226,NA,NA,NA,0
998,4,226,NA,NA,NA,0
999,4,226,NA,NA,NA,0
1000,4,226,NA,NA,NA,0
