"ID","SIZE","HH","TYPE","TIME","S_NUM","I_NUM"
1,6,1,"0",NA,5,3
2,6,1,"H",NA,2,0
3,6,1,"H",103,2,1
4,6,1,"H",NA,2,0
5,6,1,"H",129,1,1
6,6,1,"H",NA,0,0
7,6,2,NA,NA,NA,0
8,6,2,NA,NA,NA,0
9,6,2,NA,NA,NA,0
10,6,2,NA,NA,NA,0
11,6,2,NA,NA,NA,0
12,6,2,NA,NA,NA,0
13,4,3,NA,NA,NA,0
14,4,3,NA,NA,NA,0
15,4,3,NA,NA,NA,0
16,4,3,NA,NA,NA,0
17,6,4,NA,NA,NA,0
18,6,4,NA,NA,NA,0
19,6,4,NA,NA,NA,0
20,6,4,NA,NA,NA,0
21,6,4,NA,NA,NA,0
22,6,4,NA,NA,NA,0
23,5,5,NA,NA,NA,0
24,5,5,NA,NA,NA,0
25,5,5,NA,NA,NA,0
26,5,5,NA,NA,NA,0
27,5,5,NA,NA,NA,0
28,4,6,NA,NA,NA,0
29,4,6,NA,NA,NA,0
30,4,6,NA,NA,NA,0
31,4,6,NA,NA,NA,0
32,4,7,NA,NA,NA,0
33,4,7,NA,NA,NA,0
34,4,7,NA,NA,NA,0
35,4,7,NA,NA,NA,0
36,6,8,NA,NA,NA,0
37,6,8,NA,NA,NA,0
38,6,8,NA,NA,NA,0
39,6,8,NA,NA,NA,0
40,6,8,NA,NA,NA,0
41,6,8,NA,NA,NA,0
42,4,9,NA,NA,NA,0
43,4,9,NA,NA,NA,0
44,4,9,NA,NA,NA,0
45,4,9,NA,NA,NA,0
46,6,10,NA,NA,NA,0
47,6,10,NA,NA,NA,0
48,6,10,NA,NA,NA,0
49,6,10,NA,NA,NA,0
50,6,10,NA,NA,NA,0
51,6,10,NA,NA,NA,0
52,4,11,NA,NA,NA,0
53,4,11,NA,NA,NA,0
54,4,11,NA,NA,NA,0
55,4,11,NA,NA,NA,0
56,5,12,NA,NA,NA,0
57,5,12,NA,NA,NA,0
58,5,12,NA,NA,NA,0
59,5,12,NA,NA,NA,0
60,5,12,NA,NA,NA,0
61,4,13,NA,NA,NA,0
62,4,13,NA,NA,NA,0
63,4,13,NA,NA,NA,0
64,4,13,NA,NA,NA,0
65,6,14,NA,NA,NA,0
66,6,14,NA,NA,NA,0
67,6,14,NA,NA,NA,0
68,6,14,NA,NA,NA,0
69,6,14,NA,NA,NA,0
70,6,14,NA,NA,NA,0
71,5,15,NA,NA,NA,0
72,5,15,NA,NA,NA,0
73,5,15,NA,NA,NA,0
74,5,15,NA,NA,NA,0
75,5,15,NA,NA,NA,0
76,3,16,NA,NA,NA,0
77,3,16,NA,NA,NA,0
78,3,16,NA,NA,NA,0
79,5,17,NA,NA,NA,0
80,5,17,NA,NA,NA,0
81,5,17,NA,NA,NA,0
82,5,17,NA,NA,NA,0
83,5,17,NA,NA,NA,0
84,3,18,NA,NA,NA,0
85,3,18,NA,NA,NA,0
86,3,18,NA,NA,NA,0
87,3,19,NA,NA,NA,0
88,3,19,NA,NA,NA,0
89,3,19,NA,NA,NA,0
90,6,20,NA,NA,NA,0
91,6,20,NA,NA,NA,0
92,6,20,NA,NA,NA,0
93,6,20,NA,NA,NA,0
94,6,20,NA,NA,NA,0
95,6,20,NA,NA,NA,0
96,4,21,NA,NA,NA,0
97,4,21,NA,NA,NA,0
98,4,21,NA,NA,NA,0
99,4,21,NA,NA,NA,0
100,6,22,NA,NA,NA,0
101,6,22,NA,NA,NA,0
102,6,22,NA,NA,NA,0
103,6,22,NA,NA,NA,0
104,6,22,NA,NA,NA,0
105,6,22,NA,NA,NA,0
106,6,23,"H",NA,4,0
107,6,23,"C",306,5,1
108,6,23,NA,NA,NA,0
109,6,23,NA,NA,NA,0
110,6,23,NA,NA,NA,0
111,6,23,NA,NA,NA,0
112,4,24,NA,NA,NA,0
113,4,24,NA,NA,NA,0
114,4,24,NA,NA,NA,0
115,4,24,NA,NA,NA,0
116,3,25,NA,NA,NA,0
117,3,25,NA,NA,NA,0
118,3,25,NA,NA,NA,0
119,5,26,NA,NA,NA,0
120,5,26,NA,NA,NA,0
121,5,26,NA,NA,NA,0
122,5,26,NA,NA,NA,0
123,5,26,NA,NA,NA,0
124,6,27,NA,NA,NA,0
125,6,27,NA,NA,NA,0
126,6,27,NA,NA,NA,0
127,6,27,NA,NA,NA,0
128,6,27,NA,NA,NA,0
129,6,27,NA,NA,NA,0
130,3,28,NA,NA,NA,0
131,3,28,NA,NA,NA,0
132,3,28,NA,NA,NA,0
133,3,29,NA,NA,NA,0
134,3,29,NA,NA,NA,0
135,3,29,NA,NA,NA,0
136,3,30,NA,NA,NA,0
137,3,30,NA,NA,NA,0
138,3,30,NA,NA,NA,0
139,3,31,NA,NA,NA,0
140,3,31,NA,NA,NA,0
141,3,31,NA,NA,NA,0
142,5,32,NA,NA,NA,0
143,5,32,NA,NA,NA,0
144,5,32,NA,NA,NA,0
145,5,32,NA,NA,NA,0
146,5,32,NA,NA,NA,0
147,5,33,"H",337,3,2
148,5,33,"H",NA,0,0
149,5,33,"C",292,4,1
150,5,33,"H",NA,NA,0
151,5,33,"H",359,1,1
152,6,34,NA,NA,NA,0
153,6,34,NA,NA,NA,0
154,6,34,NA,NA,NA,0
155,6,34,NA,NA,NA,0
156,6,34,NA,NA,NA,0
157,6,34,NA,NA,NA,0
158,4,35,NA,NA,NA,0
159,4,35,NA,NA,NA,0
160,4,35,"C",NA,3,0
161,4,35,NA,NA,NA,0
162,3,36,NA,NA,NA,0
163,3,36,NA,NA,NA,0
164,3,36,NA,NA,NA,0
165,6,37,NA,NA,NA,0
166,6,37,NA,NA,NA,0
167,6,37,NA,NA,NA,0
168,6,37,"C",NA,NA,0
169,6,37,NA,NA,NA,0
170,6,37,NA,NA,NA,0
171,3,38,NA,NA,NA,0
172,3,38,NA,NA,NA,0
173,3,38,NA,NA,NA,0
174,4,39,NA,NA,NA,0
175,4,39,NA,NA,NA,0
176,4,39,NA,NA,NA,0
177,4,39,NA,NA,NA,0
178,5,40,NA,NA,NA,0
179,5,40,NA,NA,NA,0
180,5,40,NA,NA,NA,0
181,5,40,NA,NA,NA,0
182,5,40,NA,NA,NA,0
183,5,41,NA,NA,NA,0
184,5,41,NA,NA,NA,0
185,5,41,NA,NA,NA,0
186,5,41,NA,NA,NA,0
187,5,41,NA,NA,NA,0
188,3,42,NA,NA,NA,0
189,3,42,NA,NA,NA,0
190,3,42,NA,NA,NA,0
191,6,43,NA,NA,NA,0
192,6,43,NA,NA,NA,0
193,6,43,NA,NA,NA,0
194,6,43,NA,NA,NA,0
195,6,43,NA,NA,NA,0
196,6,43,NA,NA,NA,0
197,5,44,NA,NA,NA,0
198,5,44,NA,NA,NA,0
199,5,44,NA,NA,NA,0
200,5,44,NA,NA,NA,0
201,5,44,NA,NA,NA,0
202,3,45,NA,NA,NA,0
203,3,45,NA,NA,NA,0
204,3,45,NA,NA,NA,0
205,6,46,NA,NA,NA,0
206,6,46,NA,NA,NA,0
207,6,46,NA,NA,NA,0
208,6,46,NA,NA,NA,0
209,6,46,NA,NA,NA,0
210,6,46,NA,NA,NA,0
211,3,47,NA,NA,NA,0
212,3,47,NA,NA,NA,0
213,3,47,NA,NA,NA,0
214,3,48,NA,NA,NA,0
215,3,48,NA,NA,NA,0
216,3,48,NA,NA,NA,0
217,5,49,NA,NA,NA,0
218,5,49,NA,NA,NA,0
219,5,49,NA,NA,NA,0
220,5,49,NA,NA,NA,0
221,5,49,NA,NA,NA,0
222,4,50,NA,NA,NA,0
223,4,50,NA,NA,NA,0
224,4,50,NA,NA,NA,0
225,4,50,NA,NA,NA,0
226,6,51,NA,NA,NA,0
227,6,51,NA,NA,NA,0
228,6,51,NA,NA,NA,0
229,6,51,NA,NA,NA,0
230,6,51,NA,NA,NA,0
231,6,51,NA,NA,NA,0
232,6,52,NA,NA,NA,0
233,6,52,NA,NA,NA,0
234,6,52,NA,NA,NA,0
235,6,52,NA,NA,NA,0
236,6,52,NA,NA,NA,0
237,6,52,NA,NA,NA,0
238,3,53,NA,NA,NA,0
239,3,53,NA,NA,NA,0
240,3,53,NA,NA,NA,0
241,6,54,NA,NA,NA,0
242,6,54,NA,NA,NA,0
243,6,54,NA,NA,NA,0
244,6,54,NA,NA,NA,0
245,6,54,NA,NA,NA,0
246,6,54,NA,NA,NA,0
247,5,55,NA,NA,NA,0
248,5,55,NA,NA,NA,0
249,5,55,NA,NA,NA,0
250,5,55,NA,NA,NA,0
251,5,55,NA,NA,NA,0
252,4,56,NA,NA,NA,0
253,4,56,NA,NA,NA,0
254,4,56,NA,NA,NA,0
255,4,56,NA,NA,NA,0
256,6,57,NA,NA,NA,0
257,6,57,NA,NA,NA,0
258,6,57,NA,NA,NA,0
259,6,57,NA,NA,NA,0
260,6,57,NA,NA,NA,0
261,6,57,"C",NA,NA,0
262,3,58,NA,NA,NA,0
263,3,58,NA,NA,NA,0
264,3,58,NA,NA,NA,0
265,4,59,NA,NA,NA,0
266,4,59,NA,NA,NA,0
267,4,59,NA,NA,NA,0
268,4,59,NA,NA,NA,0
269,6,60,NA,NA,NA,0
270,6,60,NA,NA,NA,0
271,6,60,NA,NA,NA,0
272,6,60,NA,NA,NA,0
273,6,60,NA,NA,NA,0
274,6,60,NA,NA,NA,0
275,4,61,NA,NA,NA,0
276,4,61,NA,NA,NA,0
277,4,61,NA,NA,NA,0
278,4,61,NA,NA,NA,0
279,4,62,NA,NA,NA,0
280,4,62,NA,NA,NA,0
281,4,62,NA,NA,NA,0
282,4,62,NA,NA,NA,0
283,3,63,NA,NA,NA,0
284,3,63,NA,NA,NA,0
285,3,63,NA,NA,NA,0
286,3,64,NA,NA,NA,0
287,3,64,NA,NA,NA,0
288,3,64,NA,NA,NA,0
289,5,65,NA,NA,NA,0
290,5,65,NA,NA,NA,0
291,5,65,NA,NA,NA,0
292,5,65,NA,NA,NA,0
293,5,65,NA,NA,NA,0
294,4,66,NA,NA,NA,0
295,4,66,NA,NA,NA,0
296,4,66,NA,NA,NA,0
297,4,66,NA,NA,NA,0
298,3,67,NA,NA,NA,0
299,3,67,NA,NA,NA,0
300,3,67,NA,NA,NA,0
301,5,68,NA,NA,NA,0
302,5,68,NA,NA,NA,0
303,5,68,NA,NA,NA,0
304,5,68,NA,NA,NA,0
305,5,68,NA,NA,NA,0
306,3,69,NA,NA,NA,0
307,3,69,NA,NA,NA,0
308,3,69,NA,NA,NA,0
309,5,70,NA,NA,NA,0
310,5,70,NA,NA,NA,0
311,5,70,NA,NA,NA,0
312,5,70,NA,NA,NA,0
313,5,70,NA,NA,NA,0
314,5,71,NA,NA,NA,0
315,5,71,NA,NA,NA,0
316,5,71,NA,NA,NA,0
317,5,71,NA,NA,NA,0
318,5,71,NA,NA,NA,0
319,3,72,NA,NA,NA,0
320,3,72,NA,NA,NA,0
321,3,72,NA,NA,NA,0
322,4,73,NA,NA,NA,0
323,4,73,NA,NA,NA,0
324,4,73,NA,NA,NA,0
325,4,73,NA,NA,NA,0
326,4,74,NA,NA,NA,0
327,4,74,NA,NA,NA,0
328,4,74,NA,NA,NA,0
329,4,74,NA,NA,NA,0
330,3,75,NA,NA,NA,0
331,3,75,NA,NA,NA,0
332,3,75,NA,NA,NA,0
333,5,76,NA,NA,NA,0
334,5,76,NA,NA,NA,0
335,5,76,NA,NA,NA,0
336,5,76,NA,NA,NA,0
337,5,76,NA,NA,NA,0
338,5,77,NA,NA,NA,0
339,5,77,NA,NA,NA,0
340,5,77,NA,NA,NA,0
341,5,77,NA,NA,NA,0
342,5,77,NA,NA,NA,0
343,6,78,NA,NA,NA,0
344,6,78,NA,NA,NA,0
345,6,78,NA,NA,NA,0
346,6,78,NA,NA,NA,0
347,6,78,NA,NA,NA,0
348,6,78,NA,NA,NA,0
349,3,79,NA,NA,NA,0
350,3,79,NA,NA,NA,0
351,3,79,NA,NA,NA,0
352,4,80,NA,NA,NA,0
353,4,80,NA,NA,NA,0
354,4,80,NA,NA,NA,0
355,4,80,NA,NA,NA,0
356,5,81,NA,NA,NA,0
357,5,81,NA,NA,NA,0
358,5,81,NA,NA,NA,0
359,5,81,NA,NA,NA,0
360,5,81,NA,NA,NA,0
361,6,82,NA,NA,NA,0
362,6,82,NA,NA,NA,0
363,6,82,NA,NA,NA,0
364,6,82,NA,NA,NA,0
365,6,82,NA,NA,NA,0
366,6,82,NA,NA,NA,0
367,5,83,NA,NA,NA,0
368,5,83,NA,NA,NA,0
369,5,83,NA,NA,NA,0
370,5,83,NA,NA,NA,0
371,5,83,NA,NA,NA,0
372,5,84,NA,NA,NA,0
373,5,84,NA,NA,NA,0
374,5,84,"C",NA,4,1
375,5,84,"H",NA,3,0
376,5,84,NA,NA,NA,0
377,5,85,NA,NA,NA,0
378,5,85,NA,NA,NA,0
379,5,85,NA,NA,NA,0
380,5,85,NA,NA,NA,0
381,5,85,NA,NA,NA,0
382,4,86,"C",NA,3,3
383,4,86,"H",NA,0,0
384,4,86,"H",330,0,0
385,4,86,"H",NA,0,0
386,4,87,NA,NA,NA,0
387,4,87,NA,NA,NA,0
388,4,87,NA,NA,NA,0
389,4,87,NA,NA,NA,0
390,6,88,NA,NA,NA,0
391,6,88,NA,NA,NA,0
392,6,88,NA,NA,NA,0
393,6,88,NA,NA,NA,0
394,6,88,NA,NA,NA,0
395,6,88,NA,NA,NA,0
396,5,89,NA,NA,NA,0
397,5,89,NA,NA,NA,0
398,5,89,NA,NA,NA,0
399,5,89,NA,NA,NA,0
400,5,89,NA,NA,NA,0
401,5,90,NA,NA,NA,0
402,5,90,NA,NA,NA,0
403,5,90,NA,NA,NA,0
404,5,90,NA,NA,NA,0
405,5,90,NA,NA,NA,0
406,4,91,NA,NA,NA,0
407,4,91,NA,NA,NA,0
408,4,91,NA,NA,NA,0
409,4,91,NA,NA,NA,0
410,6,92,NA,NA,NA,0
411,6,92,NA,NA,NA,0
412,6,92,NA,NA,NA,0
413,6,92,NA,NA,NA,0
414,6,92,NA,NA,NA,0
415,6,92,NA,NA,NA,0
416,6,93,NA,NA,NA,0
417,6,93,NA,NA,NA,0
418,6,93,NA,NA,NA,0
419,6,93,NA,NA,NA,0
420,6,93,NA,NA,NA,0
421,6,93,NA,NA,NA,0
422,6,94,NA,NA,NA,0
423,6,94,NA,NA,NA,0
424,6,94,NA,NA,NA,0
425,6,94,NA,NA,NA,0
426,6,94,NA,NA,NA,0
427,6,94,NA,NA,NA,0
428,4,95,"H",271,2,0
429,4,95,NA,NA,NA,0
430,4,95,NA,NA,NA,0
431,4,95,"C",NA,3,1
432,4,96,NA,NA,NA,0
433,4,96,NA,NA,NA,0
434,4,96,NA,NA,NA,0
435,4,96,NA,NA,NA,0
436,3,97,NA,NA,NA,0
437,3,97,NA,NA,NA,0
438,3,97,NA,NA,NA,0
439,4,98,NA,NA,NA,0
440,4,98,NA,NA,NA,0
441,4,98,NA,NA,NA,0
442,4,98,NA,NA,NA,0
443,4,99,"C",NA,3,0
444,4,99,NA,NA,NA,0
445,4,99,NA,NA,NA,0
446,4,99,NA,NA,NA,0
447,5,100,NA,NA,NA,0
448,5,100,NA,NA,NA,0
449,5,100,NA,NA,NA,0
450,5,100,NA,NA,NA,0
451,5,100,NA,NA,NA,0
452,6,101,NA,NA,NA,0
453,6,101,NA,NA,NA,0
454,6,101,NA,NA,NA,0
455,6,101,NA,NA,NA,0
456,6,101,NA,NA,NA,0
457,6,101,NA,NA,NA,0
458,4,102,NA,NA,NA,0
459,4,102,NA,NA,NA,0
460,4,102,NA,NA,NA,0
461,4,102,NA,NA,NA,0
462,3,103,NA,NA,NA,0
463,3,103,NA,NA,NA,0
464,3,103,NA,NA,NA,0
465,3,104,NA,NA,NA,0
466,3,104,NA,NA,NA,0
467,3,104,NA,NA,NA,0
468,3,105,NA,NA,NA,0
469,3,105,NA,NA,NA,0
470,3,105,NA,NA,NA,0
471,3,106,NA,NA,NA,0
472,3,106,NA,NA,NA,0
473,3,106,NA,NA,NA,0
474,5,107,NA,NA,NA,0
475,5,107,NA,NA,NA,0
476,5,107,NA,NA,NA,0
477,5,107,NA,NA,NA,0
478,5,107,NA,NA,NA,0
479,3,108,NA,NA,NA,0
480,3,108,NA,NA,NA,0
481,3,108,NA,NA,NA,0
482,5,109,NA,NA,NA,0
483,5,109,NA,NA,NA,0
484,5,109,NA,NA,NA,0
485,5,109,NA,NA,NA,0
486,5,109,NA,NA,NA,0
487,3,110,NA,NA,NA,0
488,3,110,NA,NA,NA,0
489,3,110,NA,NA,NA,0
490,5,111,NA,NA,NA,0
491,5,111,NA,NA,NA,0
492,5,111,NA,NA,NA,0
493,5,111,NA,NA,NA,0
494,5,111,NA,NA,NA,0
495,5,112,NA,NA,NA,0
496,5,112,NA,NA,NA,0
497,5,112,NA,NA,NA,0
498,5,112,NA,NA,NA,0
499,5,112,NA,NA,NA,0
500,4,113,NA,NA,NA,0
501,4,113,NA,NA,NA,0
502,4,113,NA,NA,NA,0
503,4,113,NA,NA,NA,0
504,4,114,NA,NA,NA,0
505,4,114,NA,NA,NA,0
506,4,114,NA,NA,NA,0
507,4,114,NA,NA,NA,0
508,4,115,NA,NA,NA,0
509,4,115,NA,NA,NA,0
510,4,115,NA,NA,NA,0
511,4,115,NA,NA,NA,0
512,3,116,NA,NA,NA,0
513,3,116,NA,NA,NA,0
514,3,116,NA,NA,NA,0
515,5,117,NA,NA,NA,0
516,5,117,NA,NA,NA,0
517,5,117,NA,NA,NA,0
518,5,117,NA,NA,NA,0
519,5,117,NA,NA,NA,0
520,3,118,NA,NA,NA,0
521,3,118,NA,NA,NA,0
522,3,118,NA,NA,NA,0
523,3,119,NA,NA,NA,0
524,3,119,NA,NA,NA,0
525,3,119,NA,NA,NA,0
526,5,120,NA,NA,NA,0
527,5,120,NA,NA,NA,0
528,5,120,NA,NA,NA,0
529,5,120,NA,NA,NA,0
530,5,120,NA,NA,NA,0
531,6,121,NA,NA,NA,0
532,6,121,NA,NA,NA,0
533,6,121,NA,NA,NA,0
534,6,121,NA,NA,NA,0
535,6,121,NA,NA,NA,0
536,6,121,NA,NA,NA,0
537,5,122,NA,NA,NA,0
538,5,122,NA,NA,NA,0
539,5,122,NA,NA,NA,0
540,5,122,NA,NA,NA,0
541,5,122,NA,NA,NA,0
542,6,123,NA,NA,NA,0
543,6,123,NA,NA,NA,0
544,6,123,NA,NA,NA,0
545,6,123,NA,NA,NA,0
546,6,123,NA,NA,NA,0
547,6,123,NA,NA,NA,0
548,4,124,NA,NA,NA,0
549,4,124,NA,NA,NA,0
550,4,124,NA,NA,NA,0
551,4,124,NA,NA,NA,0
552,4,125,NA,NA,NA,0
553,4,125,NA,NA,NA,0
554,4,125,NA,NA,NA,0
555,4,125,NA,NA,NA,0
556,6,126,NA,NA,NA,0
557,6,126,NA,NA,NA,0
558,6,126,NA,NA,NA,0
559,6,126,NA,NA,NA,0
560,6,126,NA,NA,NA,0
561,6,126,NA,NA,NA,0
562,3,127,NA,NA,NA,0
563,3,127,NA,NA,NA,0
564,3,127,NA,NA,NA,0
565,3,128,NA,NA,NA,0
566,3,128,NA,NA,NA,0
567,3,128,NA,NA,NA,0
568,6,129,"H",353,1,0
569,6,129,"H",NA,2,1
570,6,129,"H",287,3,1
571,6,129,NA,NA,NA,0
572,6,129,"H",286,3,0
573,6,129,"C",270,5,2
574,6,130,NA,NA,NA,0
575,6,130,NA,NA,NA,0
576,6,130,NA,NA,NA,0
577,6,130,NA,NA,NA,0
578,6,130,NA,NA,NA,0
579,6,130,NA,NA,NA,0
580,5,131,NA,NA,NA,0
581,5,131,NA,NA,NA,0
582,5,131,NA,NA,NA,0
583,5,131,NA,NA,NA,0
584,5,131,NA,NA,NA,0
585,5,132,NA,NA,NA,0
586,5,132,NA,NA,NA,0
587,5,132,NA,NA,NA,0
588,5,132,NA,NA,NA,0
589,5,132,NA,NA,NA,0
590,5,133,NA,NA,NA,0
591,5,133,NA,NA,NA,0
592,5,133,NA,NA,NA,0
593,5,133,NA,NA,NA,0
594,5,133,NA,NA,NA,0
595,6,134,NA,NA,NA,0
596,6,134,NA,NA,NA,0
597,6,134,NA,NA,NA,0
598,6,134,NA,NA,NA,0
599,6,134,NA,NA,NA,0
600,6,134,NA,NA,NA,0
601,5,135,NA,NA,NA,0
602,5,135,NA,NA,NA,0
603,5,135,NA,NA,NA,0
604,5,135,NA,NA,NA,0
605,5,135,NA,NA,NA,0
606,4,136,NA,NA,NA,0
607,4,136,NA,NA,NA,0
608,4,136,NA,NA,NA,0
609,4,136,NA,NA,NA,0
610,6,137,NA,NA,NA,0
611,6,137,NA,NA,NA,0
612,6,137,"H",NA,4,0
613,6,137,NA,NA,NA,0
614,6,137,"C",119,5,1
615,6,137,NA,NA,NA,0
616,6,138,NA,NA,NA,0
617,6,138,NA,NA,NA,0
618,6,138,NA,NA,NA,0
619,6,138,NA,NA,NA,0
620,6,138,NA,NA,NA,0
621,6,138,NA,NA,NA,0
622,4,139,NA,NA,NA,0
623,4,139,NA,NA,NA,0
624,4,139,NA,NA,NA,0
625,4,139,NA,NA,NA,0
626,6,140,NA,NA,NA,0
627,6,140,NA,NA,NA,0
628,6,140,NA,NA,NA,0
629,6,140,NA,NA,NA,0
630,6,140,NA,NA,NA,0
631,6,140,NA,NA,NA,0
632,4,141,NA,NA,NA,0
633,4,141,NA,NA,NA,0
634,4,141,NA,NA,NA,0
635,4,141,NA,NA,NA,0
636,5,142,NA,NA,NA,0
637,5,142,NA,NA,NA,0
638,5,142,NA,NA,NA,0
639,5,142,NA,NA,NA,0
640,5,142,NA,NA,NA,0
641,4,143,NA,NA,NA,0
642,4,143,NA,NA,NA,0
643,4,143,NA,NA,NA,0
644,4,143,NA,NA,NA,0
645,4,144,NA,NA,NA,0
646,4,144,NA,NA,NA,0
647,4,144,NA,NA,NA,0
648,4,144,NA,NA,NA,0
649,3,145,NA,NA,NA,0
650,3,145,NA,NA,NA,0
651,3,145,NA,NA,NA,0
652,5,146,NA,NA,NA,0
653,5,146,NA,NA,NA,0
654,5,146,NA,NA,NA,0
655,5,146,NA,NA,NA,0
656,5,146,NA,NA,NA,0
657,6,147,NA,NA,NA,0
658,6,147,NA,NA,NA,0
659,6,147,NA,NA,NA,0
660,6,147,NA,NA,NA,0
661,6,147,NA,NA,NA,0
662,6,147,NA,NA,NA,0
663,6,148,NA,NA,NA,0
664,6,148,NA,NA,NA,0
665,6,148,NA,NA,NA,0
666,6,148,NA,NA,NA,0
667,6,148,NA,NA,NA,0
668,6,148,"C",293,5,0
669,3,149,NA,NA,NA,0
670,3,149,NA,NA,NA,0
671,3,149,NA,NA,NA,0
672,6,150,NA,NA,NA,0
673,6,150,NA,NA,NA,0
674,6,150,NA,NA,NA,0
675,6,150,NA,NA,NA,0
676,6,150,NA,NA,NA,0
677,6,150,NA,NA,NA,0
678,3,151,NA,NA,NA,0
679,3,151,NA,NA,NA,0
680,3,151,NA,NA,NA,0
681,6,152,NA,NA,NA,0
682,6,152,NA,NA,NA,0
683,6,152,NA,NA,NA,0
684,6,152,NA,NA,NA,0
685,6,152,NA,NA,NA,0
686,6,152,NA,NA,NA,0
687,5,153,NA,NA,NA,0
688,5,153,NA,NA,NA,0
689,5,153,NA,NA,NA,0
690,5,153,NA,NA,NA,0
691,5,153,NA,NA,NA,0
692,5,154,NA,NA,NA,0
693,5,154,NA,NA,NA,0
694,5,154,NA,NA,NA,0
695,5,154,NA,NA,NA,0
696,5,154,NA,NA,NA,0
697,5,155,NA,NA,NA,0
698,5,155,NA,NA,NA,0
699,5,155,NA,NA,NA,0
700,5,155,NA,NA,NA,0
701,5,155,NA,NA,NA,0
702,6,156,NA,NA,NA,0
703,6,156,NA,NA,NA,0
704,6,156,NA,NA,NA,0
705,6,156,NA,NA,NA,0
706,6,156,NA,NA,NA,0
707,6,156,NA,NA,NA,0
708,4,157,"H",NA,2,0
709,4,157,NA,NA,NA,0
710,4,157,"C",209,3,1
711,4,157,NA,NA,NA,0
712,3,158,NA,NA,NA,0
713,3,158,NA,NA,NA,0
714,3,158,NA,NA,NA,0
715,4,159,NA,NA,NA,0
716,4,159,NA,NA,NA,0
717,4,159,NA,NA,NA,0
718,4,159,NA,NA,NA,0
719,6,160,NA,NA,NA,0
720,6,160,NA,NA,NA,0
721,6,160,NA,NA,NA,0
722,6,160,NA,NA,NA,0
723,6,160,NA,NA,NA,0
724,6,160,NA,NA,NA,0
725,5,161,NA,NA,NA,0
726,5,161,"H",NA,3,1
727,5,161,"C",332,4,1
728,5,161,NA,NA,NA,0
729,5,161,"H",NA,NA,0
730,5,162,NA,NA,NA,0
731,5,162,NA,NA,NA,0
732,5,162,NA,NA,NA,0
733,5,162,NA,NA,NA,0
734,5,162,NA,NA,NA,0
735,4,163,NA,NA,NA,0
736,4,163,NA,NA,NA,0
737,4,163,NA,NA,NA,0
738,4,163,NA,NA,NA,0
739,3,164,"H",246,0,0
740,3,164,"C",NA,2,1
741,3,164,"H",224,1,1
742,4,165,NA,NA,NA,0
743,4,165,NA,NA,NA,0
744,4,165,NA,NA,NA,0
745,4,165,"C",357,3,0
746,5,166,NA,NA,NA,0
747,5,166,NA,NA,NA,0
748,5,166,NA,NA,NA,0
749,5,166,NA,NA,NA,0
750,5,166,NA,NA,NA,0
751,4,167,NA,NA,NA,0
752,4,167,NA,NA,NA,0
753,4,167,NA,NA,NA,0
754,4,167,NA,NA,NA,0
755,3,168,NA,NA,NA,0
756,3,168,NA,NA,NA,0
757,3,168,NA,NA,NA,0
758,4,169,NA,NA,NA,0
759,4,169,NA,NA,NA,0
760,4,169,"C",NA,3,1
761,4,169,"H",282,2,0
762,4,170,NA,NA,NA,0
763,4,170,NA,NA,NA,0
764,4,170,NA,NA,NA,0
765,4,170,NA,NA,NA,0
766,4,171,NA,NA,NA,0
767,4,171,NA,NA,NA,0
768,4,171,NA,NA,NA,0
769,4,171,NA,NA,NA,0
770,5,172,NA,NA,NA,0
771,5,172,NA,NA,NA,0
772,5,172,NA,NA,NA,0
773,5,172,NA,NA,NA,0
774,5,172,NA,NA,NA,0
775,6,173,NA,NA,NA,0
776,6,173,NA,NA,NA,0
777,6,173,NA,NA,NA,0
778,6,173,NA,NA,NA,0
779,6,173,NA,NA,NA,0
780,6,173,NA,NA,NA,0
781,4,174,NA,NA,NA,0
782,4,174,NA,NA,NA,0
783,4,174,NA,NA,NA,0
784,4,174,NA,NA,NA,0
785,3,175,"H",324,1,0
786,3,175,NA,NA,NA,0
787,3,175,"C",263,2,1
788,3,176,NA,NA,NA,0
789,3,176,NA,NA,NA,0
790,3,176,NA,NA,NA,0
791,6,177,NA,NA,NA,0
792,6,177,NA,NA,NA,0
793,6,177,NA,NA,NA,0
794,6,177,NA,NA,NA,0
795,6,177,NA,NA,NA,0
796,6,177,NA,NA,NA,0
797,5,178,NA,NA,NA,0
798,5,178,NA,NA,NA,0
799,5,178,NA,NA,NA,0
800,5,178,NA,NA,NA,0
801,5,178,NA,NA,NA,0
802,3,179,NA,NA,NA,0
803,3,179,NA,NA,NA,0
804,3,179,NA,NA,NA,0
805,4,180,"H",299,1,0
806,4,180,"C",263,3,2
807,4,180,NA,NA,NA,0
808,4,180,"H",288,1,0
809,6,181,NA,NA,NA,0
810,6,181,NA,NA,NA,0
811,6,181,NA,NA,NA,0
812,6,181,NA,NA,NA,0
813,6,181,NA,NA,NA,0
814,6,181,NA,NA,NA,0
815,5,182,NA,NA,NA,0
816,5,182,NA,NA,NA,0
817,5,182,NA,NA,NA,0
818,5,182,NA,NA,NA,0
819,5,182,NA,NA,NA,0
820,5,183,NA,NA,NA,0
821,5,183,NA,NA,NA,0
822,5,183,NA,NA,NA,0
823,5,183,NA,NA,NA,0
824,5,183,NA,NA,NA,0
825,4,184,NA,NA,NA,0
826,4,184,NA,NA,NA,0
827,4,184,NA,NA,NA,0
828,4,184,NA,NA,NA,0
829,6,185,NA,NA,NA,0
830,6,185,NA,NA,NA,0
831,6,185,NA,NA,NA,0
832,6,185,NA,NA,NA,0
833,6,185,NA,NA,NA,0
834,6,185,NA,NA,NA,0
835,6,186,NA,NA,NA,0
836,6,186,NA,NA,NA,0
837,6,186,NA,NA,NA,0
838,6,186,NA,NA,NA,0
839,6,186,NA,NA,NA,0
840,6,186,NA,NA,NA,0
841,6,187,NA,NA,NA,0
842,6,187,NA,NA,NA,0
843,6,187,NA,NA,NA,0
844,6,187,NA,NA,NA,0
845,6,187,NA,NA,NA,0
846,6,187,NA,NA,NA,0
847,6,188,NA,NA,NA,0
848,6,188,NA,NA,NA,0
849,6,188,NA,NA,NA,0
850,6,188,NA,NA,NA,0
851,6,188,NA,NA,NA,0
852,6,188,NA,NA,NA,0
853,4,189,NA,NA,NA,0
854,4,189,NA,NA,NA,0
855,4,189,NA,NA,NA,0
856,4,189,NA,NA,NA,0
857,4,190,NA,NA,NA,0
858,4,190,NA,NA,NA,0
859,4,190,NA,NA,NA,0
860,4,190,NA,NA,NA,0
861,4,191,NA,NA,NA,0
862,4,191,NA,NA,NA,0
863,4,191,NA,NA,NA,0
864,4,191,NA,NA,NA,0
865,3,192,NA,NA,NA,0
866,3,192,NA,NA,NA,0
867,3,192,NA,NA,NA,0
868,6,193,NA,NA,NA,0
869,6,193,NA,NA,NA,0
870,6,193,NA,NA,NA,0
871,6,193,NA,NA,NA,0
872,6,193,NA,NA,NA,0
873,6,193,NA,NA,NA,0
874,4,194,"H",294,0,0
875,4,194,"H",NA,2,2
876,4,194,"H",NA,0,0
877,4,194,"C",NA,3,1
878,4,195,NA,NA,NA,0
879,4,195,NA,NA,NA,0
880,4,195,NA,NA,NA,0
881,4,195,NA,NA,NA,0
882,3,196,NA,NA,NA,0
883,3,196,NA,NA,NA,0
884,3,196,NA,NA,NA,0
885,3,197,NA,NA,NA,0
886,3,197,NA,NA,NA,0
887,3,197,NA,NA,NA,0
888,6,198,NA,NA,NA,0
889,6,198,NA,NA,NA,0
890,6,198,NA,NA,NA,0
891,6,198,NA,NA,NA,0
892,6,198,NA,NA,NA,0
893,6,198,NA,NA,NA,0
894,4,199,NA,NA,NA,0
895,4,199,NA,NA,NA,0
896,4,199,NA,NA,NA,0
897,4,199,NA,NA,NA,0
898,4,200,NA,NA,NA,0
899,4,200,NA,NA,NA,0
900,4,200,NA,NA,NA,0
901,4,200,NA,NA,NA,0
902,6,201,NA,NA,NA,0
903,6,201,NA,NA,NA,0
904,6,201,NA,NA,NA,0
905,6,201,NA,NA,NA,0
906,6,201,NA,NA,NA,0
907,6,201,NA,NA,NA,0
908,4,202,NA,NA,NA,0
909,4,202,NA,NA,NA,0
910,4,202,NA,NA,NA,0
911,4,202,NA,NA,NA,0
912,3,203,NA,NA,NA,0
913,3,203,NA,NA,NA,0
914,3,203,NA,NA,NA,0
915,3,204,NA,NA,NA,0
916,3,204,NA,NA,NA,0
917,3,204,NA,NA,NA,0
918,3,205,NA,NA,NA,0
919,3,205,NA,NA,NA,0
920,3,205,NA,NA,NA,0
921,3,206,NA,NA,NA,0
922,3,206,NA,NA,NA,0
923,3,206,NA,NA,NA,0
924,6,207,NA,NA,NA,0
925,6,207,NA,NA,NA,0
926,6,207,NA,NA,NA,0
927,6,207,NA,NA,NA,0
928,6,207,NA,NA,NA,0
929,6,207,NA,NA,NA,0
930,4,208,NA,NA,NA,0
931,4,208,NA,NA,NA,0
932,4,208,NA,NA,NA,0
933,4,208,NA,NA,NA,0
934,4,209,NA,NA,NA,0
935,4,209,NA,NA,NA,0
936,4,209,NA,NA,NA,0
937,4,209,NA,NA,NA,0
938,3,210,NA,NA,NA,0
939,3,210,NA,NA,NA,0
940,3,210,NA,NA,NA,0
941,3,211,NA,NA,NA,0
942,3,211,NA,NA,NA,0
943,3,211,NA,NA,NA,0
944,4,212,NA,NA,NA,0
945,4,212,NA,NA,NA,0
946,4,212,NA,NA,NA,0
947,4,212,NA,NA,NA,0
948,4,213,NA,NA,NA,0
949,4,213,NA,NA,NA,0
950,4,213,NA,NA,NA,0
951,4,213,NA,NA,NA,0
952,5,214,NA,NA,NA,0
953,5,214,NA,NA,NA,0
954,5,214,"C",NA,4,0
955,5,214,NA,NA,NA,0
956,5,214,NA,NA,NA,0
957,5,215,NA,NA,NA,0
958,5,215,NA,NA,NA,0
959,5,215,NA,NA,NA,0
960,5,215,NA,NA,NA,0
961,5,215,NA,NA,NA,0
962,5,216,NA,NA,NA,0
963,5,216,NA,NA,NA,0
964,5,216,NA,NA,NA,0
965,5,216,NA,NA,NA,0
966,5,216,NA,NA,NA,0
967,6,217,NA,NA,NA,0
968,6,217,NA,NA,NA,0
969,6,217,NA,NA,NA,0
970,6,217,NA,NA,NA,0
971,6,217,NA,NA,NA,0
972,6,217,NA,NA,NA,0
973,5,218,NA,NA,NA,0
974,5,218,NA,NA,NA,0
975,5,218,NA,NA,NA,0
976,5,218,NA,NA,NA,0
977,5,218,NA,NA,NA,0
978,6,219,NA,NA,NA,0
979,6,219,NA,NA,NA,0
980,6,219,NA,NA,NA,0
981,6,219,NA,NA,NA,0
982,6,219,NA,NA,NA,0
983,6,219,NA,NA,NA,0
984,3,220,NA,NA,NA,0
985,3,220,NA,NA,NA,0
986,3,220,NA,NA,NA,0
987,5,221,NA,NA,NA,0
988,5,221,NA,NA,NA,0
989,5,221,NA,NA,NA,0
990,5,221,NA,NA,NA,0
991,5,221,NA,NA,NA,0
992,5,222,NA,NA,NA,0
993,5,222,NA,NA,NA,0
994,5,222,NA,NA,NA,0
995,5,222,NA,NA,NA,0
996,5,222,NA,NA,NA,0
997,4,223,NA,NA,NA,0
998,4,223,NA,NA,NA,0
999,4,223,NA,NA,NA,0
1000,4,223,NA,NA,NA,0
