"ID","SIZE","HH","TYPE","TIME","S_num","I_num"
1,4,1,"0",24,NA,0
2,4,1,NA,NA,NA,0
3,4,1,NA,NA,NA,0
4,4,1,NA,NA,NA,0
5,5,2,NA,NA,NA,0
6,5,2,NA,NA,NA,0
7,5,2,NA,NA,NA,0
8,5,2,NA,NA,NA,0
9,5,2,NA,NA,NA,0
10,5,3,NA,NA,NA,0
11,5,3,NA,NA,NA,0
12,5,3,NA,NA,NA,0
13,5,3,NA,NA,NA,0
14,5,3,NA,NA,NA,0
15,6,4,NA,NA,NA,0
16,6,4,NA,NA,NA,0
17,6,4,NA,NA,NA,0
18,6,4,NA,NA,NA,0
19,6,4,NA,NA,NA,0
20,6,4,NA,NA,NA,0
21,3,5,"E",134,NA,0
22,3,5,NA,NA,NA,0
23,3,5,NA,NA,NA,0
24,5,6,NA,NA,NA,0
25,5,6,NA,NA,NA,0
26,5,6,NA,NA,NA,0
27,5,6,NA,NA,NA,0
28,5,6,NA,NA,NA,0
29,6,7,NA,NA,NA,0
30,6,7,NA,NA,NA,0
31,6,7,NA,NA,NA,0
32,6,7,NA,NA,NA,0
33,6,7,NA,NA,NA,0
34,6,7,NA,NA,NA,0
35,6,8,NA,NA,NA,0
36,6,8,NA,NA,NA,0
37,6,8,NA,NA,NA,0
38,6,8,NA,NA,NA,0
39,6,8,NA,NA,NA,0
40,6,8,NA,NA,NA,0
41,3,9,NA,NA,NA,0
42,3,9,NA,NA,NA,0
43,3,9,NA,NA,NA,0
44,6,10,NA,NA,NA,0
45,6,10,NA,NA,NA,0
46,6,10,NA,NA,NA,0
47,6,10,NA,NA,NA,0
48,6,10,NA,NA,NA,0
49,6,10,NA,NA,NA,0
50,5,11,NA,NA,NA,0
51,5,11,NA,NA,NA,0
52,5,11,NA,NA,NA,0
53,5,11,"E",360,NA,0
54,5,11,NA,NA,NA,0
55,5,12,NA,NA,NA,0
56,5,12,NA,NA,NA,0
57,5,12,NA,NA,NA,0
58,5,12,NA,NA,NA,0
59,5,12,NA,NA,NA,0
60,4,13,NA,NA,NA,0
61,4,13,NA,NA,NA,0
62,4,13,NA,NA,NA,0
63,4,13,NA,NA,NA,0
64,3,14,NA,NA,NA,0
65,3,14,NA,NA,NA,0
66,3,14,NA,NA,NA,0
67,4,15,NA,NA,NA,0
68,4,15,NA,NA,NA,0
69,4,15,NA,NA,NA,0
70,4,15,"E",184,NA,0
71,5,16,NA,NA,NA,0
72,5,16,NA,NA,NA,0
73,5,16,NA,NA,NA,0
74,5,16,NA,NA,NA,0
75,5,16,NA,NA,NA,0
76,5,17,NA,NA,NA,0
77,5,17,NA,NA,NA,0
78,5,17,NA,NA,NA,0
79,5,17,NA,NA,NA,0
80,5,17,NA,NA,NA,0
81,3,18,NA,NA,NA,0
82,3,18,NA,NA,NA,0
83,3,18,NA,NA,NA,0
84,6,19,NA,NA,NA,0
85,6,19,NA,NA,NA,0
86,6,19,NA,NA,NA,0
87,6,19,NA,NA,NA,0
88,6,19,NA,NA,NA,0
89,6,19,NA,NA,NA,0
90,4,20,NA,NA,NA,0
91,4,20,NA,NA,NA,0
92,4,20,NA,NA,NA,0
93,4,20,NA,NA,NA,0
94,3,21,NA,NA,NA,0
95,3,21,NA,NA,NA,0
96,3,21,NA,NA,NA,0
97,6,22,NA,NA,NA,0
98,6,22,NA,NA,NA,0
99,6,22,NA,NA,NA,0
100,6,22,NA,NA,NA,0
101,6,22,NA,NA,NA,0
102,6,22,NA,NA,NA,0
103,6,23,"E",100,NA,0
104,6,23,NA,NA,NA,0
105,6,23,NA,NA,NA,0
106,6,23,NA,NA,NA,0
107,6,23,NA,NA,NA,0
108,6,23,NA,NA,NA,0
109,5,24,NA,NA,NA,0
110,5,24,NA,NA,NA,0
111,5,24,NA,NA,NA,0
112,5,24,NA,NA,NA,0
113,5,24,NA,NA,NA,0
114,4,25,NA,NA,NA,0
115,4,25,NA,NA,NA,0
116,4,25,NA,NA,NA,0
117,4,25,NA,NA,NA,0
118,5,26,NA,NA,NA,0
119,5,26,NA,NA,NA,0
120,5,26,NA,NA,NA,0
121,5,26,NA,NA,NA,0
122,5,26,NA,NA,NA,0
123,3,27,NA,NA,NA,0
124,3,27,NA,NA,NA,0
125,3,27,"E",337,NA,0
126,5,28,NA,NA,NA,0
127,5,28,NA,NA,NA,0
128,5,28,NA,NA,NA,0
129,5,28,NA,NA,NA,0
130,5,28,NA,NA,NA,0
131,6,29,NA,NA,NA,0
132,6,29,NA,NA,NA,0
133,6,29,NA,NA,NA,0
134,6,29,NA,NA,NA,0
135,6,29,NA,NA,NA,0
136,6,29,NA,NA,NA,0
137,3,30,NA,NA,NA,0
138,3,30,NA,NA,NA,0
139,3,30,NA,NA,NA,0
140,3,31,NA,NA,NA,0
141,3,31,NA,NA,NA,0
142,3,31,NA,NA,NA,0
143,5,32,NA,NA,NA,0
144,5,32,NA,NA,NA,0
145,5,32,NA,NA,NA,0
146,5,32,NA,NA,NA,0
147,5,32,NA,NA,NA,0
148,3,33,NA,NA,NA,0
149,3,33,NA,NA,NA,0
150,3,33,NA,NA,NA,0
151,6,34,NA,NA,NA,0
152,6,34,NA,NA,NA,0
153,6,34,NA,NA,NA,0
154,6,34,NA,NA,NA,0
155,6,34,"E",NA,NA,0
156,6,34,NA,NA,NA,0
157,3,35,NA,NA,NA,0
158,3,35,NA,NA,NA,0
159,3,35,NA,NA,NA,0
160,3,36,NA,NA,NA,0
161,3,36,NA,NA,NA,0
162,3,36,NA,NA,NA,0
163,4,37,NA,NA,NA,0
164,4,37,NA,NA,NA,0
165,4,37,NA,NA,NA,0
166,4,37,NA,NA,NA,0
167,3,38,NA,NA,NA,0
168,3,38,NA,NA,NA,0
169,3,38,NA,NA,NA,0
170,4,39,NA,NA,NA,0
171,4,39,NA,NA,NA,0
172,4,39,NA,NA,NA,0
173,4,39,NA,NA,NA,0
174,4,40,NA,NA,NA,0
175,4,40,NA,NA,NA,0
176,4,40,NA,NA,NA,0
177,4,40,NA,NA,NA,0
178,6,41,NA,NA,NA,0
179,6,41,NA,NA,NA,0
180,6,41,NA,NA,NA,0
181,6,41,NA,NA,NA,0
182,6,41,NA,NA,NA,0
183,6,41,NA,NA,NA,0
184,4,42,NA,NA,NA,0
185,4,42,NA,NA,NA,0
186,4,42,NA,NA,NA,0
187,4,42,NA,NA,NA,0
188,3,43,NA,NA,NA,0
189,3,43,NA,NA,NA,0
190,3,43,NA,NA,NA,0
191,5,44,NA,NA,NA,0
192,5,44,NA,NA,NA,0
193,5,44,NA,NA,NA,0
194,5,44,NA,NA,NA,0
195,5,44,NA,NA,NA,0
196,6,45,NA,NA,NA,0
197,6,45,NA,NA,NA,0
198,6,45,NA,NA,NA,0
199,6,45,NA,NA,NA,0
200,6,45,NA,NA,NA,0
201,6,45,NA,NA,NA,0
202,6,46,NA,NA,NA,0
203,6,46,NA,NA,NA,0
204,6,46,NA,NA,NA,0
205,6,46,NA,NA,NA,0
206,6,46,NA,NA,NA,0
207,6,46,NA,NA,NA,0
208,6,47,NA,NA,NA,0
209,6,47,NA,NA,NA,0
210,6,47,NA,NA,NA,0
211,6,47,NA,NA,NA,0
212,6,47,NA,NA,NA,0
213,6,47,NA,NA,NA,0
214,3,48,NA,NA,NA,0
215,3,48,NA,NA,NA,0
216,3,48,NA,NA,NA,0
217,4,49,NA,NA,NA,0
218,4,49,NA,NA,NA,0
219,4,49,NA,NA,NA,0
220,4,49,NA,NA,NA,0
221,6,50,NA,NA,NA,0
222,6,50,NA,NA,NA,0
223,6,50,NA,NA,NA,0
224,6,50,NA,NA,NA,0
225,6,50,"E",165,NA,0
226,6,50,NA,NA,NA,0
227,5,51,NA,NA,NA,0
228,5,51,NA,NA,NA,0
229,5,51,NA,NA,NA,0
230,5,51,NA,NA,NA,0
231,5,51,NA,NA,NA,0
232,4,52,NA,NA,NA,0
233,4,52,NA,NA,NA,0
234,4,52,NA,NA,NA,0
235,4,52,NA,NA,NA,0
236,3,53,NA,NA,NA,0
237,3,53,NA,NA,NA,0
238,3,53,NA,NA,NA,0
239,4,54,NA,NA,NA,0
240,4,54,NA,NA,NA,0
241,4,54,NA,NA,NA,0
242,4,54,NA,NA,NA,0
243,6,55,NA,NA,NA,0
244,6,55,NA,NA,NA,0
245,6,55,NA,NA,NA,0
246,6,55,NA,NA,NA,0
247,6,55,NA,NA,NA,0
248,6,55,NA,NA,NA,0
249,3,56,NA,NA,NA,0
250,3,56,NA,NA,NA,0
251,3,56,NA,NA,NA,0
252,5,57,"E",198,NA,0
253,5,57,NA,NA,NA,0
254,5,57,NA,NA,NA,0
255,5,57,NA,NA,NA,0
256,5,57,NA,NA,NA,0
257,5,58,NA,NA,NA,0
258,5,58,NA,NA,NA,0
259,5,58,NA,NA,NA,0
260,5,58,NA,NA,NA,0
261,5,58,NA,NA,NA,0
262,5,59,NA,NA,NA,0
263,5,59,NA,NA,NA,0
264,5,59,NA,NA,NA,0
265,5,59,NA,NA,NA,0
266,5,59,NA,NA,NA,0
267,5,60,NA,NA,NA,0
268,5,60,NA,NA,NA,0
269,5,60,NA,NA,NA,0
270,5,60,NA,NA,NA,0
271,5,60,NA,NA,NA,0
272,5,61,NA,NA,NA,0
273,5,61,NA,NA,NA,0
274,5,61,NA,NA,NA,0
275,5,61,NA,NA,NA,0
276,5,61,NA,NA,NA,0
277,5,62,NA,NA,NA,0
278,5,62,NA,NA,NA,0
279,5,62,NA,NA,NA,0
280,5,62,NA,NA,NA,0
281,5,62,NA,NA,NA,0
282,6,63,NA,NA,NA,0
283,6,63,NA,NA,NA,0
284,6,63,NA,NA,NA,0
285,6,63,NA,NA,NA,0
286,6,63,NA,NA,NA,0
287,6,63,NA,NA,NA,0
288,3,64,NA,NA,NA,0
289,3,64,NA,NA,NA,0
290,3,64,"E",250,NA,0
291,4,65,NA,NA,NA,0
292,4,65,NA,NA,NA,0
293,4,65,NA,NA,NA,0
294,4,65,NA,NA,NA,0
295,3,66,NA,NA,NA,0
296,3,66,NA,NA,NA,0
297,3,66,NA,NA,NA,0
298,4,67,NA,NA,NA,0
299,4,67,NA,NA,NA,0
300,4,67,NA,NA,NA,0
301,4,67,"E",111,NA,0
302,5,68,NA,NA,NA,0
303,5,68,NA,NA,NA,0
304,5,68,NA,NA,NA,0
305,5,68,NA,NA,NA,0
306,5,68,NA,NA,NA,0
307,3,69,NA,NA,NA,0
308,3,69,NA,NA,NA,0
309,3,69,NA,NA,NA,0
310,4,70,NA,NA,NA,0
311,4,70,NA,NA,NA,0
312,4,70,NA,NA,NA,0
313,4,70,NA,NA,NA,0
314,4,71,NA,NA,NA,0
315,4,71,NA,NA,NA,0
316,4,71,"E",153,NA,0
317,4,71,NA,NA,NA,0
318,4,72,NA,NA,NA,0
319,4,72,NA,NA,NA,0
320,4,72,NA,NA,NA,0
321,4,72,NA,NA,NA,0
322,6,73,NA,NA,NA,0
323,6,73,NA,NA,NA,0
324,6,73,NA,NA,NA,0
325,6,73,NA,NA,NA,0
326,6,73,NA,NA,NA,0
327,6,73,NA,NA,NA,0
328,3,74,NA,NA,NA,0
329,3,74,NA,NA,NA,0
330,3,74,NA,NA,NA,0
331,5,75,NA,NA,NA,0
332,5,75,NA,NA,NA,0
333,5,75,NA,NA,NA,0
334,5,75,NA,NA,NA,0
335,5,75,NA,NA,NA,0
336,4,76,NA,NA,NA,0
337,4,76,NA,NA,NA,0
338,4,76,NA,NA,NA,0
339,4,76,NA,NA,NA,0
340,6,77,NA,NA,NA,0
341,6,77,NA,NA,NA,0
342,6,77,NA,NA,NA,0
343,6,77,NA,NA,NA,0
344,6,77,NA,NA,NA,0
345,6,77,NA,NA,NA,0
346,4,78,NA,NA,NA,0
347,4,78,NA,NA,NA,0
348,4,78,NA,NA,NA,0
349,4,78,NA,NA,NA,0
350,5,79,NA,NA,NA,0
351,5,79,NA,NA,NA,0
352,5,79,NA,NA,NA,0
353,5,79,NA,NA,NA,0
354,5,79,NA,NA,NA,0
355,4,80,NA,NA,NA,0
356,4,80,NA,NA,NA,0
357,4,80,NA,NA,NA,0
358,4,80,NA,NA,NA,0
359,4,81,NA,NA,NA,0
360,4,81,NA,NA,NA,0
361,4,81,NA,NA,NA,0
362,4,81,NA,NA,NA,0
363,4,82,NA,NA,NA,0
364,4,82,NA,NA,NA,0
365,4,82,NA,NA,NA,0
366,4,82,NA,NA,NA,0
367,3,83,NA,NA,NA,0
368,3,83,NA,NA,NA,0
369,3,83,NA,NA,NA,0
370,6,84,NA,NA,NA,0
371,6,84,NA,NA,NA,0
372,6,84,NA,NA,NA,0
373,6,84,NA,NA,NA,0
374,6,84,NA,NA,NA,0
375,6,84,NA,NA,NA,0
376,6,85,NA,NA,NA,0
377,6,85,NA,NA,NA,0
378,6,85,NA,NA,NA,0
379,6,85,NA,NA,NA,0
380,6,85,NA,NA,NA,0
381,6,85,NA,NA,NA,0
382,3,86,NA,NA,NA,0
383,3,86,NA,NA,NA,0
384,3,86,NA,NA,NA,0
385,5,87,NA,NA,NA,0
386,5,87,NA,NA,NA,0
387,5,87,NA,NA,NA,0
388,5,87,NA,NA,NA,0
389,5,87,NA,NA,NA,0
390,5,88,NA,NA,NA,0
391,5,88,NA,NA,NA,0
392,5,88,NA,NA,NA,0
393,5,88,NA,NA,NA,0
394,5,88,NA,NA,NA,0
395,4,89,NA,NA,NA,0
396,4,89,NA,NA,NA,0
397,4,89,NA,NA,NA,0
398,4,89,NA,NA,NA,0
399,3,90,NA,NA,NA,0
400,3,90,NA,NA,NA,0
401,3,90,NA,NA,NA,0
402,4,91,NA,NA,NA,0
403,4,91,NA,NA,NA,0
404,4,91,NA,NA,NA,0
405,4,91,NA,NA,NA,0
406,4,92,NA,NA,NA,0
407,4,92,NA,NA,NA,0
408,4,92,NA,NA,NA,0
409,4,92,NA,NA,NA,0
410,6,93,NA,NA,NA,0
411,6,93,NA,NA,NA,0
412,6,93,NA,NA,NA,0
413,6,93,NA,NA,NA,0
414,6,93,NA,NA,NA,0
415,6,93,NA,NA,NA,0
416,3,94,NA,NA,NA,0
417,3,94,NA,NA,NA,0
418,3,94,NA,NA,NA,0
419,6,95,"E",84,NA,0
420,6,95,"E",216,NA,0
421,6,95,NA,NA,NA,0
422,6,95,NA,NA,NA,0
423,6,95,NA,NA,NA,0
424,6,95,"E",283,NA,0
425,5,96,NA,NA,NA,0
426,5,96,NA,NA,NA,0
427,5,96,NA,NA,NA,0
428,5,96,NA,NA,NA,0
429,5,96,NA,NA,NA,0
430,5,97,NA,NA,NA,0
431,5,97,NA,NA,NA,0
432,5,97,NA,NA,NA,0
433,5,97,NA,NA,NA,0
434,5,97,NA,NA,NA,0
435,4,98,NA,NA,NA,0
436,4,98,NA,NA,NA,0
437,4,98,NA,NA,NA,0
438,4,98,NA,NA,NA,0
439,3,99,NA,NA,NA,0
440,3,99,NA,NA,NA,0
441,3,99,NA,NA,NA,0
442,6,100,NA,NA,NA,0
443,6,100,NA,NA,NA,0
444,6,100,NA,NA,NA,0
445,6,100,NA,NA,NA,0
446,6,100,NA,NA,NA,0
447,6,100,NA,NA,NA,0
448,4,101,NA,NA,NA,0
449,4,101,NA,NA,NA,0
450,4,101,NA,NA,NA,0
451,4,101,NA,NA,NA,0
452,4,102,NA,NA,NA,0
453,4,102,NA,NA,NA,0
454,4,102,NA,NA,NA,0
455,4,102,NA,NA,NA,0
456,6,103,NA,NA,NA,0
457,6,103,NA,NA,NA,0
458,6,103,NA,NA,NA,0
459,6,103,NA,NA,NA,0
460,6,103,NA,NA,NA,0
461,6,103,NA,NA,NA,0
462,5,104,NA,NA,NA,0
463,5,104,NA,NA,NA,0
464,5,104,NA,NA,NA,0
465,5,104,NA,NA,NA,0
466,5,104,NA,NA,NA,0
467,6,105,NA,NA,NA,0
468,6,105,NA,NA,NA,0
469,6,105,NA,NA,NA,0
470,6,105,NA,NA,NA,0
471,6,105,NA,NA,NA,0
472,6,105,NA,NA,NA,0
473,6,106,NA,NA,NA,0
474,6,106,NA,NA,NA,0
475,6,106,NA,NA,NA,0
476,6,106,NA,NA,NA,0
477,6,106,NA,NA,NA,0
478,6,106,NA,NA,NA,0
479,4,107,NA,NA,NA,0
480,4,107,NA,NA,NA,0
481,4,107,"E",96,NA,0
482,4,107,NA,NA,NA,0
483,6,108,NA,NA,NA,0
484,6,108,NA,NA,NA,0
485,6,108,NA,NA,NA,0
486,6,108,NA,NA,NA,0
487,6,108,NA,NA,NA,0
488,6,108,NA,NA,NA,0
489,3,109,NA,NA,NA,0
490,3,109,NA,NA,NA,0
491,3,109,NA,NA,NA,0
492,5,110,NA,NA,NA,0
493,5,110,NA,NA,NA,0
494,5,110,NA,NA,NA,0
495,5,110,NA,NA,NA,0
496,5,110,NA,NA,NA,0
497,4,111,NA,NA,NA,0
498,4,111,NA,NA,NA,0
499,4,111,NA,NA,NA,0
500,4,111,NA,NA,NA,0
501,5,112,NA,NA,NA,0
502,5,112,NA,NA,NA,0
503,5,112,NA,NA,NA,0
504,5,112,NA,NA,NA,0
505,5,112,NA,NA,NA,0
506,6,113,NA,NA,NA,0
507,6,113,NA,NA,NA,0
508,6,113,NA,NA,NA,0
509,6,113,NA,NA,NA,0
510,6,113,NA,NA,NA,0
511,6,113,NA,NA,NA,0
512,3,114,NA,NA,NA,0
513,3,114,NA,NA,NA,0
514,3,114,NA,NA,NA,0
515,5,115,NA,NA,NA,0
516,5,115,NA,NA,NA,0
517,5,115,NA,NA,NA,0
518,5,115,NA,NA,NA,0
519,5,115,NA,NA,NA,0
520,4,116,NA,NA,NA,0
521,4,116,NA,NA,NA,0
522,4,116,"E",332,NA,0
523,4,116,NA,NA,NA,0
524,3,117,NA,NA,NA,0
525,3,117,NA,NA,NA,0
526,3,117,NA,NA,NA,0
527,4,118,NA,NA,NA,0
528,4,118,NA,NA,NA,0
529,4,118,NA,NA,NA,0
530,4,118,NA,NA,NA,0
531,3,119,NA,NA,NA,0
532,3,119,NA,NA,NA,0
533,3,119,NA,NA,NA,0
534,4,120,NA,NA,NA,0
535,4,120,NA,NA,NA,0
536,4,120,NA,NA,NA,0
537,4,120,NA,NA,NA,0
538,3,121,NA,NA,NA,0
539,3,121,NA,NA,NA,0
540,3,121,NA,NA,NA,0
541,3,122,NA,NA,NA,0
542,3,122,NA,NA,NA,0
543,3,122,NA,NA,NA,0
544,3,123,NA,NA,NA,0
545,3,123,NA,NA,NA,0
546,3,123,NA,NA,NA,0
547,4,124,NA,NA,NA,0
548,4,124,NA,NA,NA,0
549,4,124,NA,NA,NA,0
550,4,124,NA,NA,NA,0
551,4,125,NA,NA,NA,0
552,4,125,NA,NA,NA,0
553,4,125,NA,NA,NA,0
554,4,125,NA,NA,NA,0
555,6,126,NA,NA,NA,0
556,6,126,NA,NA,NA,0
557,6,126,NA,NA,NA,0
558,6,126,NA,NA,NA,0
559,6,126,NA,NA,NA,0
560,6,126,NA,NA,NA,0
561,6,127,NA,NA,NA,0
562,6,127,NA,NA,NA,0
563,6,127,NA,NA,NA,0
564,6,127,NA,NA,NA,0
565,6,127,NA,NA,NA,0
566,6,127,NA,NA,NA,0
567,6,128,NA,NA,NA,0
568,6,128,NA,NA,NA,0
569,6,128,NA,NA,NA,0
570,6,128,NA,NA,NA,0
571,6,128,NA,NA,NA,0
572,6,128,"E",220,NA,0
573,5,129,NA,NA,NA,0
574,5,129,NA,NA,NA,0
575,5,129,NA,NA,NA,0
576,5,129,NA,NA,NA,0
577,5,129,NA,NA,NA,0
578,6,130,NA,NA,NA,0
579,6,130,NA,NA,NA,0
580,6,130,NA,NA,NA,0
581,6,130,NA,NA,NA,0
582,6,130,NA,NA,NA,0
583,6,130,NA,NA,NA,0
584,6,131,NA,NA,NA,0
585,6,131,NA,NA,NA,0
586,6,131,NA,NA,NA,0
587,6,131,NA,NA,NA,0
588,6,131,NA,NA,NA,0
589,6,131,"E",300,NA,0
590,3,132,NA,NA,NA,0
591,3,132,NA,NA,NA,0
592,3,132,"E",198,NA,0
593,6,133,NA,NA,NA,0
594,6,133,NA,NA,NA,0
595,6,133,NA,NA,NA,0
596,6,133,NA,NA,NA,0
597,6,133,"E",156,NA,0
598,6,133,NA,NA,NA,0
599,6,134,NA,NA,NA,0
600,6,134,NA,NA,NA,0
601,6,134,NA,NA,NA,0
602,6,134,NA,NA,NA,0
603,6,134,"E",96,NA,0
604,6,134,NA,NA,NA,0
605,5,135,NA,NA,NA,0
606,5,135,NA,NA,NA,0
607,5,135,NA,NA,NA,0
608,5,135,NA,NA,NA,0
609,5,135,"E",91,NA,0
610,6,136,NA,NA,NA,0
611,6,136,NA,NA,NA,0
612,6,136,"E",246,NA,0
613,6,136,NA,NA,NA,0
614,6,136,NA,NA,NA,0
615,6,136,NA,NA,NA,0
616,3,137,NA,NA,NA,0
617,3,137,NA,NA,NA,0
618,3,137,NA,NA,NA,0
619,5,138,NA,NA,NA,0
620,5,138,NA,NA,NA,0
621,5,138,NA,NA,NA,0
622,5,138,NA,NA,NA,0
623,5,138,"E",365,NA,0
624,5,139,NA,NA,NA,0
625,5,139,NA,NA,NA,0
626,5,139,NA,NA,NA,0
627,5,139,NA,NA,NA,0
628,5,139,NA,NA,NA,0
629,5,140,NA,NA,NA,0
630,5,140,NA,NA,NA,0
631,5,140,NA,NA,NA,0
632,5,140,NA,NA,NA,0
633,5,140,NA,NA,NA,0
634,6,141,NA,NA,NA,0
635,6,141,NA,NA,NA,0
636,6,141,NA,NA,NA,0
637,6,141,NA,NA,NA,0
638,6,141,NA,NA,NA,0
639,6,141,NA,NA,NA,0
640,6,142,NA,NA,NA,0
641,6,142,NA,NA,NA,0
642,6,142,NA,NA,NA,0
643,6,142,NA,NA,NA,0
644,6,142,NA,NA,NA,0
645,6,142,NA,NA,NA,0
646,5,143,NA,NA,NA,0
647,5,143,NA,NA,NA,0
648,5,143,NA,NA,NA,0
649,5,143,NA,NA,NA,0
650,5,143,NA,NA,NA,0
651,5,144,NA,NA,NA,0
652,5,144,NA,NA,NA,0
653,5,144,NA,NA,NA,0
654,5,144,NA,NA,NA,0
655,5,144,NA,NA,NA,0
656,6,145,NA,NA,NA,0
657,6,145,NA,NA,NA,0
658,6,145,NA,NA,NA,0
659,6,145,NA,NA,NA,0
660,6,145,NA,NA,NA,0
661,6,145,NA,NA,NA,0
662,3,146,NA,NA,NA,0
663,3,146,NA,NA,NA,0
664,3,146,NA,NA,NA,0
665,5,147,NA,NA,NA,0
666,5,147,NA,NA,NA,0
667,5,147,NA,NA,NA,0
668,5,147,NA,NA,NA,0
669,5,147,NA,NA,NA,0
670,6,148,NA,NA,NA,0
671,6,148,NA,NA,NA,0
672,6,148,NA,NA,NA,0
673,6,148,NA,NA,NA,0
674,6,148,NA,NA,NA,0
675,6,148,NA,NA,NA,0
676,6,149,NA,NA,NA,0
677,6,149,NA,NA,NA,0
678,6,149,NA,NA,NA,0
679,6,149,NA,NA,NA,0
680,6,149,NA,NA,NA,0
681,6,149,NA,NA,NA,0
682,5,150,NA,NA,NA,0
683,5,150,NA,NA,NA,0
684,5,150,NA,NA,NA,0
685,5,150,NA,NA,NA,0
686,5,150,NA,NA,NA,0
687,4,151,NA,NA,NA,0
688,4,151,NA,NA,NA,0
689,4,151,NA,NA,NA,0
690,4,151,NA,NA,NA,0
691,3,152,NA,NA,NA,0
692,3,152,NA,NA,NA,0
693,3,152,NA,NA,NA,0
694,6,153,NA,NA,NA,0
695,6,153,NA,NA,NA,0
696,6,153,NA,NA,NA,0
697,6,153,NA,NA,NA,0
698,6,153,NA,NA,NA,0
699,6,153,NA,NA,NA,0
700,6,154,NA,NA,NA,0
701,6,154,NA,NA,NA,0
702,6,154,NA,NA,NA,0
703,6,154,NA,NA,NA,0
704,6,154,NA,NA,NA,0
705,6,154,NA,NA,NA,0
706,4,155,NA,NA,NA,0
707,4,155,NA,NA,NA,0
708,4,155,NA,NA,NA,0
709,4,155,NA,NA,NA,0
710,4,156,NA,NA,NA,0
711,4,156,NA,NA,NA,0
712,4,156,NA,NA,NA,0
713,4,156,NA,NA,NA,0
714,5,157,NA,NA,NA,0
715,5,157,NA,NA,NA,0
716,5,157,NA,NA,NA,0
717,5,157,NA,NA,NA,0
718,5,157,NA,NA,NA,0
719,6,158,NA,NA,NA,0
720,6,158,NA,NA,NA,0
721,6,158,NA,NA,NA,0
722,6,158,NA,NA,NA,0
723,6,158,NA,NA,NA,0
724,6,158,NA,NA,NA,0
725,5,159,NA,NA,NA,0
726,5,159,NA,NA,NA,0
727,5,159,NA,NA,NA,0
728,5,159,NA,NA,NA,0
729,5,159,NA,NA,NA,0
730,5,160,NA,NA,NA,0
731,5,160,NA,NA,NA,0
732,5,160,NA,NA,NA,0
733,5,160,NA,NA,NA,0
734,5,160,NA,NA,NA,0
735,6,161,NA,NA,NA,0
736,6,161,NA,NA,NA,0
737,6,161,NA,NA,NA,0
738,6,161,NA,NA,NA,0
739,6,161,NA,NA,NA,0
740,6,161,NA,NA,NA,0
741,3,162,NA,NA,NA,0
742,3,162,NA,NA,NA,0
743,3,162,NA,NA,NA,0
744,3,163,NA,NA,NA,0
745,3,163,NA,NA,NA,0
746,3,163,NA,NA,NA,0
747,3,164,NA,NA,NA,0
748,3,164,NA,NA,NA,0
749,3,164,NA,NA,NA,0
750,4,165,NA,NA,NA,0
751,4,165,NA,NA,NA,0
752,4,165,NA,NA,NA,0
753,4,165,NA,NA,NA,0
754,6,166,NA,NA,NA,0
755,6,166,NA,NA,NA,0
756,6,166,NA,NA,NA,0
757,6,166,NA,NA,NA,0
758,6,166,NA,NA,NA,0
759,6,166,NA,NA,NA,0
760,3,167,NA,NA,NA,0
761,3,167,"E",153,NA,0
762,3,167,NA,NA,NA,0
763,3,168,NA,NA,NA,0
764,3,168,NA,NA,NA,0
765,3,168,NA,NA,NA,0
766,3,169,NA,NA,NA,0
767,3,169,NA,NA,NA,0
768,3,169,NA,NA,NA,0
769,5,170,NA,NA,NA,0
770,5,170,NA,NA,NA,0
771,5,170,NA,NA,NA,0
772,5,170,NA,NA,NA,0
773,5,170,NA,NA,NA,0
774,6,171,NA,NA,NA,0
775,6,171,NA,NA,NA,0
776,6,171,NA,NA,NA,0
777,6,171,NA,NA,NA,0
778,6,171,NA,NA,NA,0
779,6,171,NA,NA,NA,0
780,5,172,NA,NA,NA,0
781,5,172,NA,NA,NA,0
782,5,172,NA,NA,NA,0
783,5,172,NA,NA,NA,0
784,5,172,NA,NA,NA,0
785,3,173,NA,NA,NA,0
786,3,173,NA,NA,NA,0
787,3,173,NA,NA,NA,0
788,4,174,NA,NA,NA,0
789,4,174,NA,NA,NA,0
790,4,174,NA,NA,NA,0
791,4,174,NA,NA,NA,0
792,5,175,NA,NA,NA,0
793,5,175,NA,NA,NA,0
794,5,175,NA,NA,NA,0
795,5,175,NA,NA,NA,0
796,5,175,NA,NA,NA,0
797,6,176,NA,NA,NA,0
798,6,176,NA,NA,NA,0
799,6,176,NA,NA,NA,0
800,6,176,NA,NA,NA,0
801,6,176,NA,NA,NA,0
802,6,176,NA,NA,NA,0
803,6,177,NA,NA,NA,0
804,6,177,NA,NA,NA,0
805,6,177,NA,NA,NA,0
806,6,177,NA,NA,NA,0
807,6,177,NA,NA,NA,0
808,6,177,NA,NA,NA,0
809,4,178,NA,NA,NA,0
810,4,178,NA,NA,NA,0
811,4,178,NA,NA,NA,0
812,4,178,NA,NA,NA,0
813,6,179,NA,NA,NA,0
814,6,179,NA,NA,NA,0
815,6,179,NA,NA,NA,0
816,6,179,NA,NA,NA,0
817,6,179,NA,NA,NA,0
818,6,179,NA,NA,NA,0
819,5,180,NA,NA,NA,0
820,5,180,NA,NA,NA,0
821,5,180,NA,NA,NA,0
822,5,180,NA,NA,NA,0
823,5,180,NA,NA,NA,0
824,5,181,NA,NA,NA,0
825,5,181,NA,NA,NA,0
826,5,181,NA,NA,NA,0
827,5,181,NA,NA,NA,0
828,5,181,NA,NA,NA,0
829,4,182,NA,NA,NA,0
830,4,182,NA,NA,NA,0
831,4,182,NA,NA,NA,0
832,4,182,NA,NA,NA,0
833,6,183,NA,NA,NA,0
834,6,183,NA,NA,NA,0
835,6,183,NA,NA,NA,0
836,6,183,NA,NA,NA,0
837,6,183,NA,NA,NA,0
838,6,183,NA,NA,NA,0
839,3,184,NA,NA,NA,0
840,3,184,NA,NA,NA,0
841,3,184,NA,NA,NA,0
842,6,185,NA,NA,NA,0
843,6,185,NA,NA,NA,0
844,6,185,NA,NA,NA,0
845,6,185,NA,NA,NA,0
846,6,185,NA,NA,NA,0
847,6,185,NA,NA,NA,0
848,5,186,NA,NA,NA,0
849,5,186,NA,NA,NA,0
850,5,186,NA,NA,NA,0
851,5,186,NA,NA,NA,0
852,5,186,NA,NA,NA,0
853,3,187,NA,NA,NA,0
854,3,187,NA,NA,NA,0
855,3,187,NA,NA,NA,0
856,3,188,NA,NA,NA,0
857,3,188,NA,NA,NA,0
858,3,188,NA,NA,NA,0
859,6,189,NA,NA,NA,0
860,6,189,NA,NA,NA,0
861,6,189,NA,NA,NA,0
862,6,189,NA,NA,NA,0
863,6,189,NA,NA,NA,0
864,6,189,NA,NA,NA,0
865,4,190,"E",294,NA,0
866,4,190,NA,NA,NA,0
867,4,190,NA,NA,NA,0
868,4,190,NA,NA,NA,0
869,4,191,NA,NA,NA,0
870,4,191,NA,NA,NA,0
871,4,191,NA,NA,NA,0
872,4,191,NA,NA,NA,0
873,6,192,NA,NA,NA,0
874,6,192,NA,NA,NA,0
875,6,192,NA,NA,NA,0
876,6,192,NA,NA,NA,0
877,6,192,NA,NA,NA,0
878,6,192,NA,NA,NA,0
879,5,193,NA,NA,NA,0
880,5,193,NA,NA,NA,0
881,5,193,NA,NA,NA,0
882,5,193,NA,NA,NA,0
883,5,193,NA,NA,NA,0
884,4,194,NA,NA,NA,0
885,4,194,NA,NA,NA,0
886,4,194,NA,NA,NA,0
887,4,194,NA,NA,NA,0
888,4,195,NA,NA,NA,0
889,4,195,NA,NA,NA,0
890,4,195,NA,NA,NA,0
891,4,195,NA,NA,NA,0
892,4,196,NA,NA,NA,0
893,4,196,NA,NA,NA,0
894,4,196,NA,NA,NA,0
895,4,196,NA,NA,NA,0
896,3,197,NA,NA,NA,0
897,3,197,NA,NA,NA,0
898,3,197,"E",356,NA,0
899,6,198,NA,NA,NA,0
900,6,198,NA,NA,NA,0
901,6,198,NA,NA,NA,0
902,6,198,NA,NA,NA,0
903,6,198,NA,NA,NA,0
904,6,198,NA,NA,NA,0
905,3,199,NA,NA,NA,0
906,3,199,NA,NA,NA,0
907,3,199,NA,NA,NA,0
908,5,200,"E",NA,NA,0
909,5,200,NA,NA,NA,0
910,5,200,NA,NA,NA,0
911,5,200,NA,NA,NA,0
912,5,200,NA,NA,NA,0
913,6,201,"E",NA,NA,0
914,6,201,NA,NA,NA,0
915,6,201,NA,NA,NA,0
916,6,201,NA,NA,NA,0
917,6,201,NA,NA,NA,0
918,6,201,NA,NA,NA,0
919,3,202,NA,NA,NA,0
920,3,202,NA,NA,NA,0
921,3,202,NA,NA,NA,0
922,6,203,NA,NA,NA,0
923,6,203,NA,NA,NA,0
924,6,203,NA,NA,NA,0
925,6,203,NA,NA,NA,0
926,6,203,NA,NA,NA,0
927,6,203,NA,NA,NA,0
928,4,204,NA,NA,NA,0
929,4,204,NA,NA,NA,0
930,4,204,NA,NA,NA,0
931,4,204,NA,NA,NA,0
932,6,205,NA,NA,NA,0
933,6,205,NA,NA,NA,0
934,6,205,NA,NA,NA,0
935,6,205,NA,NA,NA,0
936,6,205,NA,NA,NA,0
937,6,205,NA,NA,NA,0
938,4,206,NA,NA,NA,0
939,4,206,NA,NA,NA,0
940,4,206,NA,NA,NA,0
941,4,206,NA,NA,NA,0
942,5,207,NA,NA,NA,0
943,5,207,NA,NA,NA,0
944,5,207,NA,NA,NA,0
945,5,207,NA,NA,NA,0
946,5,207,NA,NA,NA,0
947,3,208,"E",304,NA,0
948,3,208,"E",315,NA,0
949,3,208,NA,NA,NA,0
950,6,209,NA,NA,NA,0
951,6,209,NA,NA,NA,0
952,6,209,NA,NA,NA,0
953,6,209,NA,NA,NA,0
954,6,209,NA,NA,NA,0
955,6,209,"E",169,NA,0
956,6,210,NA,NA,NA,0
957,6,210,NA,NA,NA,0
958,6,210,NA,NA,NA,0
959,6,210,NA,NA,NA,0
960,6,210,NA,NA,NA,0
961,6,210,NA,NA,NA,0
962,4,211,NA,NA,NA,0
963,4,211,NA,NA,NA,0
964,4,211,NA,NA,NA,0
965,4,211,NA,NA,NA,0
966,6,212,NA,NA,NA,0
967,6,212,NA,NA,NA,0
968,6,212,NA,NA,NA,0
969,6,212,NA,NA,NA,0
970,6,212,NA,NA,NA,0
971,6,212,NA,NA,NA,0
972,4,213,NA,NA,NA,0
973,4,213,NA,NA,NA,0
974,4,213,NA,NA,NA,0
975,4,213,NA,NA,NA,0
976,5,214,NA,NA,NA,0
977,5,214,NA,NA,NA,0
978,5,214,NA,NA,NA,0
979,5,214,NA,NA,NA,0
980,5,214,NA,NA,NA,0
981,5,215,NA,NA,NA,0
982,5,215,NA,NA,NA,0
983,5,215,NA,NA,NA,0
984,5,215,NA,NA,NA,0
985,5,215,NA,NA,NA,0
986,3,216,NA,NA,NA,0
987,3,216,NA,NA,NA,0
988,3,216,NA,NA,NA,0
989,3,217,NA,NA,NA,0
990,3,217,NA,NA,NA,0
991,3,217,NA,NA,NA,0
992,3,218,NA,NA,NA,0
993,3,218,NA,NA,NA,0
994,3,218,NA,NA,NA,0
995,6,219,NA,NA,NA,0
996,6,219,NA,NA,NA,0
997,6,219,NA,NA,NA,0
998,6,219,NA,NA,NA,0
999,6,219,NA,NA,NA,0
1000,6,219,NA,NA,NA,0
