"ID","SIZE","HH","TYPE","TIME","S_num","I_num"
1,4,1,"0",18,NA,0
2,4,1,NA,NA,NA,0
3,4,1,NA,NA,NA,0
4,4,1,NA,NA,NA,0
5,5,2,NA,NA,NA,0
6,5,2,NA,NA,NA,0
7,5,2,NA,NA,NA,0
8,5,2,NA,NA,NA,0
9,5,2,NA,NA,NA,0
10,4,3,NA,NA,NA,0
11,4,3,NA,NA,NA,0
12,4,3,NA,NA,NA,0
13,4,3,NA,NA,NA,0
14,5,4,NA,NA,NA,0
15,5,4,NA,NA,NA,0
16,5,4,NA,NA,NA,0
17,5,4,NA,NA,NA,0
18,5,4,NA,NA,NA,0
19,4,5,NA,NA,NA,0
20,4,5,NA,NA,NA,0
21,4,5,NA,NA,NA,0
22,4,5,NA,NA,NA,0
23,6,6,NA,NA,NA,0
24,6,6,NA,NA,NA,0
25,6,6,NA,NA,NA,0
26,6,6,NA,NA,NA,0
27,6,6,NA,NA,NA,0
28,6,6,NA,NA,NA,0
29,6,7,NA,NA,NA,0
30,6,7,NA,NA,NA,0
31,6,7,NA,NA,NA,0
32,6,7,NA,NA,NA,0
33,6,7,NA,NA,NA,0
34,6,7,NA,NA,NA,0
35,4,8,NA,NA,NA,0
36,4,8,NA,NA,NA,0
37,4,8,NA,NA,NA,0
38,4,8,NA,NA,NA,0
39,3,9,NA,NA,NA,0
40,3,9,NA,NA,NA,0
41,3,9,NA,NA,NA,0
42,4,10,NA,NA,NA,0
43,4,10,NA,NA,NA,0
44,4,10,NA,NA,NA,0
45,4,10,NA,NA,NA,0
46,5,11,NA,NA,NA,0
47,5,11,NA,NA,NA,0
48,5,11,NA,NA,NA,0
49,5,11,NA,NA,NA,0
50,5,11,NA,NA,NA,0
51,6,12,NA,NA,NA,0
52,6,12,NA,NA,NA,0
53,6,12,NA,NA,NA,0
54,6,12,NA,NA,NA,0
55,6,12,NA,NA,NA,0
56,6,12,NA,NA,NA,0
57,5,13,NA,NA,NA,0
58,5,13,NA,NA,NA,0
59,5,13,NA,NA,NA,0
60,5,13,NA,NA,NA,0
61,5,13,NA,NA,NA,0
62,3,14,NA,NA,NA,0
63,3,14,NA,NA,NA,0
64,3,14,NA,NA,NA,0
65,4,15,NA,NA,NA,0
66,4,15,NA,NA,NA,0
67,4,15,NA,NA,NA,0
68,4,15,NA,NA,NA,0
69,5,16,NA,NA,NA,0
70,5,16,NA,NA,NA,0
71,5,16,NA,NA,NA,0
72,5,16,NA,NA,NA,0
73,5,16,NA,NA,NA,0
74,4,17,NA,NA,NA,0
75,4,17,NA,NA,NA,0
76,4,17,NA,NA,NA,0
77,4,17,NA,NA,NA,0
78,5,18,NA,NA,NA,0
79,5,18,NA,NA,NA,0
80,5,18,NA,NA,NA,0
81,5,18,NA,NA,NA,0
82,5,18,NA,NA,NA,0
83,6,19,NA,NA,NA,0
84,6,19,NA,NA,NA,0
85,6,19,NA,NA,NA,0
86,6,19,NA,NA,NA,0
87,6,19,NA,NA,NA,0
88,6,19,NA,NA,NA,0
89,5,20,NA,NA,NA,0
90,5,20,NA,NA,NA,0
91,5,20,NA,NA,NA,0
92,5,20,NA,NA,NA,0
93,5,20,NA,NA,NA,0
94,4,21,NA,NA,NA,0
95,4,21,NA,NA,NA,0
96,4,21,NA,NA,NA,0
97,4,21,NA,NA,NA,0
98,5,22,NA,NA,NA,0
99,5,22,NA,NA,NA,0
100,5,22,NA,NA,NA,0
101,5,22,NA,NA,NA,0
102,5,22,NA,NA,NA,0
103,5,23,NA,NA,NA,0
104,5,23,NA,NA,NA,0
105,5,23,NA,NA,NA,0
106,5,23,NA,NA,NA,0
107,5,23,NA,NA,NA,0
108,3,24,NA,NA,NA,0
109,3,24,NA,NA,NA,0
110,3,24,NA,NA,NA,0
111,5,25,NA,NA,NA,0
112,5,25,NA,NA,NA,0
113,5,25,NA,NA,NA,0
114,5,25,NA,NA,NA,0
115,5,25,NA,NA,NA,0
116,3,26,NA,NA,NA,0
117,3,26,NA,NA,NA,0
118,3,26,NA,NA,NA,0
119,5,27,NA,NA,NA,0
120,5,27,NA,NA,NA,0
121,5,27,NA,NA,NA,0
122,5,27,NA,NA,NA,0
123,5,27,NA,NA,NA,0
124,4,28,NA,NA,NA,0
125,4,28,NA,NA,NA,0
126,4,28,NA,NA,NA,0
127,4,28,NA,NA,NA,0
128,4,29,NA,NA,NA,0
129,4,29,NA,NA,NA,0
130,4,29,NA,NA,NA,0
131,4,29,NA,NA,NA,0
132,3,30,NA,NA,NA,0
133,3,30,NA,NA,NA,0
134,3,30,NA,NA,NA,0
135,5,31,NA,NA,NA,0
136,5,31,NA,NA,NA,0
137,5,31,NA,NA,NA,0
138,5,31,NA,NA,NA,0
139,5,31,NA,NA,NA,0
140,4,32,NA,NA,NA,0
141,4,32,NA,NA,NA,0
142,4,32,NA,NA,NA,0
143,4,32,NA,NA,NA,0
144,6,33,NA,NA,NA,0
145,6,33,NA,NA,NA,0
146,6,33,NA,NA,NA,0
147,6,33,NA,NA,NA,0
148,6,33,NA,NA,NA,0
149,6,33,"E",285,NA,0
150,4,34,NA,NA,NA,0
151,4,34,NA,NA,NA,0
152,4,34,NA,NA,NA,0
153,4,34,NA,NA,NA,0
154,4,35,NA,NA,NA,0
155,4,35,NA,NA,NA,0
156,4,35,NA,NA,NA,0
157,4,35,NA,NA,NA,0
158,6,36,NA,NA,NA,0
159,6,36,NA,NA,NA,0
160,6,36,NA,NA,NA,0
161,6,36,NA,NA,NA,0
162,6,36,NA,NA,NA,0
163,6,36,NA,NA,NA,0
164,3,37,"E",NA,NA,0
165,3,37,NA,NA,NA,0
166,3,37,NA,NA,NA,0
167,5,38,NA,NA,NA,0
168,5,38,NA,NA,NA,0
169,5,38,NA,NA,NA,0
170,5,38,NA,NA,NA,0
171,5,38,NA,NA,NA,0
172,5,39,NA,NA,NA,0
173,5,39,NA,NA,NA,0
174,5,39,NA,NA,NA,0
175,5,39,NA,NA,NA,0
176,5,39,"E",264,NA,0
177,4,40,NA,NA,NA,0
178,4,40,NA,NA,NA,0
179,4,40,NA,NA,NA,0
180,4,40,NA,NA,NA,0
181,3,41,NA,NA,NA,0
182,3,41,NA,NA,NA,0
183,3,41,NA,NA,NA,0
184,3,42,"E",243,NA,0
185,3,42,NA,NA,NA,0
186,3,42,NA,NA,NA,0
187,4,43,"E",204,NA,0
188,4,43,NA,NA,NA,0
189,4,43,NA,NA,NA,0
190,4,43,NA,NA,NA,0
191,5,44,NA,NA,NA,0
192,5,44,NA,NA,NA,0
193,5,44,NA,NA,NA,0
194,5,44,NA,NA,NA,0
195,5,44,NA,NA,NA,0
196,4,45,NA,NA,NA,0
197,4,45,NA,NA,NA,0
198,4,45,NA,NA,NA,0
199,4,45,NA,NA,NA,0
200,3,46,"E",322,NA,0
201,3,46,NA,NA,NA,0
202,3,46,NA,NA,NA,0
203,5,47,NA,NA,NA,0
204,5,47,NA,NA,NA,0
205,5,47,NA,NA,NA,0
206,5,47,NA,NA,NA,0
207,5,47,NA,NA,NA,0
208,6,48,NA,NA,NA,0
209,6,48,NA,NA,NA,0
210,6,48,NA,NA,NA,0
211,6,48,NA,NA,NA,0
212,6,48,NA,NA,NA,0
213,6,48,NA,NA,NA,0
214,4,49,NA,NA,NA,0
215,4,49,"E",88,NA,0
216,4,49,NA,NA,NA,0
217,4,49,NA,NA,NA,0
218,4,50,"E",356,NA,0
219,4,50,NA,NA,NA,0
220,4,50,NA,NA,NA,0
221,4,50,NA,NA,NA,0
222,6,51,NA,NA,NA,0
223,6,51,NA,NA,NA,0
224,6,51,NA,NA,NA,0
225,6,51,NA,NA,NA,0
226,6,51,NA,NA,NA,0
227,6,51,NA,NA,NA,0
228,4,52,NA,NA,NA,0
229,4,52,NA,NA,NA,0
230,4,52,"E",81,NA,0
231,4,52,NA,NA,NA,0
232,3,53,NA,NA,NA,0
233,3,53,NA,NA,NA,0
234,3,53,NA,NA,NA,0
235,4,54,NA,NA,NA,0
236,4,54,NA,NA,NA,0
237,4,54,NA,NA,NA,0
238,4,54,NA,NA,NA,0
239,5,55,NA,NA,NA,0
240,5,55,NA,NA,NA,0
241,5,55,NA,NA,NA,0
242,5,55,NA,NA,NA,0
243,5,55,NA,NA,NA,0
244,6,56,NA,NA,NA,0
245,6,56,NA,NA,NA,0
246,6,56,NA,NA,NA,0
247,6,56,"E",72,NA,0
248,6,56,NA,NA,NA,0
249,6,56,NA,NA,NA,0
250,3,57,NA,NA,NA,0
251,3,57,NA,NA,NA,0
252,3,57,NA,NA,NA,0
253,5,58,NA,NA,NA,0
254,5,58,NA,NA,NA,0
255,5,58,NA,NA,NA,0
256,5,58,NA,NA,NA,0
257,5,58,NA,NA,NA,0
258,5,59,NA,NA,NA,0
259,5,59,NA,NA,NA,0
260,5,59,NA,NA,NA,0
261,5,59,NA,NA,NA,0
262,5,59,NA,NA,NA,0
263,4,60,NA,NA,NA,0
264,4,60,NA,NA,NA,0
265,4,60,NA,NA,NA,0
266,4,60,NA,NA,NA,0
267,4,61,NA,NA,NA,0
268,4,61,NA,NA,NA,0
269,4,61,NA,NA,NA,0
270,4,61,NA,NA,NA,0
271,3,62,NA,NA,NA,0
272,3,62,NA,NA,NA,0
273,3,62,NA,NA,NA,0
274,3,63,NA,NA,NA,0
275,3,63,NA,NA,NA,0
276,3,63,NA,NA,NA,0
277,4,64,NA,NA,NA,0
278,4,64,NA,NA,NA,0
279,4,64,NA,NA,NA,0
280,4,64,NA,NA,NA,0
281,4,65,NA,NA,NA,0
282,4,65,"E",161,NA,0
283,4,65,NA,NA,NA,0
284,4,65,NA,NA,NA,0
285,5,66,NA,NA,NA,0
286,5,66,NA,NA,NA,0
287,5,66,NA,NA,NA,0
288,5,66,NA,NA,NA,0
289,5,66,NA,NA,NA,0
290,3,67,NA,NA,NA,0
291,3,67,NA,NA,NA,0
292,3,67,NA,NA,NA,0
293,4,68,NA,NA,NA,0
294,4,68,NA,NA,NA,0
295,4,68,NA,NA,NA,0
296,4,68,NA,NA,NA,0
297,4,69,NA,NA,NA,0
298,4,69,NA,NA,NA,0
299,4,69,NA,NA,NA,0
300,4,69,NA,NA,NA,0
301,3,70,NA,NA,NA,0
302,3,70,NA,NA,NA,0
303,3,70,NA,NA,NA,0
304,5,71,NA,NA,NA,0
305,5,71,NA,NA,NA,0
306,5,71,NA,NA,NA,0
307,5,71,NA,NA,NA,0
308,5,71,NA,NA,NA,0
309,4,72,NA,NA,NA,0
310,4,72,NA,NA,NA,0
311,4,72,NA,NA,NA,0
312,4,72,NA,NA,NA,0
313,3,73,NA,NA,NA,0
314,3,73,NA,NA,NA,0
315,3,73,NA,NA,NA,0
316,4,74,NA,NA,NA,0
317,4,74,NA,NA,NA,0
318,4,74,NA,NA,NA,0
319,4,74,NA,NA,NA,0
320,3,75,NA,NA,NA,0
321,3,75,NA,NA,NA,0
322,3,75,NA,NA,NA,0
323,4,76,NA,NA,NA,0
324,4,76,NA,NA,NA,0
325,4,76,NA,NA,NA,0
326,4,76,NA,NA,NA,0
327,5,77,NA,NA,NA,0
328,5,77,NA,NA,NA,0
329,5,77,NA,NA,NA,0
330,5,77,NA,NA,NA,0
331,5,77,NA,NA,NA,0
332,6,78,NA,NA,NA,0
333,6,78,NA,NA,NA,0
334,6,78,NA,NA,NA,0
335,6,78,NA,NA,NA,0
336,6,78,NA,NA,NA,0
337,6,78,NA,NA,NA,0
338,5,79,NA,NA,NA,0
339,5,79,NA,NA,NA,0
340,5,79,NA,NA,NA,0
341,5,79,NA,NA,NA,0
342,5,79,NA,NA,NA,0
343,3,80,NA,NA,NA,0
344,3,80,NA,NA,NA,0
345,3,80,NA,NA,NA,0
346,4,81,NA,NA,NA,0
347,4,81,NA,NA,NA,0
348,4,81,NA,NA,NA,0
349,4,81,NA,NA,NA,0
350,5,82,NA,NA,NA,0
351,5,82,NA,NA,NA,0
352,5,82,NA,NA,NA,0
353,5,82,NA,NA,NA,0
354,5,82,NA,NA,NA,0
355,5,83,NA,NA,NA,0
356,5,83,NA,NA,NA,0
357,5,83,NA,NA,NA,0
358,5,83,NA,NA,NA,0
359,5,83,NA,NA,NA,0
360,3,84,NA,NA,NA,0
361,3,84,NA,NA,NA,0
362,3,84,NA,NA,NA,0
363,5,85,NA,NA,NA,0
364,5,85,NA,NA,NA,0
365,5,85,NA,NA,NA,0
366,5,85,NA,NA,NA,0
367,5,85,NA,NA,NA,0
368,5,86,NA,NA,NA,0
369,5,86,NA,NA,NA,0
370,5,86,NA,NA,NA,0
371,5,86,NA,NA,NA,0
372,5,86,NA,NA,NA,0
373,5,87,NA,NA,NA,0
374,5,87,NA,NA,NA,0
375,5,87,NA,NA,NA,0
376,5,87,NA,NA,NA,0
377,5,87,NA,NA,NA,0
378,5,88,NA,NA,NA,0
379,5,88,NA,NA,NA,0
380,5,88,NA,NA,NA,0
381,5,88,NA,NA,NA,0
382,5,88,NA,NA,NA,0
383,5,89,NA,NA,NA,0
384,5,89,NA,NA,NA,0
385,5,89,NA,NA,NA,0
386,5,89,NA,NA,NA,0
387,5,89,NA,NA,NA,0
388,4,90,NA,NA,NA,0
389,4,90,NA,NA,NA,0
390,4,90,NA,NA,NA,0
391,4,90,NA,NA,NA,0
392,4,91,NA,NA,NA,0
393,4,91,NA,NA,NA,0
394,4,91,NA,NA,NA,0
395,4,91,NA,NA,NA,0
396,6,92,NA,NA,NA,0
397,6,92,NA,NA,NA,0
398,6,92,NA,NA,NA,0
399,6,92,NA,NA,NA,0
400,6,92,NA,NA,NA,0
401,6,92,NA,NA,NA,0
402,5,93,NA,NA,NA,0
403,5,93,NA,NA,NA,0
404,5,93,NA,NA,NA,0
405,5,93,NA,NA,NA,0
406,5,93,NA,NA,NA,0
407,6,94,NA,NA,NA,0
408,6,94,NA,NA,NA,0
409,6,94,NA,NA,NA,0
410,6,94,NA,NA,NA,0
411,6,94,NA,NA,NA,0
412,6,94,NA,NA,NA,0
413,6,95,NA,NA,NA,0
414,6,95,NA,NA,NA,0
415,6,95,NA,NA,NA,0
416,6,95,NA,NA,NA,0
417,6,95,NA,NA,NA,0
418,6,95,NA,NA,NA,0
419,3,96,NA,NA,NA,0
420,3,96,NA,NA,NA,0
421,3,96,NA,NA,NA,0
422,6,97,NA,NA,NA,0
423,6,97,NA,NA,NA,0
424,6,97,NA,NA,NA,0
425,6,97,NA,NA,NA,0
426,6,97,NA,NA,NA,0
427,6,97,NA,NA,NA,0
428,4,98,NA,NA,NA,0
429,4,98,NA,NA,NA,0
430,4,98,"E",NA,NA,0
431,4,98,NA,NA,NA,0
432,3,99,NA,NA,NA,0
433,3,99,NA,NA,NA,0
434,3,99,NA,NA,NA,0
435,4,100,NA,NA,NA,0
436,4,100,NA,NA,NA,0
437,4,100,NA,NA,NA,0
438,4,100,NA,NA,NA,0
439,5,101,NA,NA,NA,0
440,5,101,NA,NA,NA,0
441,5,101,NA,NA,NA,0
442,5,101,"E",49,NA,0
443,5,101,NA,NA,NA,0
444,3,102,NA,NA,NA,0
445,3,102,NA,NA,NA,0
446,3,102,NA,NA,NA,0
447,5,103,NA,NA,NA,0
448,5,103,NA,NA,NA,0
449,5,103,NA,NA,NA,0
450,5,103,NA,NA,NA,0
451,5,103,NA,NA,NA,0
452,6,104,NA,NA,NA,0
453,6,104,NA,NA,NA,0
454,6,104,"E",213,NA,0
455,6,104,NA,NA,NA,0
456,6,104,NA,NA,NA,0
457,6,104,NA,NA,NA,0
458,5,105,NA,NA,NA,0
459,5,105,NA,NA,NA,0
460,5,105,NA,NA,NA,0
461,5,105,NA,NA,NA,0
462,5,105,NA,NA,NA,0
463,3,106,NA,NA,NA,0
464,3,106,NA,NA,NA,0
465,3,106,NA,NA,NA,0
466,4,107,NA,NA,NA,0
467,4,107,NA,NA,NA,0
468,4,107,NA,NA,NA,0
469,4,107,NA,NA,NA,0
470,4,108,NA,NA,NA,0
471,4,108,NA,NA,NA,0
472,4,108,"E",160,NA,0
473,4,108,NA,NA,NA,0
474,6,109,NA,NA,NA,0
475,6,109,NA,NA,NA,0
476,6,109,NA,NA,NA,0
477,6,109,NA,NA,NA,0
478,6,109,NA,NA,NA,0
479,6,109,NA,NA,NA,0
480,6,110,NA,NA,NA,0
481,6,110,NA,NA,NA,0
482,6,110,NA,NA,NA,0
483,6,110,NA,NA,NA,0
484,6,110,NA,NA,NA,0
485,6,110,NA,NA,NA,0
486,3,111,NA,NA,NA,0
487,3,111,NA,NA,NA,0
488,3,111,NA,NA,NA,0
489,6,112,NA,NA,NA,0
490,6,112,NA,NA,NA,0
491,6,112,NA,NA,NA,0
492,6,112,NA,NA,NA,0
493,6,112,NA,NA,NA,0
494,6,112,NA,NA,NA,0
495,6,113,NA,NA,NA,0
496,6,113,NA,NA,NA,0
497,6,113,NA,NA,NA,0
498,6,113,NA,NA,NA,0
499,6,113,NA,NA,NA,0
500,6,113,NA,NA,NA,0
501,4,114,NA,NA,NA,0
502,4,114,NA,NA,NA,0
503,4,114,NA,NA,NA,0
504,4,114,NA,NA,NA,0
505,6,115,NA,NA,NA,0
506,6,115,NA,NA,NA,0
507,6,115,NA,NA,NA,0
508,6,115,NA,NA,NA,0
509,6,115,NA,NA,NA,0
510,6,115,NA,NA,NA,0
511,6,116,NA,NA,NA,0
512,6,116,NA,NA,NA,0
513,6,116,NA,NA,NA,0
514,6,116,NA,NA,NA,0
515,6,116,NA,NA,NA,0
516,6,116,NA,NA,NA,0
517,4,117,"E",157,NA,0
518,4,117,NA,NA,NA,0
519,4,117,NA,NA,NA,0
520,4,117,NA,NA,NA,0
521,3,118,"E",219,NA,0
522,3,118,NA,NA,NA,0
523,3,118,NA,NA,NA,0
524,3,119,NA,NA,NA,0
525,3,119,NA,NA,NA,0
526,3,119,NA,NA,NA,0
527,3,120,NA,NA,NA,0
528,3,120,NA,NA,NA,0
529,3,120,NA,NA,NA,0
530,5,121,"E",195,NA,0
531,5,121,NA,NA,NA,0
532,5,121,NA,NA,NA,0
533,5,121,NA,NA,NA,0
534,5,121,NA,NA,NA,0
535,3,122,NA,NA,NA,0
536,3,122,NA,NA,NA,0
537,3,122,NA,NA,NA,0
538,4,123,NA,NA,NA,0
539,4,123,NA,NA,NA,0
540,4,123,"E",242,NA,0
541,4,123,NA,NA,NA,0
542,5,124,NA,NA,NA,0
543,5,124,NA,NA,NA,0
544,5,124,NA,NA,NA,0
545,5,124,NA,NA,NA,0
546,5,124,NA,NA,NA,0
547,3,125,NA,NA,NA,0
548,3,125,NA,NA,NA,0
549,3,125,NA,NA,NA,0
550,6,126,NA,NA,NA,0
551,6,126,NA,NA,NA,0
552,6,126,NA,NA,NA,0
553,6,126,NA,NA,NA,0
554,6,126,NA,NA,NA,0
555,6,126,NA,NA,NA,0
556,4,127,NA,NA,NA,0
557,4,127,NA,NA,NA,0
558,4,127,NA,NA,NA,0
559,4,127,NA,NA,NA,0
560,3,128,NA,NA,NA,0
561,3,128,NA,NA,NA,0
562,3,128,NA,NA,NA,0
563,5,129,NA,NA,NA,0
564,5,129,NA,NA,NA,0
565,5,129,NA,NA,NA,0
566,5,129,NA,NA,NA,0
567,5,129,NA,NA,NA,0
568,3,130,NA,NA,NA,0
569,3,130,NA,NA,NA,0
570,3,130,NA,NA,NA,0
571,6,131,NA,NA,NA,0
572,6,131,NA,NA,NA,0
573,6,131,NA,NA,NA,0
574,6,131,NA,NA,NA,0
575,6,131,NA,NA,NA,0
576,6,131,NA,NA,NA,0
577,6,132,NA,NA,NA,0
578,6,132,NA,NA,NA,0
579,6,132,NA,NA,NA,0
580,6,132,NA,NA,NA,0
581,6,132,NA,NA,NA,0
582,6,132,NA,NA,NA,0
583,4,133,NA,NA,NA,0
584,4,133,NA,NA,NA,0
585,4,133,NA,NA,NA,0
586,4,133,NA,NA,NA,0
587,3,134,NA,NA,NA,0
588,3,134,NA,NA,NA,0
589,3,134,NA,NA,NA,0
590,4,135,NA,NA,NA,0
591,4,135,NA,NA,NA,0
592,4,135,NA,NA,NA,0
593,4,135,"E",NA,NA,0
594,5,136,"E",54,NA,0
595,5,136,NA,NA,NA,0
596,5,136,NA,NA,NA,0
597,5,136,NA,NA,NA,0
598,5,136,NA,NA,NA,0
599,6,137,NA,NA,NA,0
600,6,137,NA,NA,NA,0
601,6,137,NA,NA,NA,0
602,6,137,NA,NA,NA,0
603,6,137,NA,NA,NA,0
604,6,137,NA,NA,NA,0
605,6,138,NA,NA,NA,0
606,6,138,NA,NA,NA,0
607,6,138,NA,NA,NA,0
608,6,138,NA,NA,NA,0
609,6,138,NA,NA,NA,0
610,6,138,NA,NA,NA,0
611,5,139,NA,NA,NA,0
612,5,139,NA,NA,NA,0
613,5,139,NA,NA,NA,0
614,5,139,NA,NA,NA,0
615,5,139,NA,NA,NA,0
616,5,140,NA,NA,NA,0
617,5,140,NA,NA,NA,0
618,5,140,NA,NA,NA,0
619,5,140,NA,NA,NA,0
620,5,140,NA,NA,NA,0
621,3,141,NA,NA,NA,0
622,3,141,NA,NA,NA,0
623,3,141,NA,NA,NA,0
624,4,142,NA,NA,NA,0
625,4,142,NA,NA,NA,0
626,4,142,NA,NA,NA,0
627,4,142,NA,NA,NA,0
628,6,143,NA,NA,NA,0
629,6,143,NA,NA,NA,0
630,6,143,NA,NA,NA,0
631,6,143,NA,NA,NA,0
632,6,143,NA,NA,NA,0
633,6,143,NA,NA,NA,0
634,5,144,NA,NA,NA,0
635,5,144,NA,NA,NA,0
636,5,144,NA,NA,NA,0
637,5,144,NA,NA,NA,0
638,5,144,NA,NA,NA,0
639,6,145,NA,NA,NA,0
640,6,145,NA,NA,NA,0
641,6,145,NA,NA,NA,0
642,6,145,NA,NA,NA,0
643,6,145,NA,NA,NA,0
644,6,145,NA,NA,NA,0
645,6,146,NA,NA,NA,0
646,6,146,NA,NA,NA,0
647,6,146,NA,NA,NA,0
648,6,146,NA,NA,NA,0
649,6,146,NA,NA,NA,0
650,6,146,NA,NA,NA,0
651,5,147,NA,NA,NA,0
652,5,147,NA,NA,NA,0
653,5,147,NA,NA,NA,0
654,5,147,NA,NA,NA,0
655,5,147,NA,NA,NA,0
656,6,148,NA,NA,NA,0
657,6,148,NA,NA,NA,0
658,6,148,NA,NA,NA,0
659,6,148,"E",283,NA,0
660,6,148,NA,NA,NA,0
661,6,148,NA,NA,NA,0
662,5,149,NA,NA,NA,0
663,5,149,NA,NA,NA,0
664,5,149,NA,NA,NA,0
665,5,149,NA,NA,NA,0
666,5,149,NA,NA,NA,0
667,5,150,NA,NA,NA,0
668,5,150,NA,NA,NA,0
669,5,150,NA,NA,NA,0
670,5,150,NA,NA,NA,0
671,5,150,NA,NA,NA,0
672,6,151,NA,NA,NA,0
673,6,151,NA,NA,NA,0
674,6,151,NA,NA,NA,0
675,6,151,NA,NA,NA,0
676,6,151,NA,NA,NA,0
677,6,151,NA,NA,NA,0
678,3,152,NA,NA,NA,0
679,3,152,NA,NA,NA,0
680,3,152,NA,NA,NA,0
681,5,153,NA,NA,NA,0
682,5,153,NA,NA,NA,0
683,5,153,NA,NA,NA,0
684,5,153,NA,NA,NA,0
685,5,153,NA,NA,NA,0
686,3,154,NA,NA,NA,0
687,3,154,NA,NA,NA,0
688,3,154,NA,NA,NA,0
689,3,155,NA,NA,NA,0
690,3,155,NA,NA,NA,0
691,3,155,NA,NA,NA,0
692,3,156,NA,NA,NA,0
693,3,156,"E",360,NA,0
694,3,156,NA,NA,NA,0
695,3,157,NA,NA,NA,0
696,3,157,NA,NA,NA,0
697,3,157,NA,NA,NA,0
698,3,158,NA,NA,NA,0
699,3,158,NA,NA,NA,0
700,3,158,NA,NA,NA,0
701,4,159,NA,NA,NA,0
702,4,159,NA,NA,NA,0
703,4,159,NA,NA,NA,0
704,4,159,NA,NA,NA,0
705,6,160,NA,NA,NA,0
706,6,160,NA,NA,NA,0
707,6,160,NA,NA,NA,0
708,6,160,NA,NA,NA,0
709,6,160,"E",77,NA,0
710,6,160,NA,NA,NA,0
711,3,161,NA,NA,NA,0
712,3,161,NA,NA,NA,0
713,3,161,NA,NA,NA,0
714,6,162,NA,NA,NA,0
715,6,162,NA,NA,NA,0
716,6,162,NA,NA,NA,0
717,6,162,NA,NA,NA,0
718,6,162,NA,NA,NA,0
719,6,162,NA,NA,NA,0
720,3,163,NA,NA,NA,0
721,3,163,"E",132,NA,0
722,3,163,NA,NA,NA,0
723,3,164,NA,NA,NA,0
724,3,164,NA,NA,NA,0
725,3,164,NA,NA,NA,0
726,6,165,NA,NA,NA,0
727,6,165,NA,NA,NA,0
728,6,165,NA,NA,NA,0
729,6,165,NA,NA,NA,0
730,6,165,NA,NA,NA,0
731,6,165,NA,NA,NA,0
732,6,166,NA,NA,NA,0
733,6,166,NA,NA,NA,0
734,6,166,NA,NA,NA,0
735,6,166,NA,NA,NA,0
736,6,166,NA,NA,NA,0
737,6,166,NA,NA,NA,0
738,6,167,NA,NA,NA,0
739,6,167,NA,NA,NA,0
740,6,167,NA,NA,NA,0
741,6,167,NA,NA,NA,0
742,6,167,NA,NA,NA,0
743,6,167,NA,NA,NA,0
744,5,168,NA,NA,NA,0
745,5,168,NA,NA,NA,0
746,5,168,NA,NA,NA,0
747,5,168,NA,NA,NA,0
748,5,168,NA,NA,NA,0
749,5,169,NA,NA,NA,0
750,5,169,NA,NA,NA,0
751,5,169,NA,NA,NA,0
752,5,169,NA,NA,NA,0
753,5,169,NA,NA,NA,0
754,5,170,NA,NA,NA,0
755,5,170,NA,NA,NA,0
756,5,170,NA,NA,NA,0
757,5,170,NA,NA,NA,0
758,5,170,NA,NA,NA,0
759,3,171,NA,NA,NA,0
760,3,171,NA,NA,NA,0
761,3,171,NA,NA,NA,0
762,3,172,NA,NA,NA,0
763,3,172,NA,NA,NA,0
764,3,172,NA,NA,NA,0
765,3,173,NA,NA,NA,0
766,3,173,NA,NA,NA,0
767,3,173,NA,NA,NA,0
768,4,174,NA,NA,NA,0
769,4,174,"E",NA,NA,0
770,4,174,NA,NA,NA,0
771,4,174,NA,NA,NA,0
772,5,175,NA,NA,NA,0
773,5,175,NA,NA,NA,0
774,5,175,NA,NA,NA,0
775,5,175,NA,NA,NA,0
776,5,175,NA,NA,NA,0
777,6,176,NA,NA,NA,0
778,6,176,NA,NA,NA,0
779,6,176,NA,NA,NA,0
780,6,176,NA,NA,NA,0
781,6,176,NA,NA,NA,0
782,6,176,NA,NA,NA,0
783,4,177,NA,NA,NA,0
784,4,177,NA,NA,NA,0
785,4,177,NA,NA,NA,0
786,4,177,NA,NA,NA,0
787,5,178,NA,NA,NA,0
788,5,178,NA,NA,NA,0
789,5,178,NA,NA,NA,0
790,5,178,NA,NA,NA,0
791,5,178,NA,NA,NA,0
792,3,179,NA,NA,NA,0
793,3,179,NA,NA,NA,0
794,3,179,NA,NA,NA,0
795,4,180,NA,NA,NA,0
796,4,180,NA,NA,NA,0
797,4,180,NA,NA,NA,0
798,4,180,NA,NA,NA,0
799,4,181,NA,NA,NA,0
800,4,181,NA,NA,NA,0
801,4,181,NA,NA,NA,0
802,4,181,NA,NA,NA,0
803,5,182,NA,NA,NA,0
804,5,182,NA,NA,NA,0
805,5,182,NA,NA,NA,0
806,5,182,NA,NA,NA,0
807,5,182,NA,NA,NA,0
808,6,183,NA,NA,NA,0
809,6,183,NA,NA,NA,0
810,6,183,NA,NA,NA,0
811,6,183,NA,NA,NA,0
812,6,183,NA,NA,NA,0
813,6,183,NA,NA,NA,0
814,3,184,NA,NA,NA,0
815,3,184,NA,NA,NA,0
816,3,184,NA,NA,NA,0
817,4,185,NA,NA,NA,0
818,4,185,NA,NA,NA,0
819,4,185,NA,NA,NA,0
820,4,185,NA,NA,NA,0
821,4,186,NA,NA,NA,0
822,4,186,NA,NA,NA,0
823,4,186,NA,NA,NA,0
824,4,186,NA,NA,NA,0
825,3,187,NA,NA,NA,0
826,3,187,NA,NA,NA,0
827,3,187,NA,NA,NA,0
828,3,188,NA,NA,NA,0
829,3,188,NA,NA,NA,0
830,3,188,NA,NA,NA,0
831,3,189,NA,NA,NA,0
832,3,189,NA,NA,NA,0
833,3,189,NA,NA,NA,0
834,3,190,NA,NA,NA,0
835,3,190,NA,NA,NA,0
836,3,190,NA,NA,NA,0
837,3,191,NA,NA,NA,0
838,3,191,NA,NA,NA,0
839,3,191,NA,NA,NA,0
840,5,192,NA,NA,NA,0
841,5,192,NA,NA,NA,0
842,5,192,NA,NA,NA,0
843,5,192,NA,NA,NA,0
844,5,192,NA,NA,NA,0
845,6,193,NA,NA,NA,0
846,6,193,NA,NA,NA,0
847,6,193,NA,NA,NA,0
848,6,193,NA,NA,NA,0
849,6,193,NA,NA,NA,0
850,6,193,NA,NA,NA,0
851,3,194,NA,NA,NA,0
852,3,194,NA,NA,NA,0
853,3,194,NA,NA,NA,0
854,6,195,NA,NA,NA,0
855,6,195,"E",265,NA,0
856,6,195,NA,NA,NA,0
857,6,195,NA,NA,NA,0
858,6,195,NA,NA,NA,0
859,6,195,NA,NA,NA,0
860,4,196,NA,NA,NA,0
861,4,196,NA,NA,NA,0
862,4,196,NA,NA,NA,0
863,4,196,NA,NA,NA,0
864,6,197,NA,NA,NA,0
865,6,197,NA,NA,NA,0
866,6,197,NA,NA,NA,0
867,6,197,NA,NA,NA,0
868,6,197,NA,NA,NA,0
869,6,197,NA,NA,NA,0
870,5,198,NA,NA,NA,0
871,5,198,NA,NA,NA,0
872,5,198,NA,NA,NA,0
873,5,198,NA,NA,NA,0
874,5,198,NA,NA,NA,0
875,5,199,NA,NA,NA,0
876,5,199,NA,NA,NA,0
877,5,199,NA,NA,NA,0
878,5,199,"E",NA,NA,0
879,5,199,"E",152,NA,0
880,4,200,NA,NA,NA,0
881,4,200,NA,NA,NA,0
882,4,200,NA,NA,NA,0
883,4,200,NA,NA,NA,0
884,4,201,NA,NA,NA,0
885,4,201,NA,NA,NA,0
886,4,201,NA,NA,NA,0
887,4,201,NA,NA,NA,0
888,6,202,NA,NA,NA,0
889,6,202,NA,NA,NA,0
890,6,202,NA,NA,NA,0
891,6,202,NA,NA,NA,0
892,6,202,NA,NA,NA,0
893,6,202,NA,NA,NA,0
894,3,203,NA,NA,NA,0
895,3,203,NA,NA,NA,0
896,3,203,NA,NA,NA,0
897,6,204,NA,NA,NA,0
898,6,204,NA,NA,NA,0
899,6,204,NA,NA,NA,0
900,6,204,NA,NA,NA,0
901,6,204,NA,NA,NA,0
902,6,204,NA,NA,NA,0
903,6,205,NA,NA,NA,0
904,6,205,NA,NA,NA,0
905,6,205,NA,NA,NA,0
906,6,205,NA,NA,NA,0
907,6,205,NA,NA,NA,0
908,6,205,NA,NA,NA,0
909,3,206,NA,NA,NA,0
910,3,206,NA,NA,NA,0
911,3,206,NA,NA,NA,0
912,4,207,NA,NA,NA,0
913,4,207,NA,NA,NA,0
914,4,207,NA,NA,NA,0
915,4,207,NA,NA,NA,0
916,6,208,NA,NA,NA,0
917,6,208,NA,NA,NA,0
918,6,208,NA,NA,NA,0
919,6,208,NA,NA,NA,0
920,6,208,NA,NA,NA,0
921,6,208,NA,NA,NA,0
922,6,209,NA,NA,NA,0
923,6,209,NA,NA,NA,0
924,6,209,NA,NA,NA,0
925,6,209,NA,NA,NA,0
926,6,209,NA,NA,NA,0
927,6,209,NA,NA,NA,0
928,5,210,NA,NA,NA,0
929,5,210,NA,NA,NA,0
930,5,210,NA,NA,NA,0
931,5,210,NA,NA,NA,0
932,5,210,NA,NA,NA,0
933,6,211,NA,NA,NA,0
934,6,211,NA,NA,NA,0
935,6,211,NA,NA,NA,0
936,6,211,NA,NA,NA,0
937,6,211,NA,NA,NA,0
938,6,211,NA,NA,NA,0
939,3,212,NA,NA,NA,0
940,3,212,NA,NA,NA,0
941,3,212,NA,NA,NA,0
942,3,213,NA,NA,NA,0
943,3,213,NA,NA,NA,0
944,3,213,NA,NA,NA,0
945,5,214,NA,NA,NA,0
946,5,214,NA,NA,NA,0
947,5,214,NA,NA,NA,0
948,5,214,NA,NA,NA,0
949,5,214,NA,NA,NA,0
950,6,215,NA,NA,NA,0
951,6,215,NA,NA,NA,0
952,6,215,NA,NA,NA,0
953,6,215,NA,NA,NA,0
954,6,215,NA,NA,NA,0
955,6,215,NA,NA,NA,0
956,3,216,NA,NA,NA,0
957,3,216,NA,NA,NA,0
958,3,216,NA,NA,NA,0
959,4,217,NA,NA,NA,0
960,4,217,NA,NA,NA,0
961,4,217,NA,NA,NA,0
962,4,217,NA,NA,NA,0
963,4,218,NA,NA,NA,0
964,4,218,NA,NA,NA,0
965,4,218,NA,NA,NA,0
966,4,218,NA,NA,NA,0
967,6,219,NA,NA,NA,0
968,6,219,NA,NA,NA,0
969,6,219,NA,NA,NA,0
970,6,219,NA,NA,NA,0
971,6,219,NA,NA,NA,0
972,6,219,NA,NA,NA,0
973,5,220,NA,NA,NA,0
974,5,220,NA,NA,NA,0
975,5,220,NA,NA,NA,0
976,5,220,NA,NA,NA,0
977,5,220,NA,NA,NA,0
978,4,221,NA,NA,NA,0
979,4,221,NA,NA,NA,0
980,4,221,NA,NA,NA,0
981,4,221,NA,NA,NA,0
982,6,222,NA,NA,NA,0
983,6,222,NA,NA,NA,0
984,6,222,NA,NA,NA,0
985,6,222,NA,NA,NA,0
986,6,222,NA,NA,NA,0
987,6,222,NA,NA,NA,0
988,3,223,NA,NA,NA,0
989,3,223,NA,NA,NA,0
990,3,223,NA,NA,NA,0
991,4,224,NA,NA,NA,0
992,4,224,NA,NA,NA,0
993,4,224,NA,NA,NA,0
994,4,224,NA,NA,NA,0
995,3,225,NA,NA,NA,0
996,3,225,NA,NA,NA,0
997,3,225,NA,NA,NA,0
998,3,226,NA,NA,NA,0
999,3,226,NA,NA,NA,0
1000,3,226,NA,NA,NA,0
