"ID","SIZE","HH","TYPE","TIME","S_num","I_num"
1,3,1,"0",12,NA,0
2,3,1,NA,NA,NA,0
3,3,1,NA,NA,NA,0
4,6,2,NA,NA,NA,0
5,6,2,NA,NA,NA,0
6,6,2,NA,NA,NA,0
7,6,2,NA,NA,NA,0
8,6,2,NA,NA,NA,0
9,6,2,NA,NA,NA,0
10,5,3,NA,NA,NA,0
11,5,3,NA,NA,NA,0
12,5,3,NA,NA,NA,0
13,5,3,NA,NA,NA,0
14,5,3,NA,NA,NA,0
15,4,4,NA,NA,NA,0
16,4,4,NA,NA,NA,0
17,4,4,NA,NA,NA,0
18,4,4,NA,NA,NA,0
19,5,5,NA,NA,NA,0
20,5,5,NA,NA,NA,0
21,5,5,"E",288,NA,0
22,5,5,NA,NA,NA,0
23,5,5,NA,NA,NA,0
24,6,6,NA,NA,NA,0
25,6,6,NA,NA,NA,0
26,6,6,NA,NA,NA,0
27,6,6,NA,NA,NA,0
28,6,6,NA,NA,NA,0
29,6,6,NA,NA,NA,0
30,6,7,NA,NA,NA,0
31,6,7,"E",221,NA,0
32,6,7,NA,NA,NA,0
33,6,7,NA,NA,NA,0
34,6,7,NA,NA,NA,0
35,6,7,NA,NA,NA,0
36,3,8,"E",NA,NA,0
37,3,8,NA,NA,NA,0
38,3,8,NA,NA,NA,0
39,4,9,NA,NA,NA,0
40,4,9,NA,NA,NA,0
41,4,9,NA,NA,NA,0
42,4,9,NA,NA,NA,0
43,4,10,"E",200,NA,0
44,4,10,NA,NA,NA,0
45,4,10,"E",111,NA,0
46,4,10,"E",331,NA,0
47,5,11,NA,NA,NA,0
48,5,11,NA,NA,NA,0
49,5,11,NA,NA,NA,0
50,5,11,NA,NA,NA,0
51,5,11,NA,NA,NA,0
52,5,12,NA,NA,NA,0
53,5,12,NA,NA,NA,0
54,5,12,NA,NA,NA,0
55,5,12,NA,NA,NA,0
56,5,12,NA,NA,NA,0
57,4,13,NA,NA,NA,0
58,4,13,NA,NA,NA,0
59,4,13,NA,NA,NA,0
60,4,13,NA,NA,NA,0
61,3,14,NA,NA,NA,0
62,3,14,NA,NA,NA,0
63,3,14,NA,NA,NA,0
64,3,15,NA,NA,NA,0
65,3,15,NA,NA,NA,0
66,3,15,"E",31,NA,0
67,6,16,NA,NA,NA,0
68,6,16,NA,NA,NA,0
69,6,16,NA,NA,NA,0
70,6,16,NA,NA,NA,0
71,6,16,NA,NA,NA,0
72,6,16,NA,NA,NA,0
73,4,17,NA,NA,NA,0
74,4,17,"E",192,NA,0
75,4,17,NA,NA,NA,0
76,4,17,NA,NA,NA,0
77,6,18,NA,NA,NA,0
78,6,18,NA,NA,NA,0
79,6,18,NA,NA,NA,0
80,6,18,NA,NA,NA,0
81,6,18,"E",202,NA,0
82,6,18,NA,NA,NA,0
83,4,19,NA,NA,NA,0
84,4,19,NA,NA,NA,0
85,4,19,NA,NA,NA,0
86,4,19,NA,NA,NA,0
87,4,20,"E",285,NA,0
88,4,20,NA,NA,NA,0
89,4,20,"E",216,NA,0
90,4,20,NA,NA,NA,0
91,3,21,NA,NA,NA,0
92,3,21,NA,NA,NA,0
93,3,21,NA,NA,NA,0
94,3,22,"E",200,NA,0
95,3,22,NA,NA,NA,0
96,3,22,NA,NA,NA,0
97,5,23,NA,NA,NA,0
98,5,23,NA,NA,NA,0
99,5,23,NA,NA,NA,0
100,5,23,NA,NA,NA,0
101,5,23,NA,NA,NA,0
102,4,24,NA,NA,NA,0
103,4,24,NA,NA,NA,0
104,4,24,NA,NA,NA,0
105,4,24,NA,NA,NA,0
106,4,25,NA,NA,NA,0
107,4,25,NA,NA,NA,0
108,4,25,NA,NA,NA,0
109,4,25,NA,NA,NA,0
110,3,26,NA,NA,NA,0
111,3,26,NA,NA,NA,0
112,3,26,NA,NA,NA,0
113,5,27,"E",NA,NA,0
114,5,27,NA,NA,NA,0
115,5,27,NA,NA,NA,0
116,5,27,"E",227,NA,0
117,5,27,NA,NA,NA,0
118,3,28,NA,NA,NA,0
119,3,28,NA,NA,NA,0
120,3,28,NA,NA,NA,0
121,5,29,NA,NA,NA,0
122,5,29,NA,NA,NA,0
123,5,29,"E",83,NA,0
124,5,29,NA,NA,NA,0
125,5,29,NA,NA,NA,0
126,6,30,NA,NA,NA,0
127,6,30,NA,NA,NA,0
128,6,30,NA,NA,NA,0
129,6,30,NA,NA,NA,0
130,6,30,NA,NA,NA,0
131,6,30,NA,NA,NA,0
132,6,31,NA,NA,NA,0
133,6,31,NA,NA,NA,0
134,6,31,NA,NA,NA,0
135,6,31,NA,NA,NA,0
136,6,31,NA,NA,NA,0
137,6,31,NA,NA,NA,0
138,3,32,NA,NA,NA,0
139,3,32,"E",267,NA,0
140,3,32,NA,NA,NA,0
141,5,33,NA,NA,NA,0
142,5,33,NA,NA,NA,0
143,5,33,"E",315,NA,0
144,5,33,NA,NA,NA,0
145,5,33,NA,NA,NA,0
146,3,34,NA,NA,NA,0
147,3,34,NA,NA,NA,0
148,3,34,NA,NA,NA,0
149,6,35,NA,NA,NA,0
150,6,35,NA,NA,NA,0
151,6,35,NA,NA,NA,0
152,6,35,NA,NA,NA,0
153,6,35,NA,NA,NA,0
154,6,35,NA,NA,NA,0
155,5,36,NA,NA,NA,0
156,5,36,NA,NA,NA,0
157,5,36,NA,NA,NA,0
158,5,36,"E",154,NA,0
159,5,36,NA,NA,NA,0
160,5,37,NA,NA,NA,0
161,5,37,NA,NA,NA,0
162,5,37,NA,NA,NA,0
163,5,37,NA,NA,NA,0
164,5,37,NA,NA,NA,0
165,5,38,"E",94,NA,0
166,5,38,NA,NA,NA,0
167,5,38,NA,NA,NA,0
168,5,38,NA,NA,NA,0
169,5,38,NA,NA,NA,0
170,5,39,NA,NA,NA,0
171,5,39,NA,NA,NA,0
172,5,39,NA,NA,NA,0
173,5,39,NA,NA,NA,0
174,5,39,NA,NA,NA,0
175,3,40,"E",364,NA,0
176,3,40,NA,NA,NA,0
177,3,40,NA,NA,NA,0
178,5,41,NA,NA,NA,0
179,5,41,NA,NA,NA,0
180,5,41,NA,NA,NA,0
181,5,41,"E",95,NA,0
182,5,41,NA,NA,NA,0
183,6,42,"E",NA,NA,0
184,6,42,NA,NA,NA,0
185,6,42,NA,NA,NA,0
186,6,42,"E",313,NA,0
187,6,42,NA,NA,NA,0
188,6,42,NA,NA,NA,0
189,4,43,NA,NA,NA,0
190,4,43,NA,NA,NA,0
191,4,43,NA,NA,NA,0
192,4,43,NA,NA,NA,0
193,3,44,NA,NA,NA,0
194,3,44,NA,NA,NA,0
195,3,44,NA,NA,NA,0
196,5,45,NA,NA,NA,0
197,5,45,NA,NA,NA,0
198,5,45,NA,NA,NA,0
199,5,45,NA,NA,NA,0
200,5,45,NA,NA,NA,0
201,5,46,"E",173,NA,0
202,5,46,NA,NA,NA,0
203,5,46,NA,NA,NA,0
204,5,46,NA,NA,NA,0
205,5,46,NA,NA,NA,0
206,3,47,NA,NA,NA,0
207,3,47,NA,NA,NA,0
208,3,47,NA,NA,NA,0
209,5,48,NA,NA,NA,0
210,5,48,NA,NA,NA,0
211,5,48,"E",249,NA,0
212,5,48,NA,NA,NA,0
213,5,48,NA,NA,NA,0
214,5,49,NA,NA,NA,0
215,5,49,NA,NA,NA,0
216,5,49,NA,NA,NA,0
217,5,49,NA,NA,NA,0
218,5,49,NA,NA,NA,0
219,3,50,"E",201,NA,0
220,3,50,NA,NA,NA,0
221,3,50,NA,NA,NA,0
222,5,51,NA,NA,NA,0
223,5,51,NA,NA,NA,0
224,5,51,NA,NA,NA,0
225,5,51,NA,NA,NA,0
226,5,51,NA,NA,NA,0
227,3,52,NA,NA,NA,0
228,3,52,NA,NA,NA,0
229,3,52,NA,NA,NA,0
230,4,53,NA,NA,NA,0
231,4,53,NA,NA,NA,0
232,4,53,NA,NA,NA,0
233,4,53,NA,NA,NA,0
234,4,54,"E",302,NA,0
235,4,54,NA,NA,NA,0
236,4,54,NA,NA,NA,0
237,4,54,NA,NA,NA,0
238,5,55,NA,NA,NA,0
239,5,55,NA,NA,NA,0
240,5,55,NA,NA,NA,0
241,5,55,NA,NA,NA,0
242,5,55,NA,NA,NA,0
243,6,56,"E",NA,NA,0
244,6,56,"E",313,NA,0
245,6,56,NA,NA,NA,0
246,6,56,NA,NA,NA,0
247,6,56,NA,NA,NA,0
248,6,56,NA,NA,NA,0
249,4,57,NA,NA,NA,0
250,4,57,NA,NA,NA,0
251,4,57,NA,NA,NA,0
252,4,57,NA,NA,NA,0
253,6,58,NA,NA,NA,0
254,6,58,NA,NA,NA,0
255,6,58,NA,NA,NA,0
256,6,58,NA,NA,NA,0
257,6,58,NA,NA,NA,0
258,6,58,NA,NA,NA,0
259,4,59,NA,NA,NA,0
260,4,59,NA,NA,NA,0
261,4,59,NA,NA,NA,0
262,4,59,NA,NA,NA,0
263,5,60,NA,NA,NA,0
264,5,60,NA,NA,NA,0
265,5,60,NA,NA,NA,0
266,5,60,NA,NA,NA,0
267,5,60,NA,NA,NA,0
268,5,61,"E",158,NA,0
269,5,61,NA,NA,NA,0
270,5,61,NA,NA,NA,0
271,5,61,NA,NA,NA,0
272,5,61,NA,NA,NA,0
273,6,62,NA,NA,NA,0
274,6,62,NA,NA,NA,0
275,6,62,NA,NA,NA,0
276,6,62,NA,NA,NA,0
277,6,62,NA,NA,NA,0
278,6,62,NA,NA,NA,0
279,3,63,NA,NA,NA,0
280,3,63,NA,NA,NA,0
281,3,63,NA,NA,NA,0
282,4,64,NA,NA,NA,0
283,4,64,NA,NA,NA,0
284,4,64,NA,NA,NA,0
285,4,64,NA,NA,NA,0
286,6,65,NA,NA,NA,0
287,6,65,"E",272,NA,0
288,6,65,NA,NA,NA,0
289,6,65,NA,NA,NA,0
290,6,65,NA,NA,NA,0
291,6,65,NA,NA,NA,0
292,5,66,NA,NA,NA,0
293,5,66,NA,NA,NA,0
294,5,66,NA,NA,NA,0
295,5,66,NA,NA,NA,0
296,5,66,NA,NA,NA,0
297,6,67,NA,NA,NA,0
298,6,67,NA,NA,NA,0
299,6,67,NA,NA,NA,0
300,6,67,NA,NA,NA,0
301,6,67,NA,NA,NA,0
302,6,67,NA,NA,NA,0
303,3,68,NA,NA,NA,0
304,3,68,NA,NA,NA,0
305,3,68,NA,NA,NA,0
306,5,69,NA,NA,NA,0
307,5,69,NA,NA,NA,0
308,5,69,NA,NA,NA,0
309,5,69,NA,NA,NA,0
310,5,69,NA,NA,NA,0
311,6,70,NA,NA,NA,0
312,6,70,NA,NA,NA,0
313,6,70,NA,NA,NA,0
314,6,70,NA,NA,NA,0
315,6,70,"E",315,NA,0
316,6,70,NA,NA,NA,0
317,5,71,NA,NA,NA,0
318,5,71,NA,NA,NA,0
319,5,71,NA,NA,NA,0
320,5,71,NA,NA,NA,0
321,5,71,NA,NA,NA,0
322,6,72,NA,NA,NA,0
323,6,72,NA,NA,NA,0
324,6,72,NA,NA,NA,0
325,6,72,NA,NA,NA,0
326,6,72,NA,NA,NA,0
327,6,72,NA,NA,NA,0
328,4,73,"E",153,NA,0
329,4,73,"E",NA,NA,0
330,4,73,NA,NA,NA,0
331,4,73,NA,NA,NA,0
332,4,74,NA,NA,NA,0
333,4,74,NA,NA,NA,0
334,4,74,NA,NA,NA,0
335,4,74,NA,NA,NA,0
336,4,75,NA,NA,NA,0
337,4,75,NA,NA,NA,0
338,4,75,NA,NA,NA,0
339,4,75,NA,NA,NA,0
340,6,76,NA,NA,NA,0
341,6,76,NA,NA,NA,0
342,6,76,NA,NA,NA,0
343,6,76,NA,NA,NA,0
344,6,76,NA,NA,NA,0
345,6,76,"E",177,NA,0
346,4,77,NA,NA,NA,0
347,4,77,NA,NA,NA,0
348,4,77,NA,NA,NA,0
349,4,77,NA,NA,NA,0
350,3,78,NA,NA,NA,0
351,3,78,NA,NA,NA,0
352,3,78,"E",178,NA,0
353,4,79,"E",235,NA,0
354,4,79,NA,NA,NA,0
355,4,79,NA,NA,NA,0
356,4,79,NA,NA,NA,0
357,6,80,"E",NA,NA,0
358,6,80,NA,NA,NA,0
359,6,80,NA,NA,NA,0
360,6,80,NA,NA,NA,0
361,6,80,NA,NA,NA,0
362,6,80,NA,NA,NA,0
363,6,81,"E",NA,NA,0
364,6,81,NA,NA,NA,0
365,6,81,NA,NA,NA,0
366,6,81,NA,NA,NA,0
367,6,81,NA,NA,NA,0
368,6,81,NA,NA,NA,0
369,3,82,NA,NA,NA,0
370,3,82,NA,NA,NA,0
371,3,82,NA,NA,NA,0
372,3,83,NA,NA,NA,0
373,3,83,NA,NA,NA,0
374,3,83,NA,NA,NA,0
375,6,84,NA,NA,NA,0
376,6,84,NA,NA,NA,0
377,6,84,NA,NA,NA,0
378,6,84,NA,NA,NA,0
379,6,84,NA,NA,NA,0
380,6,84,NA,NA,NA,0
381,5,85,NA,NA,NA,0
382,5,85,NA,NA,NA,0
383,5,85,NA,NA,NA,0
384,5,85,NA,NA,NA,0
385,5,85,NA,NA,NA,0
386,3,86,"E",NA,NA,0
387,3,86,NA,NA,NA,0
388,3,86,NA,NA,NA,0
389,4,87,NA,NA,NA,0
390,4,87,NA,NA,NA,0
391,4,87,NA,NA,NA,0
392,4,87,NA,NA,NA,0
393,3,88,NA,NA,NA,0
394,3,88,NA,NA,NA,0
395,3,88,"E",71,NA,0
396,6,89,NA,NA,NA,0
397,6,89,NA,NA,NA,0
398,6,89,NA,NA,NA,0
399,6,89,NA,NA,NA,0
400,6,89,NA,NA,NA,0
401,6,89,NA,NA,NA,0
402,4,90,NA,NA,NA,0
403,4,90,NA,NA,NA,0
404,4,90,NA,NA,NA,0
405,4,90,NA,NA,NA,0
406,6,91,NA,NA,NA,0
407,6,91,NA,NA,NA,0
408,6,91,"E",NA,NA,0
409,6,91,NA,NA,NA,0
410,6,91,NA,NA,NA,0
411,6,91,"E",NA,NA,0
412,6,92,"E",266,NA,0
413,6,92,NA,NA,NA,0
414,6,92,"E",346,NA,0
415,6,92,NA,NA,NA,0
416,6,92,NA,NA,NA,0
417,6,92,"E",282,NA,0
418,5,93,NA,NA,NA,0
419,5,93,NA,NA,NA,0
420,5,93,NA,NA,NA,0
421,5,93,"E",323,NA,0
422,5,93,NA,NA,NA,0
423,4,94,NA,NA,NA,0
424,4,94,NA,NA,NA,0
425,4,94,NA,NA,NA,0
426,4,94,NA,NA,NA,0
427,4,95,NA,NA,NA,0
428,4,95,NA,NA,NA,0
429,4,95,NA,NA,NA,0
430,4,95,NA,NA,NA,0
431,5,96,NA,NA,NA,0
432,5,96,NA,NA,NA,0
433,5,96,NA,NA,NA,0
434,5,96,NA,NA,NA,0
435,5,96,NA,NA,NA,0
436,4,97,NA,NA,NA,0
437,4,97,NA,NA,NA,0
438,4,97,NA,NA,NA,0
439,4,97,NA,NA,NA,0
440,5,98,NA,NA,NA,0
441,5,98,"E",289,NA,0
442,5,98,"E",357,NA,0
443,5,98,"E",304,NA,0
444,5,98,NA,NA,NA,0
445,4,99,NA,NA,NA,0
446,4,99,NA,NA,NA,0
447,4,99,NA,NA,NA,0
448,4,99,NA,NA,NA,0
449,4,100,NA,NA,NA,0
450,4,100,NA,NA,NA,0
451,4,100,NA,NA,NA,0
452,4,100,NA,NA,NA,0
453,4,101,NA,NA,NA,0
454,4,101,NA,NA,NA,0
455,4,101,NA,NA,NA,0
456,4,101,"E",NA,NA,0
457,5,102,NA,NA,NA,0
458,5,102,"E",357,NA,0
459,5,102,"E",335,NA,0
460,5,102,NA,NA,NA,0
461,5,102,NA,NA,NA,0
462,5,103,"E",319,NA,0
463,5,103,NA,NA,NA,0
464,5,103,NA,NA,NA,0
465,5,103,NA,NA,NA,0
466,5,103,NA,NA,NA,0
467,3,104,NA,NA,NA,0
468,3,104,NA,NA,NA,0
469,3,104,NA,NA,NA,0
470,3,105,NA,NA,NA,0
471,3,105,NA,NA,NA,0
472,3,105,NA,NA,NA,0
473,6,106,NA,NA,NA,0
474,6,106,NA,NA,NA,0
475,6,106,NA,NA,NA,0
476,6,106,NA,NA,NA,0
477,6,106,NA,NA,NA,0
478,6,106,NA,NA,NA,0
479,6,107,"E",337,NA,0
480,6,107,NA,NA,NA,0
481,6,107,NA,NA,NA,0
482,6,107,NA,NA,NA,0
483,6,107,NA,NA,NA,0
484,6,107,"E",327,NA,0
485,5,108,NA,NA,NA,0
486,5,108,NA,NA,NA,0
487,5,108,NA,NA,NA,0
488,5,108,NA,NA,NA,0
489,5,108,NA,NA,NA,0
490,6,109,"E",274,NA,0
491,6,109,NA,NA,NA,0
492,6,109,NA,NA,NA,0
493,6,109,NA,NA,NA,0
494,6,109,NA,NA,NA,0
495,6,109,NA,NA,NA,0
496,4,110,NA,NA,NA,0
497,4,110,NA,NA,NA,0
498,4,110,NA,NA,NA,0
499,4,110,NA,NA,NA,0
500,6,111,NA,NA,NA,0
501,6,111,NA,NA,NA,0
502,6,111,NA,NA,NA,0
503,6,111,NA,NA,NA,0
504,6,111,NA,NA,NA,0
505,6,111,NA,NA,NA,0
506,6,112,NA,NA,NA,0
507,6,112,"E",206,NA,0
508,6,112,NA,NA,NA,0
509,6,112,NA,NA,NA,0
510,6,112,NA,NA,NA,0
511,6,112,NA,NA,NA,0
512,4,113,NA,NA,NA,0
513,4,113,NA,NA,NA,0
514,4,113,NA,NA,NA,0
515,4,113,NA,NA,NA,0
516,6,114,NA,NA,NA,0
517,6,114,NA,NA,NA,0
518,6,114,NA,NA,NA,0
519,6,114,NA,NA,NA,0
520,6,114,NA,NA,NA,0
521,6,114,NA,NA,NA,0
522,5,115,"E",357,NA,0
523,5,115,NA,NA,NA,0
524,5,115,NA,NA,NA,0
525,5,115,"E",340,NA,0
526,5,115,NA,NA,NA,0
527,3,116,NA,NA,NA,0
528,3,116,NA,NA,NA,0
529,3,116,NA,NA,NA,0
530,6,117,NA,NA,NA,0
531,6,117,"E",359,NA,0
532,6,117,NA,NA,NA,0
533,6,117,NA,NA,NA,0
534,6,117,NA,NA,NA,0
535,6,117,"E",243,NA,0
536,3,118,NA,NA,NA,0
537,3,118,NA,NA,NA,0
538,3,118,NA,NA,NA,0
539,4,119,NA,NA,NA,0
540,4,119,NA,NA,NA,0
541,4,119,NA,NA,NA,0
542,4,119,NA,NA,NA,0
543,5,120,NA,NA,NA,0
544,5,120,NA,NA,NA,0
545,5,120,NA,NA,NA,0
546,5,120,NA,NA,NA,0
547,5,120,NA,NA,NA,0
548,4,121,NA,NA,NA,0
549,4,121,NA,NA,NA,0
550,4,121,NA,NA,NA,0
551,4,121,NA,NA,NA,0
552,5,122,NA,NA,NA,0
553,5,122,NA,NA,NA,0
554,5,122,"E",365,NA,0
555,5,122,NA,NA,NA,0
556,5,122,NA,NA,NA,0
557,3,123,NA,NA,NA,0
558,3,123,"E",281,NA,0
559,3,123,NA,NA,NA,0
560,3,124,NA,NA,NA,0
561,3,124,NA,NA,NA,0
562,3,124,NA,NA,NA,0
563,6,125,NA,NA,NA,0
564,6,125,NA,NA,NA,0
565,6,125,NA,NA,NA,0
566,6,125,NA,NA,NA,0
567,6,125,NA,NA,NA,0
568,6,125,NA,NA,NA,0
569,5,126,NA,NA,NA,0
570,5,126,NA,NA,NA,0
571,5,126,NA,NA,NA,0
572,5,126,NA,NA,NA,0
573,5,126,NA,NA,NA,0
574,3,127,"E",362,NA,0
575,3,127,NA,NA,NA,0
576,3,127,NA,NA,NA,0
577,3,128,NA,NA,NA,0
578,3,128,NA,NA,NA,0
579,3,128,"E",NA,NA,0
580,4,129,"E",341,NA,0
581,4,129,NA,NA,NA,0
582,4,129,NA,NA,NA,0
583,4,129,"E",NA,NA,0
584,4,130,NA,NA,NA,0
585,4,130,NA,NA,NA,0
586,4,130,NA,NA,NA,0
587,4,130,NA,NA,NA,0
588,5,131,NA,NA,NA,0
589,5,131,NA,NA,NA,0
590,5,131,"E",NA,NA,0
591,5,131,NA,NA,NA,0
592,5,131,NA,NA,NA,0
593,6,132,NA,NA,NA,0
594,6,132,NA,NA,NA,0
595,6,132,NA,NA,NA,0
596,6,132,NA,NA,NA,0
597,6,132,NA,NA,NA,0
598,6,132,NA,NA,NA,0
599,3,133,"E",216,NA,0
600,3,133,NA,NA,NA,0
601,3,133,NA,NA,NA,0
602,6,134,NA,NA,NA,0
603,6,134,NA,NA,NA,0
604,6,134,NA,NA,NA,0
605,6,134,NA,NA,NA,0
606,6,134,NA,NA,NA,0
607,6,134,NA,NA,NA,0
608,3,135,NA,NA,NA,0
609,3,135,NA,NA,NA,0
610,3,135,NA,NA,NA,0
611,4,136,"E",334,NA,0
612,4,136,NA,NA,NA,0
613,4,136,NA,NA,NA,0
614,4,136,NA,NA,NA,0
615,6,137,"E",149,NA,0
616,6,137,NA,NA,NA,0
617,6,137,"E",349,NA,0
618,6,137,NA,NA,NA,0
619,6,137,NA,NA,NA,0
620,6,137,NA,NA,NA,0
621,5,138,NA,NA,NA,0
622,5,138,NA,NA,NA,0
623,5,138,NA,NA,NA,0
624,5,138,NA,NA,NA,0
625,5,138,NA,NA,NA,0
626,6,139,NA,NA,NA,0
627,6,139,NA,NA,NA,0
628,6,139,NA,NA,NA,0
629,6,139,NA,NA,NA,0
630,6,139,NA,NA,NA,0
631,6,139,NA,NA,NA,0
632,3,140,NA,NA,NA,0
633,3,140,NA,NA,NA,0
634,3,140,NA,NA,NA,0
635,4,141,NA,NA,NA,0
636,4,141,NA,NA,NA,0
637,4,141,NA,NA,NA,0
638,4,141,NA,NA,NA,0
639,4,142,NA,NA,NA,0
640,4,142,NA,NA,NA,0
641,4,142,NA,NA,NA,0
642,4,142,"E",69,NA,0
643,4,143,NA,NA,NA,0
644,4,143,NA,NA,NA,0
645,4,143,NA,NA,NA,0
646,4,143,NA,NA,NA,0
647,4,144,NA,NA,NA,0
648,4,144,NA,NA,NA,0
649,4,144,NA,NA,NA,0
650,4,144,NA,NA,NA,0
651,3,145,NA,NA,NA,0
652,3,145,NA,NA,NA,0
653,3,145,NA,NA,NA,0
654,3,146,NA,NA,NA,0
655,3,146,"E",275,NA,0
656,3,146,NA,NA,NA,0
657,6,147,NA,NA,NA,0
658,6,147,NA,NA,NA,0
659,6,147,NA,NA,NA,0
660,6,147,NA,NA,NA,0
661,6,147,NA,NA,NA,0
662,6,147,NA,NA,NA,0
663,5,148,NA,NA,NA,0
664,5,148,NA,NA,NA,0
665,5,148,NA,NA,NA,0
666,5,148,NA,NA,NA,0
667,5,148,NA,NA,NA,0
668,3,149,"E",NA,NA,0
669,3,149,NA,NA,NA,0
670,3,149,NA,NA,NA,0
671,6,150,NA,NA,NA,0
672,6,150,NA,NA,NA,0
673,6,150,NA,NA,NA,0
674,6,150,"E",277,NA,0
675,6,150,NA,NA,NA,0
676,6,150,NA,NA,NA,0
677,3,151,NA,NA,NA,0
678,3,151,NA,NA,NA,0
679,3,151,NA,NA,NA,0
680,5,152,"E",294,NA,0
681,5,152,NA,NA,NA,0
682,5,152,NA,NA,NA,0
683,5,152,NA,NA,NA,0
684,5,152,NA,NA,NA,0
685,3,153,NA,NA,NA,0
686,3,153,NA,NA,NA,0
687,3,153,NA,NA,NA,0
688,4,154,NA,NA,NA,0
689,4,154,NA,NA,NA,0
690,4,154,NA,NA,NA,0
691,4,154,"E",182,NA,0
692,3,155,NA,NA,NA,0
693,3,155,NA,NA,NA,0
694,3,155,NA,NA,NA,0
695,3,156,NA,NA,NA,0
696,3,156,NA,NA,NA,0
697,3,156,NA,NA,NA,0
698,6,157,NA,NA,NA,0
699,6,157,NA,NA,NA,0
700,6,157,NA,NA,NA,0
701,6,157,NA,NA,NA,0
702,6,157,NA,NA,NA,0
703,6,157,NA,NA,NA,0
704,5,158,NA,NA,NA,0
705,5,158,NA,NA,NA,0
706,5,158,NA,NA,NA,0
707,5,158,NA,NA,NA,0
708,5,158,NA,NA,NA,0
709,4,159,NA,NA,NA,0
710,4,159,NA,NA,NA,0
711,4,159,NA,NA,NA,0
712,4,159,NA,NA,NA,0
713,6,160,NA,NA,NA,0
714,6,160,"E",343,NA,0
715,6,160,"E",225,NA,0
716,6,160,NA,NA,NA,0
717,6,160,NA,NA,NA,0
718,6,160,NA,NA,NA,0
719,6,161,NA,NA,NA,0
720,6,161,NA,NA,NA,0
721,6,161,NA,NA,NA,0
722,6,161,NA,NA,NA,0
723,6,161,"E",242,NA,0
724,6,161,NA,NA,NA,0
725,3,162,"E",243,NA,0
726,3,162,NA,NA,NA,0
727,3,162,NA,NA,NA,0
728,4,163,NA,NA,NA,0
729,4,163,NA,NA,NA,0
730,4,163,NA,NA,NA,0
731,4,163,NA,NA,NA,0
732,4,164,NA,NA,NA,0
733,4,164,NA,NA,NA,0
734,4,164,NA,NA,NA,0
735,4,164,"E",192,NA,0
736,5,165,NA,NA,NA,0
737,5,165,NA,NA,NA,0
738,5,165,"E",152,NA,0
739,5,165,NA,NA,NA,0
740,5,165,NA,NA,NA,0
741,6,166,NA,NA,NA,0
742,6,166,NA,NA,NA,0
743,6,166,NA,NA,NA,0
744,6,166,NA,NA,NA,0
745,6,166,NA,NA,NA,0
746,6,166,NA,NA,NA,0
747,3,167,NA,NA,NA,0
748,3,167,NA,NA,NA,0
749,3,167,NA,NA,NA,0
750,3,168,NA,NA,NA,0
751,3,168,NA,NA,NA,0
752,3,168,"E",343,NA,0
753,5,169,NA,NA,NA,0
754,5,169,NA,NA,NA,0
755,5,169,NA,NA,NA,0
756,5,169,NA,NA,NA,0
757,5,169,NA,NA,NA,0
758,6,170,"E",266,NA,0
759,6,170,NA,NA,NA,0
760,6,170,NA,NA,NA,0
761,6,170,NA,NA,NA,0
762,6,170,NA,NA,NA,0
763,6,170,NA,NA,NA,0
764,4,171,"E",202,NA,0
765,4,171,NA,NA,NA,0
766,4,171,NA,NA,NA,0
767,4,171,NA,NA,NA,0
768,3,172,NA,NA,NA,0
769,3,172,NA,NA,NA,0
770,3,172,NA,NA,NA,0
771,4,173,NA,NA,NA,0
772,4,173,NA,NA,NA,0
773,4,173,NA,NA,NA,0
774,4,173,NA,NA,NA,0
775,3,174,NA,NA,NA,0
776,3,174,"E",264,NA,0
777,3,174,NA,NA,NA,0
778,6,175,NA,NA,NA,0
779,6,175,NA,NA,NA,0
780,6,175,NA,NA,NA,0
781,6,175,NA,NA,NA,0
782,6,175,NA,NA,NA,0
783,6,175,NA,NA,NA,0
784,4,176,NA,NA,NA,0
785,4,176,NA,NA,NA,0
786,4,176,NA,NA,NA,0
787,4,176,NA,NA,NA,0
788,5,177,NA,NA,NA,0
789,5,177,NA,NA,NA,0
790,5,177,"E",45,NA,0
791,5,177,NA,NA,NA,0
792,5,177,NA,NA,NA,0
793,4,178,NA,NA,NA,0
794,4,178,NA,NA,NA,0
795,4,178,NA,NA,NA,0
796,4,178,NA,NA,NA,0
797,4,179,NA,NA,NA,0
798,4,179,NA,NA,NA,0
799,4,179,NA,NA,NA,0
800,4,179,NA,NA,NA,0
801,5,180,NA,NA,NA,0
802,5,180,NA,NA,NA,0
803,5,180,NA,NA,NA,0
804,5,180,NA,NA,NA,0
805,5,180,NA,NA,NA,0
806,3,181,NA,NA,NA,0
807,3,181,"E",154,NA,0
808,3,181,NA,NA,NA,0
809,4,182,NA,NA,NA,0
810,4,182,NA,NA,NA,0
811,4,182,NA,NA,NA,0
812,4,182,NA,NA,NA,0
813,5,183,NA,NA,NA,0
814,5,183,NA,NA,NA,0
815,5,183,NA,NA,NA,0
816,5,183,NA,NA,NA,0
817,5,183,NA,NA,NA,0
818,3,184,NA,NA,NA,0
819,3,184,NA,NA,NA,0
820,3,184,NA,NA,NA,0
821,4,185,NA,NA,NA,0
822,4,185,NA,NA,NA,0
823,4,185,NA,NA,NA,0
824,4,185,NA,NA,NA,0
825,3,186,NA,NA,NA,0
826,3,186,NA,NA,NA,0
827,3,186,"E",199,NA,0
828,5,187,NA,NA,NA,0
829,5,187,NA,NA,NA,0
830,5,187,NA,NA,NA,0
831,5,187,NA,NA,NA,0
832,5,187,NA,NA,NA,0
833,3,188,"E",328,NA,0
834,3,188,NA,NA,NA,0
835,3,188,NA,NA,NA,0
836,6,189,"E",297,NA,0
837,6,189,NA,NA,NA,0
838,6,189,"E",332,NA,0
839,6,189,NA,NA,NA,0
840,6,189,NA,NA,NA,0
841,6,189,NA,NA,NA,0
842,4,190,NA,NA,NA,0
843,4,190,NA,NA,NA,0
844,4,190,NA,NA,NA,0
845,4,190,NA,NA,NA,0
846,5,191,NA,NA,NA,0
847,5,191,NA,NA,NA,0
848,5,191,NA,NA,NA,0
849,5,191,NA,NA,NA,0
850,5,191,NA,NA,NA,0
851,5,192,NA,NA,NA,0
852,5,192,NA,NA,NA,0
853,5,192,NA,NA,NA,0
854,5,192,NA,NA,NA,0
855,5,192,NA,NA,NA,0
856,5,193,NA,NA,NA,0
857,5,193,NA,NA,NA,0
858,5,193,NA,NA,NA,0
859,5,193,NA,NA,NA,0
860,5,193,NA,NA,NA,0
861,6,194,"E",251,NA,0
862,6,194,NA,NA,NA,0
863,6,194,NA,NA,NA,0
864,6,194,NA,NA,NA,0
865,6,194,NA,NA,NA,0
866,6,194,NA,NA,NA,0
867,6,195,NA,NA,NA,0
868,6,195,NA,NA,NA,0
869,6,195,NA,NA,NA,0
870,6,195,NA,NA,NA,0
871,6,195,NA,NA,NA,0
872,6,195,NA,NA,NA,0
873,4,196,NA,NA,NA,0
874,4,196,"E",108,NA,0
875,4,196,NA,NA,NA,0
876,4,196,NA,NA,NA,0
877,4,197,NA,NA,NA,0
878,4,197,NA,NA,NA,0
879,4,197,"E",319,NA,0
880,4,197,NA,NA,NA,0
881,5,198,NA,NA,NA,0
882,5,198,NA,NA,NA,0
883,5,198,NA,NA,NA,0
884,5,198,NA,NA,NA,0
885,5,198,NA,NA,NA,0
886,3,199,NA,NA,NA,0
887,3,199,NA,NA,NA,0
888,3,199,NA,NA,NA,0
889,5,200,NA,NA,NA,0
890,5,200,NA,NA,NA,0
891,5,200,NA,NA,NA,0
892,5,200,"E",244,NA,0
893,5,200,NA,NA,NA,0
894,3,201,NA,NA,NA,0
895,3,201,NA,NA,NA,0
896,3,201,NA,NA,NA,0
897,5,202,NA,NA,NA,0
898,5,202,NA,NA,NA,0
899,5,202,NA,NA,NA,0
900,5,202,"E",268,NA,0
901,5,202,NA,NA,NA,0
902,3,203,NA,NA,NA,0
903,3,203,NA,NA,NA,0
904,3,203,NA,NA,NA,0
905,5,204,NA,NA,NA,0
906,5,204,NA,NA,NA,0
907,5,204,NA,NA,NA,0
908,5,204,NA,NA,NA,0
909,5,204,NA,NA,NA,0
910,6,205,NA,NA,NA,0
911,6,205,NA,NA,NA,0
912,6,205,"E",309,NA,0
913,6,205,NA,NA,NA,0
914,6,205,NA,NA,NA,0
915,6,205,"E",128,NA,0
916,6,206,NA,NA,NA,0
917,6,206,NA,NA,NA,0
918,6,206,NA,NA,NA,0
919,6,206,NA,NA,NA,0
920,6,206,NA,NA,NA,0
921,6,206,NA,NA,NA,0
922,5,207,"E",247,NA,0
923,5,207,"E",171,NA,0
924,5,207,NA,NA,NA,0
925,5,207,NA,NA,NA,0
926,5,207,NA,NA,NA,0
927,5,208,NA,NA,NA,0
928,5,208,"E",NA,NA,0
929,5,208,NA,NA,NA,0
930,5,208,NA,NA,NA,0
931,5,208,NA,NA,NA,0
932,4,209,NA,NA,NA,0
933,4,209,NA,NA,NA,0
934,4,209,NA,NA,NA,0
935,4,209,NA,NA,NA,0
936,4,210,NA,NA,NA,0
937,4,210,"E",271,NA,0
938,4,210,NA,NA,NA,0
939,4,210,NA,NA,NA,0
940,3,211,NA,NA,NA,0
941,3,211,NA,NA,NA,0
942,3,211,NA,NA,NA,0
943,3,212,NA,NA,NA,0
944,3,212,NA,NA,NA,0
945,3,212,NA,NA,NA,0
946,6,213,"E",105,NA,0
947,6,213,NA,NA,NA,0
948,6,213,NA,NA,NA,0
949,6,213,NA,NA,NA,0
950,6,213,NA,NA,NA,0
951,6,213,"E",199,NA,0
952,3,214,NA,NA,NA,0
953,3,214,NA,NA,NA,0
954,3,214,NA,NA,NA,0
955,3,215,NA,NA,NA,0
956,3,215,NA,NA,NA,0
957,3,215,NA,NA,NA,0
958,4,216,NA,NA,NA,0
959,4,216,NA,NA,NA,0
960,4,216,NA,NA,NA,0
961,4,216,NA,NA,NA,0
962,6,217,NA,NA,NA,0
963,6,217,NA,NA,NA,0
964,6,217,NA,NA,NA,0
965,6,217,NA,NA,NA,0
966,6,217,NA,NA,NA,0
967,6,217,NA,NA,NA,0
968,4,218,NA,NA,NA,0
969,4,218,NA,NA,NA,0
970,4,218,NA,NA,NA,0
971,4,218,NA,NA,NA,0
972,3,219,NA,NA,NA,0
973,3,219,NA,NA,NA,0
974,3,219,NA,NA,NA,0
975,3,220,NA,NA,NA,0
976,3,220,NA,NA,NA,0
977,3,220,"E",192,NA,0
978,6,221,NA,NA,NA,0
979,6,221,NA,NA,NA,0
980,6,221,NA,NA,NA,0
981,6,221,"E",NA,NA,0
982,6,221,NA,NA,NA,0
983,6,221,NA,NA,NA,0
984,3,222,NA,NA,NA,0
985,3,222,"E",300,NA,0
986,3,222,NA,NA,NA,0
987,4,223,NA,NA,NA,0
988,4,223,NA,NA,NA,0
989,4,223,NA,NA,NA,0
990,4,223,"E",249,NA,0
991,6,224,NA,NA,NA,0
992,6,224,NA,NA,NA,0
993,6,224,NA,NA,NA,0
994,6,224,NA,NA,NA,0
995,6,224,NA,NA,NA,0
996,6,224,"E",NA,NA,0
997,4,225,NA,NA,NA,0
998,4,225,NA,NA,NA,0
999,4,225,NA,NA,NA,0
1000,4,225,"E",344,NA,0
