"","ID","SIZE","HH","TYPE","TIME","S_num","I_num"
"1",1,4,1,"0",24,NA,0
"2",2,4,1,NA,NA,NA,0
"3",3,4,1,"E",76,NA,0
"4",4,4,1,NA,NA,NA,0
"5",5,5,2,NA,NA,NA,0
"6",6,5,2,"E",117,NA,0
"7",7,5,2,"E",172,NA,0
"8",8,5,2,NA,NA,NA,0
"9",9,5,2,NA,NA,NA,0
"10",10,6,3,NA,NA,NA,0
"11",11,6,3,NA,NA,NA,0
"12",12,6,3,"E",152,NA,0
"13",13,6,3,"E",284,NA,0
"14",14,6,3,"E",169,NA,0
"15",15,6,3,"E",NA,NA,0
"16",16,4,4,NA,NA,NA,0
"17",17,4,4,NA,NA,NA,0
"18",18,4,4,NA,NA,NA,0
"19",19,4,4,NA,NA,NA,0
"20",20,4,5,"E",311,NA,0
"21",21,4,5,NA,NA,NA,0
"22",22,4,5,NA,NA,NA,0
"23",23,4,5,"E",182,NA,0
"24",24,3,6,"E",180,NA,0
"25",25,3,6,NA,NA,NA,0
"26",26,3,6,NA,NA,NA,0
"27",27,3,7,NA,NA,NA,0
"28",28,3,7,NA,NA,NA,0
"29",29,3,7,NA,NA,NA,0
"30",30,3,8,NA,NA,NA,0
"31",31,3,8,NA,NA,NA,0
"32",32,3,8,NA,NA,NA,0
"33",33,3,9,"E",113,NA,0
"34",34,3,9,"E",120,NA,0
"35",35,3,9,NA,NA,NA,0
"36",36,6,10,NA,NA,NA,0
"37",37,6,10,NA,NA,NA,0
"38",38,6,10,"E",231,NA,0
"39",39,6,10,"E",19,NA,0
"40",40,6,10,"E",164,NA,0
"41",41,6,10,NA,NA,NA,0
"42",42,4,11,NA,NA,NA,0
"43",43,4,11,"E",42,NA,0
"44",44,4,11,"E",73,NA,0
"45",45,4,11,NA,NA,NA,0
"46",46,5,12,NA,NA,NA,0
"47",47,5,12,"E",285,NA,0
"48",48,5,12,NA,NA,NA,0
"49",49,5,12,NA,NA,NA,0
"50",50,5,12,NA,NA,NA,0
"51",51,5,13,NA,NA,NA,0
"52",52,5,13,NA,NA,NA,0
"53",53,5,13,NA,NA,NA,0
"54",54,5,13,NA,NA,NA,0
"55",55,5,13,NA,NA,NA,0
"56",56,3,14,NA,NA,NA,0
"57",57,3,14,NA,NA,NA,0
"58",58,3,14,NA,NA,NA,0
"59",59,5,15,"E",352,NA,0
"60",60,5,15,NA,NA,NA,0
"61",61,5,15,NA,NA,NA,0
"62",62,5,15,NA,NA,NA,0
"63",63,5,15,NA,NA,NA,0
"64",64,3,16,"E",178,NA,0
"65",65,3,16,NA,NA,NA,0
"66",66,3,16,NA,NA,NA,0
"67",67,4,17,"E",339,NA,0
"68",68,4,17,NA,NA,NA,0
"69",69,4,17,NA,NA,NA,0
"70",70,4,17,"E",308,NA,0
"71",71,3,18,NA,NA,NA,0
"72",72,3,18,NA,NA,NA,0
"73",73,3,18,NA,NA,NA,0
"74",74,6,19,NA,NA,NA,0
"75",75,6,19,"E",129,NA,0
"76",76,6,19,"E",66,NA,0
"77",77,6,19,NA,NA,NA,0
"78",78,6,19,NA,NA,NA,0
"79",79,6,19,NA,NA,NA,0
"80",80,5,20,NA,NA,NA,0
"81",81,5,20,NA,NA,NA,0
"82",82,5,20,NA,NA,NA,0
"83",83,5,20,"E",313,NA,0
"84",84,5,20,NA,NA,NA,0
"85",85,6,21,NA,NA,NA,0
"86",86,6,21,NA,NA,NA,0
"87",87,6,21,"E",202,NA,0
"88",88,6,21,"E",88,NA,0
"89",89,6,21,NA,NA,NA,0
"90",90,6,21,NA,NA,NA,0
"91",91,4,22,"E",269,NA,0
"92",92,4,22,"E",269,NA,0
"93",93,4,22,NA,NA,NA,0
"94",94,4,22,NA,NA,NA,0
"95",95,5,23,NA,NA,NA,0
"96",96,5,23,NA,NA,NA,0
"97",97,5,23,NA,NA,NA,0
"98",98,5,23,"E",271,NA,0
"99",99,5,23,"E",276,NA,0
"100",100,3,24,"E",64,NA,0
"101",101,3,24,NA,NA,NA,0
"102",102,3,24,NA,NA,NA,0
"103",103,5,25,"E",352,NA,0
"104",104,5,25,"E",221,NA,0
"105",105,5,25,NA,NA,NA,0
"106",106,5,25,"E",266,NA,0
"107",107,5,25,"E",120,NA,0
"108",108,5,26,"E",171,NA,0
"109",109,5,26,NA,NA,NA,0
"110",110,5,26,NA,NA,NA,0
"111",111,5,26,"E",230,NA,0
"112",112,5,26,NA,NA,NA,0
"113",113,3,27,NA,NA,NA,0
"114",114,3,27,"E",77,NA,0
"115",115,3,27,"E",106,NA,0
"116",116,3,28,"E",184,NA,0
"117",117,3,28,NA,NA,NA,0
"118",118,3,28,"E",175,NA,0
"119",119,6,29,NA,NA,NA,0
"120",120,6,29,NA,NA,NA,0
"121",121,6,29,NA,NA,NA,0
"122",122,6,29,NA,NA,NA,0
"123",123,6,29,"E",270,NA,0
"124",124,6,29,NA,NA,NA,0
"125",125,6,30,"E",229,NA,0
"126",126,6,30,NA,NA,NA,0
"127",127,6,30,NA,NA,NA,0
"128",128,6,30,NA,NA,NA,0
"129",129,6,30,"E",151,NA,0
"130",130,6,30,NA,NA,NA,0
"131",131,6,31,NA,NA,NA,0
"132",132,6,31,NA,NA,NA,0
"133",133,6,31,NA,NA,NA,0
"134",134,6,31,"E",166,NA,0
"135",135,6,31,NA,NA,NA,0
"136",136,6,31,NA,NA,NA,0
"137",137,6,32,"E",55,NA,0
"138",138,6,32,NA,NA,NA,0
"139",139,6,32,NA,NA,NA,0
"140",140,6,32,NA,NA,NA,0
"141",141,6,32,NA,NA,NA,0
"142",142,6,32,NA,NA,NA,0
"143",143,6,33,NA,NA,NA,0
"144",144,6,33,NA,NA,NA,0
"145",145,6,33,NA,NA,NA,0
"146",146,6,33,NA,NA,NA,0
"147",147,6,33,"E",210,NA,0
"148",148,6,33,NA,NA,NA,0
"149",149,4,34,NA,NA,NA,0
"150",150,4,34,NA,NA,NA,0
"151",151,4,34,"E",156,NA,0
"152",152,4,34,NA,NA,NA,0
"153",153,6,35,NA,NA,NA,0
"154",154,6,35,NA,NA,NA,0
"155",155,6,35,NA,NA,NA,0
"156",156,6,35,NA,NA,NA,0
"157",157,6,35,NA,NA,NA,0
"158",158,6,35,"E",NA,NA,0
"159",159,4,36,NA,NA,NA,0
"160",160,4,36,"E",NA,NA,0
"161",161,4,36,"E",307,NA,0
"162",162,4,36,NA,NA,NA,0
"163",163,4,37,"E",47,NA,0
"164",164,4,37,NA,NA,NA,0
"165",165,4,37,NA,NA,NA,0
"166",166,4,37,NA,NA,NA,0
"167",167,5,38,NA,NA,NA,0
"168",168,5,38,NA,NA,NA,0
"169",169,5,38,NA,NA,NA,0
"170",170,5,38,"E",108,NA,0
"171",171,5,38,NA,NA,NA,0
"172",172,3,39,NA,NA,NA,0
"173",173,3,39,NA,NA,NA,0
"174",174,3,39,"E",260,NA,0
"175",175,6,40,"E",106,NA,0
"176",176,6,40,"E",228,NA,0
"177",177,6,40,"E",218,NA,0
"178",178,6,40,"E",213,NA,0
"179",179,6,40,"E",116,NA,0
"180",180,6,40,NA,NA,NA,0
"181",181,5,41,"E",61,NA,0
"182",182,5,41,NA,NA,NA,0
"183",183,5,41,"E",323,NA,0
"184",184,5,41,"E",293,NA,0
"185",185,5,41,NA,NA,NA,0
"186",186,6,42,NA,NA,NA,0
"187",187,6,42,NA,NA,NA,0
"188",188,6,42,NA,NA,NA,0
"189",189,6,42,NA,NA,NA,0
"190",190,6,42,NA,NA,NA,0
"191",191,6,42,NA,NA,NA,0
"192",192,3,43,"E",98,NA,0
"193",193,3,43,"E",236,NA,0
"194",194,3,43,NA,NA,NA,0
"195",195,6,44,"E",304,NA,0
"196",196,6,44,"E",101,NA,0
"197",197,6,44,NA,NA,NA,0
"198",198,6,44,NA,NA,NA,0
"199",199,6,44,NA,NA,NA,0
"200",200,6,44,NA,NA,NA,0
"201",201,5,45,"E",70,NA,0
"202",202,5,45,NA,NA,NA,0
"203",203,5,45,"E",207,NA,0
"204",204,5,45,NA,NA,NA,0
"205",205,5,45,NA,NA,NA,0
"206",206,4,46,NA,NA,NA,0
"207",207,4,46,"E",93,NA,0
"208",208,4,46,"E",181,NA,0
"209",209,4,46,NA,NA,NA,0
"210",210,5,47,NA,NA,NA,0
"211",211,5,47,NA,NA,NA,0
"212",212,5,47,NA,NA,NA,0
"213",213,5,47,NA,NA,NA,0
"214",214,5,47,"E",228,NA,0
"215",215,5,48,"E",209,NA,0
"216",216,5,48,"E",77,NA,0
"217",217,5,48,"E",185,NA,0
"218",218,5,48,NA,NA,NA,0
"219",219,5,48,"E",250,NA,0
"220",220,4,49,NA,NA,NA,0
"221",221,4,49,NA,NA,NA,0
"222",222,4,49,NA,NA,NA,0
"223",223,4,49,"E",312,NA,0
"224",224,5,50,"E",187,NA,0
"225",225,5,50,"E",239,NA,0
"226",226,5,50,NA,NA,NA,0
"227",227,5,50,NA,NA,NA,0
"228",228,5,50,NA,NA,NA,0
"229",229,4,51,"E",194,NA,0
"230",230,4,51,NA,NA,NA,0
"231",231,4,51,"E",153,NA,0
"232",232,4,51,NA,NA,NA,0
"233",233,5,52,NA,NA,NA,0
"234",234,5,52,"E",NA,NA,0
"235",235,5,52,NA,NA,NA,0
"236",236,5,52,"E",145,NA,0
"237",237,5,52,"E",88,NA,0
"238",238,3,53,NA,NA,NA,0
"239",239,3,53,NA,NA,NA,0
"240",240,3,53,"E",196,NA,0
"241",241,5,54,NA,NA,NA,0
"242",242,5,54,NA,NA,NA,0
"243",243,5,54,NA,NA,NA,0
"244",244,5,54,NA,NA,NA,0
"245",245,5,54,"E",229,NA,0
"246",246,4,55,NA,NA,NA,0
"247",247,4,55,NA,NA,NA,0
"248",248,4,55,NA,NA,NA,0
"249",249,4,55,NA,NA,NA,0
"250",250,4,56,NA,NA,NA,0
"251",251,4,56,"E",203,NA,0
"252",252,4,56,NA,NA,NA,0
"253",253,4,56,NA,NA,NA,0
"254",254,6,57,"E",203,NA,0
"255",255,6,57,NA,NA,NA,0
"256",256,6,57,NA,NA,NA,0
"257",257,6,57,"E",327,NA,0
"258",258,6,57,"E",267,NA,0
"259",259,6,57,NA,NA,NA,0
"260",260,5,58,"E",134,NA,0
"261",261,5,58,"E",290,NA,0
"262",262,5,58,NA,NA,NA,0
"263",263,5,58,NA,NA,NA,0
"264",264,5,58,NA,NA,NA,0
"265",265,5,59,NA,NA,NA,0
"266",266,5,59,"E",212,NA,0
"267",267,5,59,"E",349,NA,0
"268",268,5,59,NA,NA,NA,0
"269",269,5,59,NA,NA,NA,0
"270",270,6,60,"E",191,NA,0
"271",271,6,60,NA,NA,NA,0
"272",272,6,60,NA,NA,NA,0
"273",273,6,60,"E",162,NA,0
"274",274,6,60,NA,NA,NA,0
"275",275,6,60,"E",241,NA,0
"276",276,6,61,NA,NA,NA,0
"277",277,6,61,"E",182,NA,0
"278",278,6,61,NA,NA,NA,0
"279",279,6,61,NA,NA,NA,0
"280",280,6,61,NA,NA,NA,0
"281",281,6,61,NA,NA,NA,0
"282",282,5,62,NA,NA,NA,0
"283",283,5,62,"E",231,NA,0
"284",284,5,62,NA,NA,NA,0
"285",285,5,62,"E",287,NA,0
"286",286,5,62,"E",352,NA,0
"287",287,3,63,NA,NA,NA,0
"288",288,3,63,"E",111,NA,0
"289",289,3,63,NA,NA,NA,0
"290",290,4,64,NA,NA,NA,0
"291",291,4,64,"E",348,NA,0
"292",292,4,64,NA,NA,NA,0
"293",293,4,64,NA,NA,NA,0
"294",294,3,65,NA,NA,NA,0
"295",295,3,65,NA,NA,NA,0
"296",296,3,65,"E",283,NA,0
"297",297,4,66,NA,NA,NA,0
"298",298,4,66,NA,NA,NA,0
"299",299,4,66,"E",124,NA,0
"300",300,4,66,NA,NA,NA,0
"301",301,6,67,"E",265,NA,0
"302",302,6,67,NA,NA,NA,0
"303",303,6,67,"E",210,NA,0
"304",304,6,67,NA,NA,NA,0
"305",305,6,67,NA,NA,NA,0
"306",306,6,67,"E",150,NA,0
"307",307,4,68,NA,NA,NA,0
"308",308,4,68,NA,NA,NA,0
"309",309,4,68,"E",183,NA,0
"310",310,4,68,"E",121,NA,0
"311",311,4,69,NA,NA,NA,0
"312",312,4,69,"E",283,NA,0
"313",313,4,69,NA,NA,NA,0
"314",314,4,69,NA,NA,NA,0
"315",315,6,70,"E",82,NA,0
"316",316,6,70,NA,NA,NA,0
"317",317,6,70,"E",328,NA,0
"318",318,6,70,NA,NA,NA,0
"319",319,6,70,NA,NA,NA,0
"320",320,6,70,"E",67,NA,0
"321",321,4,71,NA,NA,NA,0
"322",322,4,71,NA,NA,NA,0
"323",323,4,71,NA,NA,NA,0
"324",324,4,71,"E",62,NA,0
"325",325,4,72,"E",168,NA,0
"326",326,4,72,NA,NA,NA,0
"327",327,4,72,NA,NA,NA,0
"328",328,4,72,NA,NA,NA,0
"329",329,4,73,NA,NA,NA,0
"330",330,4,73,NA,NA,NA,0
"331",331,4,73,NA,NA,NA,0
"332",332,4,73,NA,NA,NA,0
"333",333,6,74,NA,NA,NA,0
"334",334,6,74,"E",92,NA,0
"335",335,6,74,NA,NA,NA,0
"336",336,6,74,NA,NA,NA,0
"337",337,6,74,NA,NA,NA,0
"338",338,6,74,"E",178,NA,0
"339",339,5,75,"E",28,NA,0
"340",340,5,75,NA,NA,NA,0
"341",341,5,75,"E",204,NA,0
"342",342,5,75,NA,NA,NA,0
"343",343,5,75,NA,NA,NA,0
"344",344,5,76,NA,NA,NA,0
"345",345,5,76,NA,NA,NA,0
"346",346,5,76,NA,NA,NA,0
"347",347,5,76,"E",143,NA,0
"348",348,5,76,NA,NA,NA,0
"349",349,5,77,"E",NA,NA,0
"350",350,5,77,"E",207,NA,0
"351",351,5,77,"E",260,NA,0
"352",352,5,77,"E",77,NA,0
"353",353,5,77,"E",243,NA,0
"354",354,3,78,NA,NA,NA,0
"355",355,3,78,"E",300,NA,0
"356",356,3,78,NA,NA,NA,0
"357",357,6,79,"E",322,NA,0
"358",358,6,79,"E",82,NA,0
"359",359,6,79,NA,NA,NA,0
"360",360,6,79,"E",182,NA,0
"361",361,6,79,"E",197,NA,0
"362",362,6,79,NA,NA,NA,0
"363",363,4,80,NA,NA,NA,0
"364",364,4,80,"E",211,NA,0
"365",365,4,80,NA,NA,NA,0
"366",366,4,80,NA,NA,NA,0
"367",367,4,81,NA,NA,NA,0
"368",368,4,81,"E",140,NA,0
"369",369,4,81,"E",181,NA,0
"370",370,4,81,"E",294,NA,0
"371",371,5,82,NA,NA,NA,0
"372",372,5,82,NA,NA,NA,0
"373",373,5,82,NA,NA,NA,0
"374",374,5,82,NA,NA,NA,0
"375",375,5,82,NA,NA,NA,0
"376",376,6,83,NA,NA,NA,0
"377",377,6,83,"E",99,NA,0
"378",378,6,83,NA,NA,NA,0
"379",379,6,83,"E",84,NA,0
"380",380,6,83,NA,NA,NA,0
"381",381,6,83,"E",323,NA,0
"382",382,3,84,NA,NA,NA,0
"383",383,3,84,NA,NA,NA,0
"384",384,3,84,NA,NA,NA,0
"385",385,6,85,NA,NA,NA,0
"386",386,6,85,"E",254,NA,0
"387",387,6,85,"E",233,NA,0
"388",388,6,85,"E",173,NA,0
"389",389,6,85,NA,NA,NA,0
"390",390,6,85,NA,NA,NA,0
"391",391,4,86,NA,NA,NA,0
"392",392,4,86,"E",97,NA,0
"393",393,4,86,NA,NA,NA,0
"394",394,4,86,"E",207,NA,0
"395",395,4,87,NA,NA,NA,0
"396",396,4,87,NA,NA,NA,0
"397",397,4,87,NA,NA,NA,0
"398",398,4,87,NA,NA,NA,0
"399",399,4,88,NA,NA,NA,0
"400",400,4,88,NA,NA,NA,0
"401",401,4,88,NA,NA,NA,0
"402",402,4,88,"E",231,NA,0
"403",403,6,89,NA,NA,NA,0
"404",404,6,89,NA,NA,NA,0
"405",405,6,89,NA,NA,NA,0
"406",406,6,89,NA,NA,NA,0
"407",407,6,89,"E",158,NA,0
"408",408,6,89,NA,NA,NA,0
"409",409,6,90,NA,NA,NA,0
"410",410,6,90,NA,NA,NA,0
"411",411,6,90,"E",344,NA,0
"412",412,6,90,"E",NA,NA,0
"413",413,6,90,"E",210,NA,0
"414",414,6,90,NA,NA,NA,0
"415",415,6,91,NA,NA,NA,0
"416",416,6,91,"E",288,NA,0
"417",417,6,91,NA,NA,NA,0
"418",418,6,91,"E",NA,NA,0
"419",419,6,91,"E",177,NA,0
"420",420,6,91,NA,NA,NA,0
"421",421,3,92,NA,NA,NA,0
"422",422,3,92,NA,NA,NA,0
"423",423,3,92,NA,NA,NA,0
"424",424,4,93,NA,NA,NA,0
"425",425,4,93,"E",244,NA,0
"426",426,4,93,NA,NA,NA,0
"427",427,4,93,NA,NA,NA,0
"428",428,4,94,"E",365,NA,0
"429",429,4,94,NA,NA,NA,0
"430",430,4,94,"E",32,NA,0
"431",431,4,94,NA,NA,NA,0
"432",432,4,95,NA,NA,NA,0
"433",433,4,95,NA,NA,NA,0
"434",434,4,95,NA,NA,NA,0
"435",435,4,95,NA,NA,NA,0
"436",436,5,96,"E",156,NA,0
"437",437,5,96,NA,NA,NA,0
"438",438,5,96,NA,NA,NA,0
"439",439,5,96,"E",NA,NA,0
"440",440,5,96,NA,NA,NA,0
"441",441,5,97,NA,NA,NA,0
"442",442,5,97,NA,NA,NA,0
"443",443,5,97,NA,NA,NA,0
"444",444,5,97,"E",294,NA,0
"445",445,5,97,"E",338,NA,0
"446",446,6,98,NA,NA,NA,0
"447",447,6,98,NA,NA,NA,0
"448",448,6,98,"E",204,NA,0
"449",449,6,98,"E",302,NA,0
"450",450,6,98,NA,NA,NA,0
"451",451,6,98,"E",289,NA,0
"452",452,4,99,NA,NA,NA,0
"453",453,4,99,"E",337,NA,0
"454",454,4,99,"E",48,NA,0
"455",455,4,99,NA,NA,NA,0
"456",456,5,100,"E",47,NA,0
"457",457,5,100,NA,NA,NA,0
"458",458,5,100,NA,NA,NA,0
"459",459,5,100,"E",319,NA,0
"460",460,5,100,"E",354,NA,0
"461",461,3,101,"E",305,NA,0
"462",462,3,101,"E",180,NA,0
"463",463,3,101,"E",50,NA,0
"464",464,4,102,"E",250,NA,0
"465",465,4,102,NA,NA,NA,0
"466",466,4,102,NA,NA,NA,0
"467",467,4,102,NA,NA,NA,0
"468",468,6,103,NA,NA,NA,0
"469",469,6,103,"E",82,NA,0
"470",470,6,103,"E",117,NA,0
"471",471,6,103,NA,NA,NA,0
"472",472,6,103,"E",135,NA,0
"473",473,6,103,NA,NA,NA,0
"474",474,6,104,NA,NA,NA,0
"475",475,6,104,NA,NA,NA,0
"476",476,6,104,"E",NA,NA,0
"477",477,6,104,"E",NA,NA,0
"478",478,6,104,NA,NA,NA,0
"479",479,6,104,NA,NA,NA,0
"480",480,3,105,NA,NA,NA,0
"481",481,3,105,"E",86,NA,0
"482",482,3,105,"E",61,NA,0
"483",483,4,106,"E",136,NA,0
"484",484,4,106,NA,NA,NA,0
"485",485,4,106,NA,NA,NA,0
"486",486,4,106,"E",172,NA,0
"487",487,4,107,NA,NA,NA,0
"488",488,4,107,NA,NA,NA,0
"489",489,4,107,NA,NA,NA,0
"490",490,4,107,NA,NA,NA,0
"491",491,3,108,"E",51,NA,0
"492",492,3,108,NA,NA,NA,0
"493",493,3,108,NA,NA,NA,0
"494",494,6,109,NA,NA,NA,0
"495",495,6,109,NA,NA,NA,0
"496",496,6,109,NA,NA,NA,0
"497",497,6,109,"E",72,NA,0
"498",498,6,109,"E",178,NA,0
"499",499,6,109,NA,NA,NA,0
"500",500,6,110,"E",142,NA,0
"501",501,6,110,NA,NA,NA,0
"502",502,6,110,"E",125,NA,0
"503",503,6,110,"E",354,NA,0
"504",504,6,110,NA,NA,NA,0
"505",505,6,110,NA,NA,NA,0
"506",506,6,111,NA,NA,NA,0
"507",507,6,111,NA,NA,NA,0
"508",508,6,111,NA,NA,NA,0
"509",509,6,111,NA,NA,NA,0
"510",510,6,111,"E",344,NA,0
"511",511,6,111,NA,NA,NA,0
"512",512,5,112,NA,NA,NA,0
"513",513,5,112,"E",245,NA,0
"514",514,5,112,NA,NA,NA,0
"515",515,5,112,NA,NA,NA,0
"516",516,5,112,"E",174,NA,0
"517",517,4,113,"E",116,NA,0
"518",518,4,113,NA,NA,NA,0
"519",519,4,113,NA,NA,NA,0
"520",520,4,113,NA,NA,NA,0
"521",521,6,114,NA,NA,NA,0
"522",522,6,114,NA,NA,NA,0
"523",523,6,114,"E",351,NA,0
"524",524,6,114,NA,NA,NA,0
"525",525,6,114,"E",NA,NA,0
"526",526,6,114,NA,NA,NA,0
"527",527,4,115,NA,NA,NA,0
"528",528,4,115,NA,NA,NA,0
"529",529,4,115,NA,NA,NA,0
"530",530,4,115,NA,NA,NA,0
"531",531,5,116,NA,NA,NA,0
"532",532,5,116,NA,NA,NA,0
"533",533,5,116,"E",208,NA,0
"534",534,5,116,"E",178,NA,0
"535",535,5,116,"E",NA,NA,0
"536",536,6,117,NA,NA,NA,0
"537",537,6,117,"E",88,NA,0
"538",538,6,117,"E",259,NA,0
"539",539,6,117,NA,NA,NA,0
"540",540,6,117,"E",335,NA,0
"541",541,6,117,NA,NA,NA,0
"542",542,3,118,NA,NA,NA,0
"543",543,3,118,NA,NA,NA,0
"544",544,3,118,NA,NA,NA,0
"545",545,4,119,NA,NA,NA,0
"546",546,4,119,NA,NA,NA,0
"547",547,4,119,NA,NA,NA,0
"548",548,4,119,NA,NA,NA,0
"549",549,5,120,"E",121,NA,0
"550",550,5,120,"E",186,NA,0
"551",551,5,120,"E",111,NA,0
"552",552,5,120,NA,NA,NA,0
"553",553,5,120,NA,NA,NA,0
"554",554,5,121,"E",84,NA,0
"555",555,5,121,"E",175,NA,0
"556",556,5,121,"E",153,NA,0
"557",557,5,121,NA,NA,NA,0
"558",558,5,121,NA,NA,NA,0
"559",559,3,122,NA,NA,NA,0
"560",560,3,122,NA,NA,NA,0
"561",561,3,122,NA,NA,NA,0
"562",562,3,123,NA,NA,NA,0
"563",563,3,123,NA,NA,NA,0
"564",564,3,123,NA,NA,NA,0
"565",565,3,124,NA,NA,NA,0
"566",566,3,124,NA,NA,NA,0
"567",567,3,124,NA,NA,NA,0
"568",568,5,125,NA,NA,NA,0
"569",569,5,125,"E",285,NA,0
"570",570,5,125,NA,NA,NA,0
"571",571,5,125,NA,NA,NA,0
"572",572,5,125,NA,NA,NA,0
"573",573,3,126,NA,NA,NA,0
"574",574,3,126,NA,NA,NA,0
"575",575,3,126,NA,NA,NA,0
"576",576,6,127,"E",187,NA,0
"577",577,6,127,NA,NA,NA,0
"578",578,6,127,"E",169,NA,0
"579",579,6,127,NA,NA,NA,0
"580",580,6,127,NA,NA,NA,0
"581",581,6,127,NA,NA,NA,0
"582",582,6,128,NA,NA,NA,0
"583",583,6,128,"E",76,NA,0
"584",584,6,128,NA,NA,NA,0
"585",585,6,128,"E",92,NA,0
"586",586,6,128,"E",238,NA,0
"587",587,6,128,NA,NA,NA,0
"588",588,6,129,"E",146,NA,0
"589",589,6,129,NA,NA,NA,0
"590",590,6,129,NA,NA,NA,0
"591",591,6,129,NA,NA,NA,0
"592",592,6,129,NA,NA,NA,0
"593",593,6,129,NA,NA,NA,0
"594",594,5,130,NA,NA,NA,0
"595",595,5,130,NA,NA,NA,0
"596",596,5,130,NA,NA,NA,0
"597",597,5,130,NA,NA,NA,0
"598",598,5,130,NA,NA,NA,0
"599",599,4,131,NA,NA,NA,0
"600",600,4,131,NA,NA,NA,0
"601",601,4,131,NA,NA,NA,0
"602",602,4,131,"E",127,NA,0
"603",603,3,132,NA,NA,NA,0
"604",604,3,132,NA,NA,NA,0
"605",605,3,132,NA,NA,NA,0
"606",606,5,133,"E",NA,NA,0
"607",607,5,133,NA,NA,NA,0
"608",608,5,133,NA,NA,NA,0
"609",609,5,133,NA,NA,NA,0
"610",610,5,133,NA,NA,NA,0
"611",611,3,134,NA,NA,NA,0
"612",612,3,134,NA,NA,NA,0
"613",613,3,134,NA,NA,NA,0
"614",614,4,135,"E",54,NA,0
"615",615,4,135,"E",322,NA,0
"616",616,4,135,NA,NA,NA,0
"617",617,4,135,NA,NA,NA,0
"618",618,4,136,NA,NA,NA,0
"619",619,4,136,NA,NA,NA,0
"620",620,4,136,NA,NA,NA,0
"621",621,4,136,NA,NA,NA,0
"622",622,5,137,NA,NA,NA,0
"623",623,5,137,NA,NA,NA,0
"624",624,5,137,NA,NA,NA,0
"625",625,5,137,"E",150,NA,0
"626",626,5,137,NA,NA,NA,0
"627",627,6,138,NA,NA,NA,0
"628",628,6,138,NA,NA,NA,0
"629",629,6,138,"E",68,NA,0
"630",630,6,138,NA,NA,NA,0
"631",631,6,138,NA,NA,NA,0
"632",632,6,138,"E",31,NA,0
"633",633,5,139,"E",112,NA,0
"634",634,5,139,NA,NA,NA,0
"635",635,5,139,NA,NA,NA,0
"636",636,5,139,NA,NA,NA,0
"637",637,5,139,"E",320,NA,0
"638",638,4,140,NA,NA,NA,0
"639",639,4,140,NA,NA,NA,0
"640",640,4,140,NA,NA,NA,0
"641",641,4,140,"E",55,NA,0
"642",642,4,141,"E",55,NA,0
"643",643,4,141,NA,NA,NA,0
"644",644,4,141,NA,NA,NA,0
"645",645,4,141,NA,NA,NA,0
"646",646,3,142,NA,NA,NA,0
"647",647,3,142,"E",59,NA,0
"648",648,3,142,NA,NA,NA,0
"649",649,6,143,"E",236,NA,0
"650",650,6,143,"E",321,NA,0
"651",651,6,143,NA,NA,NA,0
"652",652,6,143,"E",128,NA,0
"653",653,6,143,NA,NA,NA,0
"654",654,6,143,"E",90,NA,0
"655",655,5,144,NA,NA,NA,0
"656",656,5,144,NA,NA,NA,0
"657",657,5,144,NA,NA,NA,0
"658",658,5,144,NA,NA,NA,0
"659",659,5,144,NA,NA,NA,0
"660",660,5,145,"E",NA,NA,0
"661",661,5,145,NA,NA,NA,0
"662",662,5,145,NA,NA,NA,0
"663",663,5,145,"E",246,NA,0
"664",664,5,145,"E",314,NA,0
"665",665,5,146,"E",54,NA,0
"666",666,5,146,NA,NA,NA,0
"667",667,5,146,"E",52,NA,0
"668",668,5,146,NA,NA,NA,0
"669",669,5,146,"E",228,NA,0
"670",670,6,147,"E",343,NA,0
"671",671,6,147,"E",164,NA,0
"672",672,6,147,NA,NA,NA,0
"673",673,6,147,NA,NA,NA,0
"674",674,6,147,NA,NA,NA,0
"675",675,6,147,NA,NA,NA,0
"676",676,4,148,NA,NA,NA,0
"677",677,4,148,"E",303,NA,0
"678",678,4,148,"E",148,NA,0
"679",679,4,148,"E",100,NA,0
"680",680,5,149,NA,NA,NA,0
"681",681,5,149,NA,NA,NA,0
"682",682,5,149,NA,NA,NA,0
"683",683,5,149,NA,NA,NA,0
"684",684,5,149,NA,NA,NA,0
"685",685,5,150,NA,NA,NA,0
"686",686,5,150,"E",94,NA,0
"687",687,5,150,NA,NA,NA,0
"688",688,5,150,"E",357,NA,0
"689",689,5,150,NA,NA,NA,0
"690",690,5,151,NA,NA,NA,0
"691",691,5,151,"E",101,NA,0
"692",692,5,151,NA,NA,NA,0
"693",693,5,151,NA,NA,NA,0
"694",694,5,151,"E",164,NA,0
"695",695,6,152,NA,NA,NA,0
"696",696,6,152,NA,NA,NA,0
"697",697,6,152,NA,NA,NA,0
"698",698,6,152,"E",268,NA,0
"699",699,6,152,"E",174,NA,0
"700",700,6,152,NA,NA,NA,0
"701",701,3,153,NA,NA,NA,0
"702",702,3,153,NA,NA,NA,0
"703",703,3,153,"E",248,NA,0
"704",704,3,154,"E",230,NA,0
"705",705,3,154,"E",159,NA,0
"706",706,3,154,NA,NA,NA,0
"707",707,6,155,"E",132,NA,0
"708",708,6,155,"E",334,NA,0
"709",709,6,155,NA,NA,NA,0
"710",710,6,155,NA,NA,NA,0
"711",711,6,155,"E",190,NA,0
"712",712,6,155,NA,NA,NA,0
"713",713,5,156,NA,NA,NA,0
"714",714,5,156,NA,NA,NA,0
"715",715,5,156,NA,NA,NA,0
"716",716,5,156,NA,NA,NA,0
"717",717,5,156,NA,NA,NA,0
"718",718,5,157,"E",284,NA,0
"719",719,5,157,NA,NA,NA,0
"720",720,5,157,NA,NA,NA,0
"721",721,5,157,"E",43,NA,0
"722",722,5,157,"E",248,NA,0
"723",723,5,158,NA,NA,NA,0
"724",724,5,158,"E",93,NA,0
"725",725,5,158,NA,NA,NA,0
"726",726,5,158,NA,NA,NA,0
"727",727,5,158,"E",119,NA,0
"728",728,4,159,NA,NA,NA,0
"729",729,4,159,NA,NA,NA,0
"730",730,4,159,"E",37,NA,0
"731",731,4,159,"E",268,NA,0
"732",732,5,160,NA,NA,NA,0
"733",733,5,160,"E",NA,NA,0
"734",734,5,160,NA,NA,NA,0
"735",735,5,160,NA,NA,NA,0
"736",736,5,160,"E",179,NA,0
"737",737,4,161,NA,NA,NA,0
"738",738,4,161,NA,NA,NA,0
"739",739,4,161,NA,NA,NA,0
"740",740,4,161,NA,NA,NA,0
"741",741,6,162,"E",35,NA,0
"742",742,6,162,"E",79,NA,0
"743",743,6,162,NA,NA,NA,0
"744",744,6,162,NA,NA,NA,0
"745",745,6,162,"E",284,NA,0
"746",746,6,162,NA,NA,NA,0
"747",747,5,163,"E",195,NA,0
"748",748,5,163,NA,NA,NA,0
"749",749,5,163,NA,NA,NA,0
"750",750,5,163,NA,NA,NA,0
"751",751,5,163,NA,NA,NA,0
"752",752,4,164,NA,NA,NA,0
"753",753,4,164,NA,NA,NA,0
"754",754,4,164,"E",143,NA,0
"755",755,4,164,NA,NA,NA,0
"756",756,6,165,NA,NA,NA,0
"757",757,6,165,"E",59,NA,0
"758",758,6,165,"E",113,NA,0
"759",759,6,165,"E",107,NA,0
"760",760,6,165,NA,NA,NA,0
"761",761,6,165,NA,NA,NA,0
"762",762,6,166,NA,NA,NA,0
"763",763,6,166,NA,NA,NA,0
"764",764,6,166,NA,NA,NA,0
"765",765,6,166,NA,NA,NA,0
"766",766,6,166,NA,NA,NA,0
"767",767,6,166,NA,NA,NA,0
"768",768,3,167,NA,NA,NA,0
"769",769,3,167,NA,NA,NA,0
"770",770,3,167,NA,NA,NA,0
"771",771,6,168,NA,NA,NA,0
"772",772,6,168,NA,NA,NA,0
"773",773,6,168,NA,NA,NA,0
"774",774,6,168,"E",91,NA,0
"775",775,6,168,NA,NA,NA,0
"776",776,6,168,NA,NA,NA,0
"777",777,4,169,NA,NA,NA,0
"778",778,4,169,NA,NA,NA,0
"779",779,4,169,"E",76,NA,0
"780",780,4,169,NA,NA,NA,0
"781",781,4,170,"E",261,NA,0
"782",782,4,170,NA,NA,NA,0
"783",783,4,170,NA,NA,NA,0
"784",784,4,170,NA,NA,NA,0
"785",785,3,171,"E",306,NA,0
"786",786,3,171,NA,NA,NA,0
"787",787,3,171,"E",40,NA,0
"788",788,3,172,"E",94,NA,0
"789",789,3,172,NA,NA,NA,0
"790",790,3,172,"E",40,NA,0
"791",791,3,173,NA,NA,NA,0
"792",792,3,173,"E",149,NA,0
"793",793,3,173,NA,NA,NA,0
"794",794,6,174,NA,NA,NA,0
"795",795,6,174,NA,NA,NA,0
"796",796,6,174,"E",156,NA,0
"797",797,6,174,"E",89,NA,0
"798",798,6,174,NA,NA,NA,0
"799",799,6,174,NA,NA,NA,0
"800",800,4,175,NA,NA,NA,0
"801",801,4,175,"E",316,NA,0
"802",802,4,175,NA,NA,NA,0
"803",803,4,175,NA,NA,NA,0
"804",804,3,176,"E",55,NA,0
"805",805,3,176,NA,NA,NA,0
"806",806,3,176,NA,NA,NA,0
"807",807,4,177,NA,NA,NA,0
"808",808,4,177,"E",275,NA,0
"809",809,4,177,NA,NA,NA,0
"810",810,4,177,"E",139,NA,0
"811",811,6,178,NA,NA,NA,0
"812",812,6,178,NA,NA,NA,0
"813",813,6,178,NA,NA,NA,0
"814",814,6,178,"E",96,NA,0
"815",815,6,178,"E",147,NA,0
"816",816,6,178,NA,NA,NA,0
"817",817,6,179,NA,NA,NA,0
"818",818,6,179,NA,NA,NA,0
"819",819,6,179,NA,NA,NA,0
"820",820,6,179,NA,NA,NA,0
"821",821,6,179,NA,NA,NA,0
"822",822,6,179,NA,NA,NA,0
"823",823,6,180,NA,NA,NA,0
"824",824,6,180,NA,NA,NA,0
"825",825,6,180,NA,NA,NA,0
"826",826,6,180,NA,NA,NA,0
"827",827,6,180,NA,NA,NA,0
"828",828,6,180,NA,NA,NA,0
"829",829,3,181,"E",145,NA,0
"830",830,3,181,NA,NA,NA,0
"831",831,3,181,NA,NA,NA,0
"832",832,3,182,NA,NA,NA,0
"833",833,3,182,"E",330,NA,0
"834",834,3,182,NA,NA,NA,0
"835",835,5,183,NA,NA,NA,0
"836",836,5,183,NA,NA,NA,0
"837",837,5,183,NA,NA,NA,0
"838",838,5,183,NA,NA,NA,0
"839",839,5,183,NA,NA,NA,0
"840",840,3,184,"E",204,NA,0
"841",841,3,184,"E",51,NA,0
"842",842,3,184,NA,NA,NA,0
"843",843,3,185,NA,NA,NA,0
"844",844,3,185,"E",125,NA,0
"845",845,3,185,"E",200,NA,0
"846",846,6,186,"E",339,NA,0
"847",847,6,186,NA,NA,NA,0
"848",848,6,186,"E",95,NA,0
"849",849,6,186,NA,NA,NA,0
"850",850,6,186,"E",110,NA,0
"851",851,6,186,"E",144,NA,0
"852",852,3,187,NA,NA,NA,0
"853",853,3,187,NA,NA,NA,0
"854",854,3,187,"E",36,NA,0
"855",855,5,188,"E",314,NA,0
"856",856,5,188,"E",274,NA,0
"857",857,5,188,"E",128,NA,0
"858",858,5,188,NA,NA,NA,0
"859",859,5,188,NA,NA,NA,0
"860",860,3,189,NA,NA,NA,0
"861",861,3,189,"E",34,NA,0
"862",862,3,189,NA,NA,NA,0
"863",863,6,190,"E",363,NA,0
"864",864,6,190,"E",205,NA,0
"865",865,6,190,NA,NA,NA,0
"866",866,6,190,"E",138,NA,0
"867",867,6,190,NA,NA,NA,0
"868",868,6,190,NA,NA,NA,0
"869",869,6,191,NA,NA,NA,0
"870",870,6,191,NA,NA,NA,0
"871",871,6,191,NA,NA,NA,0
"872",872,6,191,NA,NA,NA,0
"873",873,6,191,NA,NA,NA,0
"874",874,6,191,NA,NA,NA,0
"875",875,4,192,NA,NA,NA,0
"876",876,4,192,NA,NA,NA,0
"877",877,4,192,NA,NA,NA,0
"878",878,4,192,"E",308,NA,0
"879",879,4,193,"E",89,NA,0
"880",880,4,193,"E",NA,NA,0
"881",881,4,193,NA,NA,NA,0
"882",882,4,193,NA,NA,NA,0
"883",883,4,194,NA,NA,NA,0
"884",884,4,194,NA,NA,NA,0
"885",885,4,194,NA,NA,NA,0
"886",886,4,194,"E",144,NA,0
"887",887,6,195,"E",40,NA,0
"888",888,6,195,NA,NA,NA,0
"889",889,6,195,"E",246,NA,0
"890",890,6,195,NA,NA,NA,0
"891",891,6,195,NA,NA,NA,0
"892",892,6,195,"E",82,NA,0
"893",893,3,196,NA,NA,NA,0
"894",894,3,196,"E",NA,NA,0
"895",895,3,196,NA,NA,NA,0
"896",896,6,197,"E",61,NA,0
"897",897,6,197,NA,NA,NA,0
"898",898,6,197,"E",199,NA,0
"899",899,6,197,NA,NA,NA,0
"900",900,6,197,NA,NA,NA,0
"901",901,6,197,NA,NA,NA,0
"902",902,6,198,"E",289,NA,0
"903",903,6,198,"E",118,NA,0
"904",904,6,198,NA,NA,NA,0
"905",905,6,198,"E",124,NA,0
"906",906,6,198,NA,NA,NA,0
"907",907,6,198,NA,NA,NA,0
"908",908,3,199,"E",149,NA,0
"909",909,3,199,NA,NA,NA,0
"910",910,3,199,NA,NA,NA,0
"911",911,6,200,"E",35,NA,0
"912",912,6,200,NA,NA,NA,0
"913",913,6,200,NA,NA,NA,0
"914",914,6,200,NA,NA,NA,0
"915",915,6,200,NA,NA,NA,0
"916",916,6,200,"E",257,NA,0
"917",917,4,201,"E",62,NA,0
"918",918,4,201,NA,NA,NA,0
"919",919,4,201,"E",83,NA,0
"920",920,4,201,NA,NA,NA,0
"921",921,4,202,"E",91,NA,0
"922",922,4,202,NA,NA,NA,0
"923",923,4,202,NA,NA,NA,0
"924",924,4,202,NA,NA,NA,0
"925",925,4,203,"E",152,NA,0
"926",926,4,203,NA,NA,NA,0
"927",927,4,203,NA,NA,NA,0
"928",928,4,203,"E",NA,NA,0
"929",929,4,204,"E",315,NA,0
"930",930,4,204,NA,NA,NA,0
"931",931,4,204,NA,NA,NA,0
"932",932,4,204,NA,NA,NA,0
"933",933,5,205,NA,NA,NA,0
"934",934,5,205,NA,NA,NA,0
"935",935,5,205,"E",251,NA,0
"936",936,5,205,NA,NA,NA,0
"937",937,5,205,NA,NA,NA,0
"938",938,6,206,NA,NA,NA,0
"939",939,6,206,NA,NA,NA,0
"940",940,6,206,NA,NA,NA,0
"941",941,6,206,NA,NA,NA,0
"942",942,6,206,NA,NA,NA,0
"943",943,6,206,NA,NA,NA,0
"944",944,3,207,"E",122,NA,0
"945",945,3,207,NA,NA,NA,0
"946",946,3,207,NA,NA,NA,0
"947",947,3,208,NA,NA,NA,0
"948",948,3,208,NA,NA,NA,0
"949",949,3,208,NA,NA,NA,0
"950",950,5,209,"E",NA,NA,0
"951",951,5,209,NA,NA,NA,0
"952",952,5,209,"E",287,NA,0
"953",953,5,209,NA,NA,NA,0
"954",954,5,209,NA,NA,NA,0
"955",955,6,210,NA,NA,NA,0
"956",956,6,210,NA,NA,NA,0
"957",957,6,210,"E",329,NA,0
"958",958,6,210,NA,NA,NA,0
"959",959,6,210,NA,NA,NA,0
"960",960,6,210,NA,NA,NA,0
"961",961,5,211,NA,NA,NA,0
"962",962,5,211,NA,NA,NA,0
"963",963,5,211,NA,NA,NA,0
"964",964,5,211,NA,NA,NA,0
"965",965,5,211,NA,NA,NA,0
"966",966,3,212,NA,NA,NA,0
"967",967,3,212,"E",179,NA,0
"968",968,3,212,NA,NA,NA,0
"969",969,3,213,NA,NA,NA,0
"970",970,3,213,NA,NA,NA,0
"971",971,3,213,NA,NA,NA,0
"972",972,4,214,"E",158,NA,0
"973",973,4,214,"E",55,NA,0
"974",974,4,214,"E",177,NA,0
"975",975,4,214,NA,NA,NA,0
"976",976,5,215,"E",72,NA,0
"977",977,5,215,NA,NA,NA,0
"978",978,5,215,NA,NA,NA,0
"979",979,5,215,NA,NA,NA,0
"980",980,5,215,NA,NA,NA,0
"981",981,6,216,NA,NA,NA,0
"982",982,6,216,NA,NA,NA,0
"983",983,6,216,NA,NA,NA,0
"984",984,6,216,"E",343,NA,0
"985",985,6,216,NA,NA,NA,0
"986",986,6,216,NA,NA,NA,0
"987",987,5,217,NA,NA,NA,0
"988",988,5,217,NA,NA,NA,0
"989",989,5,217,NA,NA,NA,0
"990",990,5,217,NA,NA,NA,0
"991",991,5,217,NA,NA,NA,0
"992",992,4,218,NA,NA,NA,0
"993",993,4,218,NA,NA,NA,0
"994",994,4,218,"E",59,NA,0
"995",995,4,218,"E",301,NA,0
"996",996,5,219,NA,NA,NA,0
"997",997,5,219,"E",NA,NA,0
"998",998,5,219,"E",57,NA,0
"999",999,5,219,NA,NA,NA,0
"1000",1000,5,219,"E",224,NA,0
