"ID","SIZE","HH","TYPE","TIME","S_num","I_num"
1,6,1,"0",41,5,1
2,6,1,"H",144,2,0
3,6,1,"C",336,1,0
4,6,1,"H",116,2,0
5,6,1,NA,NA,NA,0
6,6,1,"H",97,4,2
7,5,2,NA,NA,NA,0
8,5,2,"C",NA,NA,0
9,5,2,"H",299,3,0
10,5,2,"C",280,4,1
11,5,2,NA,NA,NA,0
12,5,3,NA,NA,NA,0
13,5,3,"H",348,1,0
14,5,3,"C",357,1,0
15,5,3,"C",319,4,2
16,5,3,"H",NA,NA,0
17,5,4,NA,NA,NA,0
18,5,4,NA,NA,NA,0
19,5,4,NA,NA,NA,0
20,5,4,NA,NA,NA,0
21,5,4,"C",NA,NA,0
22,6,5,"C",338,5,1
23,6,5,NA,NA,NA,0
24,6,5,NA,NA,NA,0
25,6,5,"C",NA,NA,0
26,6,5,NA,NA,NA,0
27,6,5,"H",NA,NA,0
28,3,6,NA,NA,NA,0
29,3,6,"H",335,1,0
30,3,6,"C",307,2,1
31,3,7,NA,NA,NA,0
32,3,7,NA,NA,NA,0
33,3,7,NA,NA,NA,0
34,4,8,NA,NA,NA,0
35,4,8,NA,NA,NA,0
36,4,8,"C",NA,NA,0
37,4,8,NA,NA,NA,0
38,5,9,"C",NA,NA,0
39,5,9,NA,NA,NA,0
40,5,9,NA,NA,NA,0
41,5,9,NA,NA,NA,0
42,5,9,NA,NA,NA,0
43,4,10,NA,NA,NA,0
44,4,10,NA,NA,NA,0
45,4,10,NA,NA,NA,0
46,4,10,NA,NA,NA,0
47,5,11,NA,NA,NA,0
48,5,11,NA,NA,NA,0
49,5,11,"C",349,4,2
50,5,11,"H",NA,NA,0
51,5,11,"H",NA,NA,0
52,3,12,"C",NA,NA,0
53,3,12,"C",338,2,0
54,3,12,NA,NA,NA,0
55,6,13,"C",NA,NA,0
56,6,13,NA,NA,NA,0
57,6,13,NA,NA,NA,0
58,6,13,NA,NA,NA,0
59,6,13,NA,NA,NA,0
60,6,13,NA,NA,NA,0
61,6,14,NA,NA,NA,0
62,6,14,"C",345,5,1
63,6,14,"H",NA,NA,0
64,6,14,NA,NA,NA,0
65,6,14,NA,NA,NA,0
66,6,14,NA,NA,NA,0
67,5,15,NA,NA,NA,0
68,5,15,NA,NA,NA,0
69,5,15,NA,NA,NA,0
70,5,15,NA,NA,NA,0
71,5,15,NA,NA,NA,0
72,5,16,"H",343,2,2
73,5,16,"H",NA,NA,0
74,5,16,"C",318,4,2
75,5,16,"H",355,0,0
76,5,16,"H",NA,NA,0
77,5,17,NA,NA,NA,0
78,5,17,NA,NA,NA,0
79,5,17,"C",NA,NA,0
80,5,17,"C",NA,NA,0
81,5,17,NA,NA,NA,0
82,4,18,NA,NA,NA,0
83,4,18,"C",217,3,1
84,4,18,"H",276,1,0
85,4,18,"H",255,2,1
86,4,19,NA,NA,NA,0
87,4,19,NA,NA,NA,0
88,4,19,NA,NA,NA,0
89,4,19,NA,NA,NA,0
90,4,20,NA,NA,NA,0
91,4,20,NA,NA,NA,0
92,4,20,"C",358,3,0
93,4,20,NA,NA,NA,0
94,4,21,NA,NA,NA,0
95,4,21,NA,NA,NA,0
96,4,21,NA,NA,NA,0
97,4,21,NA,NA,NA,0
98,5,22,"H",NA,NA,0
99,5,22,NA,NA,NA,0
100,5,22,"H",NA,NA,0
101,5,22,NA,NA,NA,0
102,5,22,"C",345,4,2
103,4,23,NA,NA,NA,0
104,4,23,"C",326,3,0
105,4,23,"C",355,2,0
106,4,23,NA,NA,NA,0
107,5,24,NA,NA,NA,0
108,5,24,"C",202,4,0
109,5,24,NA,NA,NA,0
110,5,24,NA,NA,NA,0
111,5,24,NA,NA,NA,0
112,3,25,"C",142,2,0
113,3,25,NA,NA,NA,0
114,3,25,"C",329,1,0
115,6,26,"H",NA,NA,0
116,6,26,"H",353,3,2
117,6,26,"C",314,5,2
118,6,26,"H",NA,NA,0
119,6,26,"H",342,3,0
120,6,26,NA,NA,NA,0
121,4,27,NA,NA,NA,0
122,4,27,NA,NA,NA,0
123,4,27,NA,NA,NA,0
124,4,27,NA,NA,NA,0
125,3,28,NA,NA,NA,0
126,3,28,NA,NA,NA,0
127,3,28,NA,NA,NA,0
128,3,29,"C",NA,NA,0
129,3,29,NA,NA,NA,0
130,3,29,NA,NA,NA,0
131,6,30,"H",NA,NA,0
132,6,30,"H",364,1,0
133,6,30,"H",354,1,0
134,6,30,NA,NA,NA,0
135,6,30,"C",304,5,4
136,6,30,"H",336,1,0
137,4,31,NA,NA,NA,0
138,4,31,NA,NA,NA,0
139,4,31,NA,NA,NA,0
140,4,31,NA,NA,NA,0
141,6,32,"C",239,5,1
142,6,32,NA,NA,NA,0
143,6,32,"H",266,4,1
144,6,32,"H",347,1,0
145,6,32,"H",328,1,0
146,6,32,"H",296,3,2
147,6,33,"H",279,1,0
148,6,33,"H",227,2,1
149,6,33,NA,NA,NA,0
150,6,33,"H",230,2,0
151,6,33,"H",203,4,2
152,6,33,"C",175,5,1
153,3,34,NA,NA,NA,0
154,3,34,NA,NA,NA,0
155,3,34,NA,NA,NA,0
156,3,35,NA,NA,NA,0
157,3,35,"C",356,2,1
158,3,35,"H",NA,NA,0
159,6,36,"C",197,5,2
160,6,36,"H",215,3,1
161,6,36,"H",257,2,0
162,6,36,NA,NA,NA,0
163,6,36,NA,NA,NA,0
164,6,36,"H",235,2,0
165,6,37,NA,NA,NA,0
166,6,37,NA,NA,NA,0
167,6,37,NA,NA,NA,0
168,6,37,"C",NA,NA,0
169,6,37,NA,NA,NA,0
170,6,37,NA,NA,NA,0
171,5,38,"H",345,1,0
172,5,38,NA,NA,NA,0
173,5,38,"H",287,1,0
174,5,38,"H",281,2,1
175,5,38,"C",252,4,2
176,3,39,NA,NA,NA,0
177,3,39,NA,NA,NA,0
178,3,39,NA,NA,NA,0
179,6,40,NA,NA,NA,0
180,6,40,NA,NA,NA,0
181,6,40,NA,NA,NA,0
182,6,40,"C",NA,NA,0
183,6,40,NA,NA,NA,0
184,6,40,NA,NA,NA,0
185,6,41,NA,NA,NA,0
186,6,41,"C",357,4,0
187,6,41,NA,NA,NA,0
188,6,41,"C",309,5,0
189,6,41,NA,NA,NA,0
190,6,41,NA,NA,NA,0
191,6,42,NA,NA,NA,0
192,6,42,NA,NA,NA,0
193,6,42,NA,NA,NA,0
194,6,42,NA,NA,NA,0
195,6,42,NA,NA,NA,0
196,6,42,NA,NA,NA,0
197,4,43,"H",288,0,0
198,4,43,"H",249,1,1
199,4,43,"C",224,3,2
200,4,43,"H",265,0,0
201,4,44,NA,NA,NA,0
202,4,44,NA,NA,NA,0
203,4,44,NA,NA,NA,0
204,4,44,NA,NA,NA,0
205,6,45,"C",NA,NA,0
206,6,45,NA,NA,NA,0
207,6,45,NA,NA,NA,0
208,6,45,NA,NA,NA,0
209,6,45,"C",NA,NA,0
210,6,45,NA,NA,NA,0
211,3,46,"C",360,2,1
212,3,46,NA,NA,NA,0
213,3,46,"H",NA,NA,0
214,4,47,"H",334,1,0
215,4,47,"C",NA,NA,0
216,4,47,"C",298,2,1
217,4,47,"C",334,1,0
218,3,48,"H",278,1,0
219,3,48,"C",217,2,1
220,3,48,NA,NA,NA,0
221,4,49,"C",348,3,1
222,4,49,"H",NA,NA,0
223,4,49,"C",NA,NA,0
224,4,49,"C",NA,NA,0
225,3,50,"H",NA,NA,0
226,3,50,"C",343,2,1
227,3,50,NA,NA,NA,0
228,6,51,NA,NA,NA,0
229,6,51,NA,NA,NA,0
230,6,51,NA,NA,NA,0
231,6,51,NA,NA,NA,0
232,6,51,NA,NA,NA,0
233,6,51,"C",NA,NA,0
234,4,52,NA,NA,NA,0
235,4,52,"C",NA,NA,0
236,4,52,NA,NA,NA,0
237,4,52,NA,NA,NA,0
238,3,53,"C",NA,NA,0
239,3,53,NA,NA,NA,0
240,3,53,NA,NA,NA,0
241,3,54,NA,NA,NA,0
242,3,54,NA,NA,NA,0
243,3,54,NA,NA,NA,0
244,5,55,NA,NA,NA,0
245,5,55,NA,NA,NA,0
246,5,55,NA,NA,NA,0
247,5,55,NA,NA,NA,0
248,5,55,NA,NA,NA,0
249,5,56,NA,NA,NA,0
250,5,56,NA,NA,NA,0
251,5,56,NA,NA,NA,0
252,5,56,NA,NA,NA,0
253,5,56,NA,NA,NA,0
254,3,57,"H",355,1,1
255,3,57,"H",NA,NA,0
256,3,57,"C",332,2,1
257,6,58,NA,NA,NA,0
258,6,58,NA,NA,NA,0
259,6,58,NA,NA,NA,0
260,6,58,NA,NA,NA,0
261,6,58,NA,NA,NA,0
262,6,58,NA,NA,NA,0
263,4,59,NA,NA,NA,0
264,4,59,NA,NA,NA,0
265,4,59,NA,NA,NA,0
266,4,59,NA,NA,NA,0
267,5,60,NA,NA,NA,0
268,5,60,NA,NA,NA,0
269,5,60,NA,NA,NA,0
270,5,60,NA,NA,NA,0
271,5,60,NA,NA,NA,0
272,6,61,NA,NA,NA,0
273,6,61,"C",305,3,2
274,6,61,"H",320,1,0
275,6,61,"H",328,1,0
276,6,61,"C",304,3,0
277,6,61,"C",305,3,0
278,4,62,NA,NA,NA,0
279,4,62,NA,NA,NA,0
280,4,62,NA,NA,NA,0
281,4,62,NA,NA,NA,0
282,3,63,NA,NA,NA,0
283,3,63,NA,NA,NA,0
284,3,63,NA,NA,NA,0
285,4,64,NA,NA,NA,0
286,4,64,NA,NA,NA,0
287,4,64,NA,NA,NA,0
288,4,64,NA,NA,NA,0
289,6,65,"C",NA,NA,0
290,6,65,NA,NA,NA,0
291,6,65,NA,NA,NA,0
292,6,65,NA,NA,NA,0
293,6,65,NA,NA,NA,0
294,6,65,NA,NA,NA,0
295,6,66,"H",336,2,2
296,6,66,"H",331,2,0
297,6,66,"H",365,0,0
298,6,66,"C",262,5,1
299,6,66,"H",297,4,2
300,6,66,"H",NA,NA,0
301,3,67,NA,NA,NA,0
302,3,67,NA,NA,NA,0
303,3,67,NA,NA,NA,0
304,6,68,NA,NA,NA,0
305,6,68,NA,NA,NA,0
306,6,68,NA,NA,NA,0
307,6,68,NA,NA,NA,0
308,6,68,NA,NA,NA,0
309,6,68,"C",NA,NA,0
310,3,69,"C",255,2,1
311,3,69,"H",355,0,0
312,3,69,"H",321,1,1
313,6,70,NA,NA,NA,0
314,6,70,NA,NA,NA,0
315,6,70,NA,NA,NA,0
316,6,70,NA,NA,NA,0
317,6,70,NA,NA,NA,0
318,6,70,NA,NA,NA,0
319,4,71,NA,NA,NA,0
320,4,71,NA,NA,NA,0
321,4,71,NA,NA,NA,0
322,4,71,NA,NA,NA,0
323,3,72,NA,NA,NA,0
324,3,72,NA,NA,NA,0
325,3,72,NA,NA,NA,0
326,5,73,NA,NA,NA,0
327,5,73,NA,NA,NA,0
328,5,73,"H",303,3,0
329,5,73,"C",275,4,1
330,5,73,NA,NA,NA,0
331,3,74,NA,NA,NA,0
332,3,74,NA,NA,NA,0
333,3,74,"C",278,2,0
334,3,75,NA,NA,NA,0
335,3,75,NA,NA,NA,0
336,3,75,NA,NA,NA,0
337,6,76,NA,NA,NA,0
338,6,76,"C",NA,NA,0
339,6,76,NA,NA,NA,0
340,6,76,NA,NA,NA,0
341,6,76,NA,NA,NA,0
342,6,76,NA,NA,NA,0
343,5,77,NA,NA,NA,0
344,5,77,NA,NA,NA,0
345,5,77,NA,NA,NA,0
346,5,77,NA,NA,NA,0
347,5,77,NA,NA,NA,0
348,3,78,"H",212,0,0
349,3,78,"H",200,1,1
350,3,78,"C",180,2,1
351,3,79,NA,NA,NA,0
352,3,79,NA,NA,NA,0
353,3,79,NA,NA,NA,0
354,4,80,NA,NA,NA,0
355,4,80,NA,NA,NA,0
356,4,80,"C",362,3,0
357,4,80,NA,NA,NA,0
358,3,81,NA,NA,NA,0
359,3,81,"C",347,1,0
360,3,81,"C",NA,NA,0
361,5,82,NA,NA,NA,0
362,5,82,"C",NA,NA,0
363,5,82,NA,NA,NA,0
364,5,82,"C",NA,NA,0
365,5,82,NA,NA,NA,0
366,6,83,"H",NA,NA,0
367,6,83,"H",358,0,0
368,6,83,"H",319,3,3
369,6,83,"C",293,5,2
370,6,83,"H",346,0,0
371,6,83,"H",316,3,0
372,3,84,"H",NA,NA,0
373,3,84,"C",346,2,2
374,3,84,"H",NA,NA,0
375,4,85,"C",NA,NA,0
376,4,85,NA,NA,NA,0
377,4,85,NA,NA,NA,0
378,4,85,NA,NA,NA,0
379,6,86,NA,NA,NA,0
380,6,86,"C",329,5,0
381,6,86,NA,NA,NA,0
382,6,86,NA,NA,NA,0
383,6,86,NA,NA,NA,0
384,6,86,NA,NA,NA,0
385,3,87,NA,NA,NA,0
386,3,87,NA,NA,NA,0
387,3,87,NA,NA,NA,0
388,3,88,NA,NA,NA,0
389,3,88,NA,NA,NA,0
390,3,88,NA,NA,NA,0
391,5,89,NA,NA,NA,0
392,5,89,NA,NA,NA,0
393,5,89,NA,NA,NA,0
394,5,89,NA,NA,NA,0
395,5,89,NA,NA,NA,0
396,4,90,"C",276,2,1
397,4,90,NA,NA,NA,0
398,4,90,"H",332,1,0
399,4,90,"C",254,2,0
400,6,91,NA,NA,NA,0
401,6,91,"C",348,5,2
402,6,91,"H",NA,NA,0
403,6,91,NA,NA,NA,0
404,6,91,NA,NA,NA,0
405,6,91,"H",364,3,0
406,5,92,NA,NA,NA,0
407,5,92,NA,NA,NA,0
408,5,92,NA,NA,NA,0
409,5,92,NA,NA,NA,0
410,5,92,NA,NA,NA,0
411,6,93,"C",305,3,0
412,6,93,"C",173,5,0
413,6,93,"C",NA,NA,0
414,6,93,NA,NA,NA,0
415,6,93,NA,NA,NA,0
416,6,93,"C",343,3,0
417,6,94,NA,NA,NA,0
418,6,94,NA,NA,NA,0
419,6,94,NA,NA,NA,0
420,6,94,"C",NA,NA,0
421,6,94,NA,NA,NA,0
422,6,94,NA,NA,NA,0
423,5,95,NA,NA,NA,0
424,5,95,"C",198,4,0
425,5,95,NA,NA,NA,0
426,5,95,NA,NA,NA,0
427,5,95,NA,NA,NA,0
428,5,96,NA,NA,NA,0
429,5,96,NA,NA,NA,0
430,5,96,NA,NA,NA,0
431,5,96,NA,NA,NA,0
432,5,96,"C",276,4,0
433,6,97,NA,NA,NA,0
434,6,97,NA,NA,NA,0
435,6,97,NA,NA,NA,0
436,6,97,NA,NA,NA,0
437,6,97,"C",NA,NA,0
438,6,97,NA,NA,NA,0
439,6,98,NA,NA,NA,0
440,6,98,"H",NA,NA,0
441,6,98,"C",348,5,2
442,6,98,"H",NA,NA,0
443,6,98,NA,NA,NA,0
444,6,98,NA,NA,NA,0
445,6,99,NA,NA,NA,0
446,6,99,NA,NA,NA,0
447,6,99,"C",NA,NA,0
448,6,99,NA,NA,NA,0
449,6,99,NA,NA,NA,0
450,6,99,NA,NA,NA,0
451,6,100,"H",317,4,2
452,6,100,NA,NA,NA,0
453,6,100,"H",364,1,0
454,6,100,"C",273,5,1
455,6,100,"H",NA,NA,0
456,6,100,"H",359,2,1
457,5,101,"C",353,3,1
458,5,101,"H",NA,NA,0
459,5,101,NA,NA,NA,0
460,5,101,NA,NA,NA,0
461,5,101,"C",351,3,0
462,6,102,NA,NA,NA,0
463,6,102,NA,NA,NA,0
464,6,102,NA,NA,NA,0
465,6,102,NA,NA,NA,0
466,6,102,NA,NA,NA,0
467,6,102,NA,NA,NA,0
468,5,103,NA,NA,NA,0
469,5,103,NA,NA,NA,0
470,5,103,NA,NA,NA,0
471,5,103,NA,NA,NA,0
472,5,103,NA,NA,NA,0
473,6,104,NA,NA,NA,0
474,6,104,NA,NA,NA,0
475,6,104,"C",NA,NA,0
476,6,104,"C",NA,NA,0
477,6,104,NA,NA,NA,0
478,6,104,"C",NA,NA,0
479,4,105,NA,NA,NA,0
480,4,105,NA,NA,NA,0
481,4,105,NA,NA,NA,0
482,4,105,NA,NA,NA,0
483,6,106,"C",NA,NA,0
484,6,106,NA,NA,NA,0
485,6,106,"C",NA,NA,0
486,6,106,NA,NA,NA,0
487,6,106,NA,NA,NA,0
488,6,106,NA,NA,NA,0
489,5,107,"H",250,2,1
490,5,107,"C",226,4,2
491,5,107,NA,NA,NA,0
492,5,107,"H",285,1,0
493,5,107,"H",267,1,0
494,3,108,NA,NA,NA,0
495,3,108,NA,NA,NA,0
496,3,108,NA,NA,NA,0
497,4,109,"C",229,3,1
498,4,109,"H",248,2,1
499,4,109,"H",282,0,0
500,4,109,"C",271,0,0
501,4,110,NA,NA,NA,0
502,4,110,"C",NA,NA,0
503,4,110,NA,NA,NA,0
504,4,110,NA,NA,NA,0
505,5,111,NA,NA,NA,0
506,5,111,NA,NA,NA,0
507,5,111,"C",NA,NA,0
508,5,111,NA,NA,NA,0
509,5,111,NA,NA,NA,0
510,5,112,"C",354,4,1
511,5,112,"H",NA,NA,0
512,5,112,NA,NA,NA,0
513,5,112,NA,NA,NA,0
514,5,112,NA,NA,NA,0
515,6,113,"C",319,5,2
516,6,113,NA,NA,NA,0
517,6,113,NA,NA,NA,0
518,6,113,"H",353,3,1
519,6,113,"H",NA,NA,0
520,6,113,"H",NA,NA,0
521,3,114,NA,NA,NA,0
522,3,114,NA,NA,NA,0
523,3,114,"C",NA,NA,0
524,5,115,NA,NA,NA,0
525,5,115,NA,NA,NA,0
526,5,115,NA,NA,NA,0
527,5,115,NA,NA,NA,0
528,5,115,NA,NA,NA,0
529,4,116,NA,NA,NA,0
530,4,116,NA,NA,NA,0
531,4,116,NA,NA,NA,0
532,4,116,NA,NA,NA,0
533,5,117,"C",333,4,2
534,5,117,"H",NA,NA,0
535,5,117,"H",NA,NA,0
536,5,117,"H",364,0,0
537,5,117,"H",352,2,2
538,3,118,NA,NA,NA,0
539,3,118,NA,NA,NA,0
540,3,118,NA,NA,NA,0
541,5,119,"H",265,1,0
542,5,119,"C",250,4,2
543,5,119,"H",347,0,0
544,5,119,"C",304,1,1
545,5,119,"H",308,0,0
546,5,120,NA,NA,NA,0
547,5,120,NA,NA,NA,0
548,5,120,NA,NA,NA,0
549,5,120,NA,NA,NA,0
550,5,120,NA,NA,NA,0
551,3,121,NA,NA,NA,0
552,3,121,NA,NA,NA,0
553,3,121,NA,NA,NA,0
554,5,122,NA,NA,NA,0
555,5,122,"H",321,1,0
556,5,122,"H",306,2,1
557,5,122,"C",273,4,2
558,5,122,"H",319,1,0
559,4,123,NA,NA,NA,0
560,4,123,NA,NA,NA,0
561,4,123,NA,NA,NA,0
562,4,123,NA,NA,NA,0
563,3,124,NA,NA,NA,0
564,3,124,NA,NA,NA,0
565,3,124,NA,NA,NA,0
566,3,125,NA,NA,NA,0
567,3,125,NA,NA,NA,0
568,3,125,NA,NA,NA,0
569,4,126,NA,NA,NA,0
570,4,126,NA,NA,NA,0
571,4,126,NA,NA,NA,0
572,4,126,NA,NA,NA,0
573,6,127,NA,NA,NA,0
574,6,127,NA,NA,NA,0
575,6,127,NA,NA,NA,0
576,6,127,NA,NA,NA,0
577,6,127,NA,NA,NA,0
578,6,127,NA,NA,NA,0
579,4,128,"C",322,3,2
580,4,128,"H",355,0,0
581,4,128,"H",359,0,0
582,4,128,"H",336,1,1
583,3,129,NA,NA,NA,0
584,3,129,NA,NA,NA,0
585,3,129,"C",NA,NA,0
586,3,130,NA,NA,NA,0
587,3,130,NA,NA,NA,0
588,3,130,NA,NA,NA,0
589,4,131,NA,NA,NA,0
590,4,131,NA,NA,NA,0
591,4,131,NA,NA,NA,0
592,4,131,NA,NA,NA,0
593,3,132,NA,NA,NA,0
594,3,132,"C",NA,NA,0
595,3,132,"C",NA,NA,0
596,5,133,NA,NA,NA,0
597,5,133,NA,NA,NA,0
598,5,133,"C",NA,NA,0
599,5,133,NA,NA,NA,0
600,5,133,NA,NA,NA,0
601,6,134,"C",330,4,0
602,6,134,NA,NA,NA,0
603,6,134,NA,NA,NA,0
604,6,134,"C",343,4,1
605,6,134,"H",NA,NA,0
606,6,134,NA,NA,NA,0
607,5,135,NA,NA,NA,0
608,5,135,NA,NA,NA,0
609,5,135,NA,NA,NA,0
610,5,135,NA,NA,NA,0
611,5,135,NA,NA,NA,0
612,3,136,NA,NA,NA,0
613,3,136,NA,NA,NA,0
614,3,136,"C",NA,NA,0
615,6,137,"H",246,2,1
616,6,137,"H",262,1,1
617,6,137,"C",210,5,3
618,6,137,"H",241,2,0
619,6,137,"H",255,1,0
620,6,137,"H",291,0,0
621,6,138,"H",178,1,0
622,6,138,"H",196,1,0
623,6,138,"C",108,5,1
624,6,138,"C",NA,NA,0
625,6,138,"H",140,4,2
626,6,138,"H",176,2,1
627,4,139,NA,NA,NA,0
628,4,139,NA,NA,NA,0
629,4,139,NA,NA,NA,0
630,4,139,NA,NA,NA,0
631,4,140,NA,NA,NA,0
632,4,140,"C",349,3,0
633,4,140,NA,NA,NA,0
634,4,140,NA,NA,NA,0
635,5,141,NA,NA,NA,0
636,5,141,NA,NA,NA,0
637,5,141,"C",NA,NA,0
638,5,141,NA,NA,NA,0
639,5,141,NA,NA,NA,0
640,4,142,NA,NA,NA,0
641,4,142,NA,NA,NA,0
642,4,142,NA,NA,NA,0
643,4,142,NA,NA,NA,0
644,4,143,NA,NA,NA,0
645,4,143,NA,NA,NA,0
646,4,143,NA,NA,NA,0
647,4,143,NA,NA,NA,0
648,5,144,NA,NA,NA,0
649,5,144,"C",278,4,0
650,5,144,NA,NA,NA,0
651,5,144,NA,NA,NA,0
652,5,144,NA,NA,NA,0
653,5,145,"H",250,0,0
654,5,145,"C",246,2,2
655,5,145,"H",270,0,0
656,5,145,"C",207,3,1
657,5,145,"H",292,0,0
658,5,146,"C",304,4,1
659,5,146,"H",349,3,0
660,5,146,NA,NA,NA,0
661,5,146,NA,NA,NA,0
662,5,146,NA,NA,NA,0
663,3,147,NA,NA,NA,0
664,3,147,NA,NA,NA,0
665,3,147,NA,NA,NA,0
666,4,148,NA,NA,NA,0
667,4,148,NA,NA,NA,0
668,4,148,NA,NA,NA,0
669,4,148,NA,NA,NA,0
670,5,149,NA,NA,NA,0
671,5,149,"C",282,4,0
672,5,149,"C",333,3,0
673,5,149,NA,NA,NA,0
674,5,149,NA,NA,NA,0
675,4,150,NA,NA,NA,0
676,4,150,NA,NA,NA,0
677,4,150,NA,NA,NA,0
678,4,150,NA,NA,NA,0
679,6,151,NA,NA,NA,0
680,6,151,NA,NA,NA,0
681,6,151,NA,NA,NA,0
682,6,151,NA,NA,NA,0
683,6,151,NA,NA,NA,0
684,6,151,NA,NA,NA,0
685,3,152,NA,NA,NA,0
686,3,152,NA,NA,NA,0
687,3,152,NA,NA,NA,0
688,3,153,NA,NA,NA,0
689,3,153,NA,NA,NA,0
690,3,153,NA,NA,NA,0
691,6,154,NA,NA,NA,0
692,6,154,NA,NA,NA,0
693,6,154,NA,NA,NA,0
694,6,154,NA,NA,NA,0
695,6,154,NA,NA,NA,0
696,6,154,NA,NA,NA,0
697,4,155,NA,NA,NA,0
698,4,155,NA,NA,NA,0
699,4,155,"C",312,3,1
700,4,155,"H",345,2,0
701,4,156,NA,NA,NA,0
702,4,156,NA,NA,NA,0
703,4,156,NA,NA,NA,0
704,4,156,NA,NA,NA,0
705,6,157,NA,NA,NA,0
706,6,157,NA,NA,NA,0
707,6,157,NA,NA,NA,0
708,6,157,NA,NA,NA,0
709,6,157,NA,NA,NA,0
710,6,157,NA,NA,NA,0
711,6,158,NA,NA,NA,0
712,6,158,NA,NA,NA,0
713,6,158,NA,NA,NA,0
714,6,158,NA,NA,NA,0
715,6,158,NA,NA,NA,0
716,6,158,NA,NA,NA,0
717,5,159,"C",307,4,1
718,5,159,NA,NA,NA,0
719,5,159,NA,NA,NA,0
720,5,159,"H",331,3,1
721,5,159,"H",365,2,0
722,5,160,"C",315,4,1
723,5,160,NA,NA,NA,0
724,5,160,"H",NA,NA,0
725,5,160,"C",351,2,0
726,5,160,NA,NA,NA,0
727,4,161,NA,NA,NA,0
728,4,161,NA,NA,NA,0
729,4,161,NA,NA,NA,0
730,4,161,"C",NA,NA,0
731,3,162,NA,NA,NA,0
732,3,162,NA,NA,NA,0
733,3,162,NA,NA,NA,0
734,5,163,"H",353,1,1
735,5,163,"H",NA,NA,0
736,5,163,"H",359,0,0
737,5,163,"C",338,4,3
738,5,163,"H",NA,NA,0
739,6,164,NA,NA,NA,0
740,6,164,NA,NA,NA,0
741,6,164,"C",362,5,0
742,6,164,NA,NA,NA,0
743,6,164,NA,NA,NA,0
744,6,164,NA,NA,NA,0
745,6,165,NA,NA,NA,0
746,6,165,NA,NA,NA,0
747,6,165,NA,NA,NA,0
748,6,165,NA,NA,NA,0
749,6,165,"C",239,5,0
750,6,165,NA,NA,NA,0
751,3,166,"H",337,0,0
752,3,166,"H",334,0,0
753,3,166,"C",305,2,2
754,5,167,NA,NA,NA,0
755,5,167,NA,NA,NA,0
756,5,167,NA,NA,NA,0
757,5,167,NA,NA,NA,0
758,5,167,NA,NA,NA,0
759,5,168,"C",282,4,2
760,5,168,"H",325,2,2
761,5,168,"H",301,2,0
762,5,168,"H",NA,NA,0
763,5,168,"H",356,0,0
764,5,169,NA,NA,NA,0
765,5,169,NA,NA,NA,0
766,5,169,"H",NA,NA,0
767,5,169,"H",NA,NA,0
768,5,169,"C",323,4,2
769,3,170,NA,NA,NA,0
770,3,170,NA,NA,NA,0
771,3,170,NA,NA,NA,0
772,3,171,NA,NA,NA,0
773,3,171,NA,NA,NA,0
774,3,171,NA,NA,NA,0
775,4,172,NA,NA,NA,0
776,4,172,NA,NA,NA,0
777,4,172,NA,NA,NA,0
778,4,172,NA,NA,NA,0
779,4,173,"H",331,0,0
780,4,173,"C",297,3,2
781,4,173,"H",358,0,0
782,4,173,"H",329,1,1
783,6,174,NA,NA,NA,0
784,6,174,"H",148,3,1
785,6,174,NA,NA,NA,0
786,6,174,"H",189,2,0
787,6,174,"H",119,3,0
788,6,174,"C",80,5,2
789,6,175,NA,NA,NA,0
790,6,175,"C",NA,NA,0
791,6,175,NA,NA,NA,0
792,6,175,NA,NA,NA,0
793,6,175,NA,NA,NA,0
794,6,175,"C",NA,NA,0
795,3,176,NA,NA,NA,0
796,3,176,"C",NA,NA,0
797,3,176,NA,NA,NA,0
798,3,177,"H",NA,NA,0
799,3,177,"C",356,2,1
800,3,177,NA,NA,NA,0
801,3,178,NA,NA,NA,0
802,3,178,NA,NA,NA,0
803,3,178,NA,NA,NA,0
804,5,179,NA,NA,NA,0
805,5,179,NA,NA,NA,0
806,5,179,NA,NA,NA,0
807,5,179,NA,NA,NA,0
808,5,179,NA,NA,NA,0
809,6,180,NA,NA,NA,0
810,6,180,NA,NA,NA,0
811,6,180,NA,NA,NA,0
812,6,180,NA,NA,NA,0
813,6,180,NA,NA,NA,0
814,6,180,NA,NA,NA,0
815,4,181,"C",359,3,1
816,4,181,"H",NA,NA,0
817,4,181,NA,NA,NA,0
818,4,181,NA,NA,NA,0
819,3,182,NA,NA,NA,0
820,3,182,NA,NA,NA,0
821,3,182,NA,NA,NA,0
822,3,183,NA,NA,NA,0
823,3,183,NA,NA,NA,0
824,3,183,NA,NA,NA,0
825,5,184,"H",NA,NA,0
826,5,184,"H",NA,NA,0
827,5,184,"H",NA,NA,0
828,5,184,"C",360,3,3
829,5,184,"C",NA,NA,0
830,3,185,NA,NA,NA,0
831,3,185,NA,NA,NA,0
832,3,185,NA,NA,NA,0
833,5,186,NA,NA,NA,0
834,5,186,NA,NA,NA,0
835,5,186,NA,NA,NA,0
836,5,186,NA,NA,NA,0
837,5,186,"C",NA,NA,0
838,3,187,NA,NA,NA,0
839,3,187,NA,NA,NA,0
840,3,187,NA,NA,NA,0
841,6,188,NA,NA,NA,0
842,6,188,NA,NA,NA,0
843,6,188,NA,NA,NA,0
844,6,188,NA,NA,NA,0
845,6,188,NA,NA,NA,0
846,6,188,NA,NA,NA,0
847,3,189,"C",363,1,1
848,3,189,"H",NA,NA,0
849,3,189,"C",283,2,0
850,5,190,"H",348,2,1
851,5,190,"H",309,3,1
852,5,190,"H",NA,NA,0
853,5,190,"C",271,4,1
854,5,190,NA,NA,NA,0
855,6,191,NA,NA,NA,0
856,6,191,NA,NA,NA,0
857,6,191,NA,NA,NA,0
858,6,191,"H",NA,NA,0
859,6,191,"C",362,5,1
860,6,191,NA,NA,NA,0
861,5,192,NA,NA,NA,0
862,5,192,NA,NA,NA,0
863,5,192,NA,NA,NA,0
864,5,192,NA,NA,NA,0
865,5,192,NA,NA,NA,0
866,4,193,NA,NA,NA,0
867,4,193,NA,NA,NA,0
868,4,193,NA,NA,NA,0
869,4,193,NA,NA,NA,0
870,6,194,NA,NA,NA,0
871,6,194,NA,NA,NA,0
872,6,194,NA,NA,NA,0
873,6,194,NA,NA,NA,0
874,6,194,NA,NA,NA,0
875,6,194,NA,NA,NA,0
876,3,195,NA,NA,NA,0
877,3,195,NA,NA,NA,0
878,3,195,NA,NA,NA,0
879,6,196,NA,NA,NA,0
880,6,196,"H",NA,NA,0
881,6,196,NA,NA,NA,0
882,6,196,"H",NA,NA,0
883,6,196,"C",352,5,2
884,6,196,NA,NA,NA,0
885,6,197,NA,NA,NA,0
886,6,197,NA,NA,NA,0
887,6,197,NA,NA,NA,0
888,6,197,NA,NA,NA,0
889,6,197,NA,NA,NA,0
890,6,197,NA,NA,NA,0
891,4,198,NA,NA,NA,0
892,4,198,NA,NA,NA,0
893,4,198,"C",307,3,0
894,4,198,NA,NA,NA,0
895,3,199,NA,NA,NA,0
896,3,199,NA,NA,NA,0
897,3,199,NA,NA,NA,0
898,4,200,NA,NA,NA,0
899,4,200,NA,NA,NA,0
900,4,200,NA,NA,NA,0
901,4,200,NA,NA,NA,0
902,3,201,NA,NA,NA,0
903,3,201,NA,NA,NA,0
904,3,201,"C",NA,NA,0
905,4,202,NA,NA,NA,0
906,4,202,NA,NA,NA,0
907,4,202,NA,NA,NA,0
908,4,202,"C",350,3,0
909,4,203,NA,NA,NA,0
910,4,203,NA,NA,NA,0
911,4,203,NA,NA,NA,0
912,4,203,NA,NA,NA,0
913,4,204,NA,NA,NA,0
914,4,204,NA,NA,NA,0
915,4,204,"C",245,3,1
916,4,204,"H",295,2,0
917,4,205,"C",NA,NA,0
918,4,205,NA,NA,NA,0
919,4,205,NA,NA,NA,0
920,4,205,NA,NA,NA,0
921,4,206,NA,NA,NA,0
922,4,206,NA,NA,NA,0
923,4,206,NA,NA,NA,0
924,4,206,NA,NA,NA,0
925,5,207,"H",152,1,0
926,5,207,"C",60,4,1
927,5,207,NA,NA,NA,0
928,5,207,"H",129,2,1
929,5,207,"H",76,3,1
930,5,208,"C",NA,NA,0
931,5,208,NA,NA,NA,0
932,5,208,NA,NA,NA,0
933,5,208,"H",NA,NA,0
934,5,208,"C",352,3,1
935,5,209,NA,NA,NA,0
936,5,209,NA,NA,NA,0
937,5,209,NA,NA,NA,0
938,5,209,"C",NA,NA,0
939,5,209,"C",NA,NA,0
940,5,210,NA,NA,NA,0
941,5,210,NA,NA,NA,0
942,5,210,"H",329,3,0
943,5,210,"C",297,4,1
944,5,210,NA,NA,NA,0
945,4,211,NA,NA,NA,0
946,4,211,NA,NA,NA,0
947,4,211,NA,NA,NA,0
948,4,211,NA,NA,NA,0
949,6,212,NA,NA,NA,0
950,6,212,"H",NA,NA,0
951,6,212,NA,NA,NA,0
952,6,212,"C",335,5,1
953,6,212,"C",NA,NA,0
954,6,212,NA,NA,NA,0
955,3,213,NA,NA,NA,0
956,3,213,NA,NA,NA,0
957,3,213,NA,NA,NA,0
958,6,214,"H",329,2,2
959,6,214,"C",296,5,2
960,6,214,"C",328,2,0
961,6,214,"H",NA,NA,0
962,6,214,"H",NA,NA,0
963,6,214,"H",358,0,0
964,5,215,NA,NA,NA,0
965,5,215,"H",NA,NA,0
966,5,215,"C",335,4,2
967,5,215,"H",NA,NA,0
968,5,215,"H",363,2,1
969,6,216,NA,NA,NA,0
970,6,216,"H",NA,NA,0
971,6,216,NA,NA,NA,0
972,6,216,NA,NA,NA,0
973,6,216,NA,NA,NA,0
974,6,216,"C",362,5,1
975,6,217,"C",281,5,0
976,6,217,NA,NA,NA,0
977,6,217,"C",NA,NA,0
978,6,217,NA,NA,NA,0
979,6,217,NA,NA,NA,0
980,6,217,NA,NA,NA,0
981,4,218,NA,NA,NA,0
982,4,218,NA,NA,NA,0
983,4,218,NA,NA,NA,0
984,4,218,NA,NA,NA,0
985,4,219,NA,NA,NA,0
986,4,219,NA,NA,NA,0
987,4,219,NA,NA,NA,0
988,4,219,NA,NA,NA,0
989,5,220,"C",NA,NA,0
990,5,220,"C",NA,NA,0
991,5,220,"C",NA,NA,0
992,5,220,"H",NA,NA,0
993,5,220,"C",348,3,1
994,4,221,NA,NA,NA,0
995,4,221,"C",NA,NA,0
996,4,221,NA,NA,NA,0
997,4,221,"C",NA,NA,0
998,3,222,NA,NA,NA,0
999,3,222,NA,NA,NA,0
1000,3,222,NA,NA,NA,0
