"ID","SIZE","HH","TYPE","TIME","S_num","I_num"
1,3,1,"0",23,NA,0
2,3,1,NA,NA,NA,0
3,3,1,NA,NA,NA,0
4,3,2,NA,NA,NA,0
5,3,2,"E",NA,NA,0
6,3,2,NA,NA,NA,0
7,3,3,NA,NA,NA,0
8,3,3,NA,NA,NA,0
9,3,3,NA,NA,NA,0
10,6,4,NA,NA,NA,0
11,6,4,"E",NA,NA,0
12,6,4,NA,NA,NA,0
13,6,4,NA,NA,NA,0
14,6,4,NA,NA,NA,0
15,6,4,NA,NA,NA,0
16,3,5,NA,NA,NA,0
17,3,5,NA,NA,NA,0
18,3,5,NA,NA,NA,0
19,5,6,NA,NA,NA,0
20,5,6,"E",NA,NA,0
21,5,6,NA,NA,NA,0
22,5,6,NA,NA,NA,0
23,5,6,NA,NA,NA,0
24,5,7,NA,NA,NA,0
25,5,7,NA,NA,NA,0
26,5,7,NA,NA,NA,0
27,5,7,NA,NA,NA,0
28,5,7,NA,NA,NA,0
29,3,8,"E",NA,NA,0
30,3,8,NA,NA,NA,0
31,3,8,NA,NA,NA,0
32,5,9,NA,NA,NA,0
33,5,9,NA,NA,NA,0
34,5,9,NA,NA,NA,0
35,5,9,NA,NA,NA,0
36,5,9,NA,NA,NA,0
37,6,10,NA,NA,NA,0
38,6,10,NA,NA,NA,0
39,6,10,NA,NA,NA,0
40,6,10,NA,NA,NA,0
41,6,10,NA,NA,NA,0
42,6,10,NA,NA,NA,0
43,4,11,NA,NA,NA,0
44,4,11,NA,NA,NA,0
45,4,11,NA,NA,NA,0
46,4,11,"E",359,NA,0
47,6,12,"E",NA,NA,0
48,6,12,NA,NA,NA,0
49,6,12,NA,NA,NA,0
50,6,12,"E",NA,NA,0
51,6,12,NA,NA,NA,0
52,6,12,NA,NA,NA,0
53,4,13,NA,NA,NA,0
54,4,13,NA,NA,NA,0
55,4,13,NA,NA,NA,0
56,4,13,NA,NA,NA,0
57,4,14,NA,NA,NA,0
58,4,14,NA,NA,NA,0
59,4,14,NA,NA,NA,0
60,4,14,NA,NA,NA,0
61,5,15,NA,NA,NA,0
62,5,15,NA,NA,NA,0
63,5,15,"E",NA,NA,0
64,5,15,NA,NA,NA,0
65,5,15,NA,NA,NA,0
66,3,16,"E",NA,NA,0
67,3,16,NA,NA,NA,0
68,3,16,NA,NA,NA,0
69,3,17,NA,NA,NA,0
70,3,17,NA,NA,NA,0
71,3,17,NA,NA,NA,0
72,6,18,NA,NA,NA,0
73,6,18,NA,NA,NA,0
74,6,18,NA,NA,NA,0
75,6,18,NA,NA,NA,0
76,6,18,NA,NA,NA,0
77,6,18,NA,NA,NA,0
78,5,19,NA,NA,NA,0
79,5,19,NA,NA,NA,0
80,5,19,"E",336,NA,0
81,5,19,"E",NA,NA,0
82,5,19,NA,NA,NA,0
83,3,20,NA,NA,NA,0
84,3,20,NA,NA,NA,0
85,3,20,NA,NA,NA,0
86,4,21,NA,NA,NA,0
87,4,21,NA,NA,NA,0
88,4,21,NA,NA,NA,0
89,4,21,NA,NA,NA,0
90,4,22,"E",NA,NA,0
91,4,22,NA,NA,NA,0
92,4,22,NA,NA,NA,0
93,4,22,NA,NA,NA,0
94,3,23,NA,NA,NA,0
95,3,23,NA,NA,NA,0
96,3,23,NA,NA,NA,0
97,4,24,NA,NA,NA,0
98,4,24,NA,NA,NA,0
99,4,24,NA,NA,NA,0
100,4,24,"E",NA,NA,0
101,5,25,NA,NA,NA,0
102,5,25,NA,NA,NA,0
103,5,25,NA,NA,NA,0
104,5,25,NA,NA,NA,0
105,5,25,"E",293,NA,0
106,6,26,NA,NA,NA,0
107,6,26,NA,NA,NA,0
108,6,26,NA,NA,NA,0
109,6,26,NA,NA,NA,0
110,6,26,NA,NA,NA,0
111,6,26,NA,NA,NA,0
112,5,27,"E",NA,NA,0
113,5,27,NA,NA,NA,0
114,5,27,NA,NA,NA,0
115,5,27,NA,NA,NA,0
116,5,27,NA,NA,NA,0
117,4,28,NA,NA,NA,0
118,4,28,NA,NA,NA,0
119,4,28,NA,NA,NA,0
120,4,28,NA,NA,NA,0
121,3,29,NA,NA,NA,0
122,3,29,NA,NA,NA,0
123,3,29,NA,NA,NA,0
124,6,30,NA,NA,NA,0
125,6,30,NA,NA,NA,0
126,6,30,NA,NA,NA,0
127,6,30,NA,NA,NA,0
128,6,30,NA,NA,NA,0
129,6,30,NA,NA,NA,0
130,6,31,NA,NA,NA,0
131,6,31,NA,NA,NA,0
132,6,31,NA,NA,NA,0
133,6,31,NA,NA,NA,0
134,6,31,NA,NA,NA,0
135,6,31,NA,NA,NA,0
136,3,32,NA,NA,NA,0
137,3,32,NA,NA,NA,0
138,3,32,NA,NA,NA,0
139,4,33,NA,NA,NA,0
140,4,33,NA,NA,NA,0
141,4,33,NA,NA,NA,0
142,4,33,NA,NA,NA,0
143,3,34,NA,NA,NA,0
144,3,34,NA,NA,NA,0
145,3,34,NA,NA,NA,0
146,3,35,NA,NA,NA,0
147,3,35,NA,NA,NA,0
148,3,35,"E",NA,NA,0
149,5,36,NA,NA,NA,0
150,5,36,NA,NA,NA,0
151,5,36,NA,NA,NA,0
152,5,36,NA,NA,NA,0
153,5,36,NA,NA,NA,0
154,3,37,NA,NA,NA,0
155,3,37,NA,NA,NA,0
156,3,37,"E",363,NA,0
157,4,38,NA,NA,NA,0
158,4,38,NA,NA,NA,0
159,4,38,NA,NA,NA,0
160,4,38,NA,NA,NA,0
161,4,39,NA,NA,NA,0
162,4,39,NA,NA,NA,0
163,4,39,NA,NA,NA,0
164,4,39,NA,NA,NA,0
165,3,40,NA,NA,NA,0
166,3,40,"E",337,NA,0
167,3,40,NA,NA,NA,0
168,3,41,NA,NA,NA,0
169,3,41,"E",355,NA,0
170,3,41,NA,NA,NA,0
171,4,42,"E",345,NA,0
172,4,42,NA,NA,NA,0
173,4,42,NA,NA,NA,0
174,4,42,"E",NA,NA,0
175,5,43,NA,NA,NA,0
176,5,43,NA,NA,NA,0
177,5,43,NA,NA,NA,0
178,5,43,NA,NA,NA,0
179,5,43,NA,NA,NA,0
180,5,44,NA,NA,NA,0
181,5,44,NA,NA,NA,0
182,5,44,NA,NA,NA,0
183,5,44,NA,NA,NA,0
184,5,44,NA,NA,NA,0
185,6,45,NA,NA,NA,0
186,6,45,NA,NA,NA,0
187,6,45,NA,NA,NA,0
188,6,45,"E",NA,NA,0
189,6,45,NA,NA,NA,0
190,6,45,NA,NA,NA,0
191,5,46,NA,NA,NA,0
192,5,46,NA,NA,NA,0
193,5,46,NA,NA,NA,0
194,5,46,NA,NA,NA,0
195,5,46,NA,NA,NA,0
196,5,47,NA,NA,NA,0
197,5,47,NA,NA,NA,0
198,5,47,NA,NA,NA,0
199,5,47,"E",NA,NA,0
200,5,47,NA,NA,NA,0
201,3,48,NA,NA,NA,0
202,3,48,NA,NA,NA,0
203,3,48,NA,NA,NA,0
204,5,49,NA,NA,NA,0
205,5,49,NA,NA,NA,0
206,5,49,NA,NA,NA,0
207,5,49,NA,NA,NA,0
208,5,49,NA,NA,NA,0
209,4,50,"E",345,NA,0
210,4,50,NA,NA,NA,0
211,4,50,NA,NA,NA,0
212,4,50,NA,NA,NA,0
213,6,51,NA,NA,NA,0
214,6,51,NA,NA,NA,0
215,6,51,NA,NA,NA,0
216,6,51,NA,NA,NA,0
217,6,51,NA,NA,NA,0
218,6,51,NA,NA,NA,0
219,5,52,"E",NA,NA,0
220,5,52,NA,NA,NA,0
221,5,52,NA,NA,NA,0
222,5,52,NA,NA,NA,0
223,5,52,NA,NA,NA,0
224,6,53,NA,NA,NA,0
225,6,53,NA,NA,NA,0
226,6,53,NA,NA,NA,0
227,6,53,NA,NA,NA,0
228,6,53,NA,NA,NA,0
229,6,53,NA,NA,NA,0
230,3,54,NA,NA,NA,0
231,3,54,NA,NA,NA,0
232,3,54,NA,NA,NA,0
233,5,55,NA,NA,NA,0
234,5,55,NA,NA,NA,0
235,5,55,NA,NA,NA,0
236,5,55,NA,NA,NA,0
237,5,55,NA,NA,NA,0
238,6,56,"E",NA,NA,0
239,6,56,"E",209,NA,0
240,6,56,"E",NA,NA,0
241,6,56,NA,NA,NA,0
242,6,56,NA,NA,NA,0
243,6,56,NA,NA,NA,0
244,4,57,NA,NA,NA,0
245,4,57,NA,NA,NA,0
246,4,57,NA,NA,NA,0
247,4,57,NA,NA,NA,0
248,3,58,"E",NA,NA,0
249,3,58,NA,NA,NA,0
250,3,58,NA,NA,NA,0
251,5,59,NA,NA,NA,0
252,5,59,NA,NA,NA,0
253,5,59,"E",291,NA,0
254,5,59,NA,NA,NA,0
255,5,59,NA,NA,NA,0
256,6,60,NA,NA,NA,0
257,6,60,NA,NA,NA,0
258,6,60,NA,NA,NA,0
259,6,60,NA,NA,NA,0
260,6,60,NA,NA,NA,0
261,6,60,NA,NA,NA,0
262,4,61,NA,NA,NA,0
263,4,61,NA,NA,NA,0
264,4,61,NA,NA,NA,0
265,4,61,NA,NA,NA,0
266,3,62,NA,NA,NA,0
267,3,62,"E",169,NA,0
268,3,62,NA,NA,NA,0
269,5,63,"E",120,NA,0
270,5,63,NA,NA,NA,0
271,5,63,"E",224,NA,0
272,5,63,"E",328,NA,0
273,5,63,NA,NA,NA,0
274,6,64,NA,NA,NA,0
275,6,64,NA,NA,NA,0
276,6,64,NA,NA,NA,0
277,6,64,NA,NA,NA,0
278,6,64,"E",185,NA,0
279,6,64,NA,NA,NA,0
280,3,65,NA,NA,NA,0
281,3,65,NA,NA,NA,0
282,3,65,NA,NA,NA,0
283,5,66,NA,NA,NA,0
284,5,66,NA,NA,NA,0
285,5,66,NA,NA,NA,0
286,5,66,NA,NA,NA,0
287,5,66,NA,NA,NA,0
288,4,67,NA,NA,NA,0
289,4,67,NA,NA,NA,0
290,4,67,NA,NA,NA,0
291,4,67,NA,NA,NA,0
292,6,68,NA,NA,NA,0
293,6,68,NA,NA,NA,0
294,6,68,NA,NA,NA,0
295,6,68,NA,NA,NA,0
296,6,68,"E",NA,NA,0
297,6,68,NA,NA,NA,0
298,3,69,NA,NA,NA,0
299,3,69,NA,NA,NA,0
300,3,69,NA,NA,NA,0
301,5,70,"E",NA,NA,0
302,5,70,NA,NA,NA,0
303,5,70,NA,NA,NA,0
304,5,70,NA,NA,NA,0
305,5,70,NA,NA,NA,0
306,4,71,NA,NA,NA,0
307,4,71,NA,NA,NA,0
308,4,71,NA,NA,NA,0
309,4,71,NA,NA,NA,0
310,3,72,NA,NA,NA,0
311,3,72,NA,NA,NA,0
312,3,72,NA,NA,NA,0
313,3,73,"E",329,NA,0
314,3,73,NA,NA,NA,0
315,3,73,NA,NA,NA,0
316,4,74,NA,NA,NA,0
317,4,74,NA,NA,NA,0
318,4,74,NA,NA,NA,0
319,4,74,NA,NA,NA,0
320,3,75,"E",316,NA,0
321,3,75,NA,NA,NA,0
322,3,75,NA,NA,NA,0
323,3,76,NA,NA,NA,0
324,3,76,NA,NA,NA,0
325,3,76,NA,NA,NA,0
326,6,77,NA,NA,NA,0
327,6,77,NA,NA,NA,0
328,6,77,NA,NA,NA,0
329,6,77,NA,NA,NA,0
330,6,77,NA,NA,NA,0
331,6,77,NA,NA,NA,0
332,6,78,"E",NA,NA,0
333,6,78,NA,NA,NA,0
334,6,78,"E",NA,NA,0
335,6,78,"E",NA,NA,0
336,6,78,NA,NA,NA,0
337,6,78,"E",NA,NA,0
338,5,79,NA,NA,NA,0
339,5,79,NA,NA,NA,0
340,5,79,NA,NA,NA,0
341,5,79,NA,NA,NA,0
342,5,79,NA,NA,NA,0
343,5,80,NA,NA,NA,0
344,5,80,"E",NA,NA,0
345,5,80,"E",NA,NA,0
346,5,80,NA,NA,NA,0
347,5,80,NA,NA,NA,0
348,6,81,NA,NA,NA,0
349,6,81,NA,NA,NA,0
350,6,81,NA,NA,NA,0
351,6,81,NA,NA,NA,0
352,6,81,NA,NA,NA,0
353,6,81,NA,NA,NA,0
354,6,82,NA,NA,NA,0
355,6,82,NA,NA,NA,0
356,6,82,NA,NA,NA,0
357,6,82,NA,NA,NA,0
358,6,82,"E",163,NA,0
359,6,82,NA,NA,NA,0
360,4,83,NA,NA,NA,0
361,4,83,NA,NA,NA,0
362,4,83,"E",296,NA,0
363,4,83,NA,NA,NA,0
364,5,84,NA,NA,NA,0
365,5,84,NA,NA,NA,0
366,5,84,"E",NA,NA,0
367,5,84,NA,NA,NA,0
368,5,84,NA,NA,NA,0
369,5,85,NA,NA,NA,0
370,5,85,NA,NA,NA,0
371,5,85,"E",NA,NA,0
372,5,85,NA,NA,NA,0
373,5,85,NA,NA,NA,0
374,5,86,NA,NA,NA,0
375,5,86,NA,NA,NA,0
376,5,86,NA,NA,NA,0
377,5,86,NA,NA,NA,0
378,5,86,NA,NA,NA,0
379,3,87,NA,NA,NA,0
380,3,87,NA,NA,NA,0
381,3,87,"E",NA,NA,0
382,3,88,NA,NA,NA,0
383,3,88,NA,NA,NA,0
384,3,88,"E",NA,NA,0
385,4,89,NA,NA,NA,0
386,4,89,NA,NA,NA,0
387,4,89,NA,NA,NA,0
388,4,89,NA,NA,NA,0
389,5,90,"E",233,NA,0
390,5,90,NA,NA,NA,0
391,5,90,NA,NA,NA,0
392,5,90,NA,NA,NA,0
393,5,90,NA,NA,NA,0
394,5,91,"E",99,NA,0
395,5,91,NA,NA,NA,0
396,5,91,NA,NA,NA,0
397,5,91,NA,NA,NA,0
398,5,91,NA,NA,NA,0
399,3,92,NA,NA,NA,0
400,3,92,"E",280,NA,0
401,3,92,NA,NA,NA,0
402,3,93,NA,NA,NA,0
403,3,93,NA,NA,NA,0
404,3,93,NA,NA,NA,0
405,3,94,NA,NA,NA,0
406,3,94,NA,NA,NA,0
407,3,94,NA,NA,NA,0
408,3,95,NA,NA,NA,0
409,3,95,NA,NA,NA,0
410,3,95,NA,NA,NA,0
411,4,96,NA,NA,NA,0
412,4,96,NA,NA,NA,0
413,4,96,NA,NA,NA,0
414,4,96,"E",NA,NA,0
415,6,97,"E",359,NA,0
416,6,97,NA,NA,NA,0
417,6,97,NA,NA,NA,0
418,6,97,NA,NA,NA,0
419,6,97,NA,NA,NA,0
420,6,97,NA,NA,NA,0
421,3,98,NA,NA,NA,0
422,3,98,NA,NA,NA,0
423,3,98,NA,NA,NA,0
424,4,99,NA,NA,NA,0
425,4,99,NA,NA,NA,0
426,4,99,NA,NA,NA,0
427,4,99,NA,NA,NA,0
428,5,100,NA,NA,NA,0
429,5,100,NA,NA,NA,0
430,5,100,NA,NA,NA,0
431,5,100,NA,NA,NA,0
432,5,100,NA,NA,NA,0
433,4,101,NA,NA,NA,0
434,4,101,NA,NA,NA,0
435,4,101,NA,NA,NA,0
436,4,101,NA,NA,NA,0
437,4,102,NA,NA,NA,0
438,4,102,NA,NA,NA,0
439,4,102,NA,NA,NA,0
440,4,102,NA,NA,NA,0
441,3,103,NA,NA,NA,0
442,3,103,NA,NA,NA,0
443,3,103,NA,NA,NA,0
444,3,104,NA,NA,NA,0
445,3,104,NA,NA,NA,0
446,3,104,NA,NA,NA,0
447,5,105,NA,NA,NA,0
448,5,105,NA,NA,NA,0
449,5,105,NA,NA,NA,0
450,5,105,NA,NA,NA,0
451,5,105,NA,NA,NA,0
452,6,106,NA,NA,NA,0
453,6,106,NA,NA,NA,0
454,6,106,NA,NA,NA,0
455,6,106,NA,NA,NA,0
456,6,106,NA,NA,NA,0
457,6,106,NA,NA,NA,0
458,5,107,NA,NA,NA,0
459,5,107,NA,NA,NA,0
460,5,107,NA,NA,NA,0
461,5,107,NA,NA,NA,0
462,5,107,NA,NA,NA,0
463,3,108,NA,NA,NA,0
464,3,108,NA,NA,NA,0
465,3,108,NA,NA,NA,0
466,3,109,NA,NA,NA,0
467,3,109,NA,NA,NA,0
468,3,109,NA,NA,NA,0
469,5,110,"E",NA,NA,0
470,5,110,NA,NA,NA,0
471,5,110,NA,NA,NA,0
472,5,110,NA,NA,NA,0
473,5,110,NA,NA,NA,0
474,4,111,NA,NA,NA,0
475,4,111,NA,NA,NA,0
476,4,111,NA,NA,NA,0
477,4,111,"E",202,NA,0
478,5,112,NA,NA,NA,0
479,5,112,NA,NA,NA,0
480,5,112,NA,NA,NA,0
481,5,112,NA,NA,NA,0
482,5,112,NA,NA,NA,0
483,5,113,NA,NA,NA,0
484,5,113,NA,NA,NA,0
485,5,113,NA,NA,NA,0
486,5,113,NA,NA,NA,0
487,5,113,NA,NA,NA,0
488,3,114,NA,NA,NA,0
489,3,114,NA,NA,NA,0
490,3,114,"E",328,NA,0
491,3,115,NA,NA,NA,0
492,3,115,NA,NA,NA,0
493,3,115,NA,NA,NA,0
494,4,116,NA,NA,NA,0
495,4,116,NA,NA,NA,0
496,4,116,NA,NA,NA,0
497,4,116,NA,NA,NA,0
498,6,117,NA,NA,NA,0
499,6,117,"E",NA,NA,0
500,6,117,NA,NA,NA,0
501,6,117,NA,NA,NA,0
502,6,117,NA,NA,NA,0
503,6,117,NA,NA,NA,0
504,4,118,NA,NA,NA,0
505,4,118,NA,NA,NA,0
506,4,118,NA,NA,NA,0
507,4,118,NA,NA,NA,0
508,4,119,NA,NA,NA,0
509,4,119,NA,NA,NA,0
510,4,119,"E",NA,NA,0
511,4,119,"E",NA,NA,0
512,3,120,NA,NA,NA,0
513,3,120,NA,NA,NA,0
514,3,120,"E",NA,NA,0
515,4,121,NA,NA,NA,0
516,4,121,NA,NA,NA,0
517,4,121,NA,NA,NA,0
518,4,121,NA,NA,NA,0
519,4,122,"E",NA,NA,0
520,4,122,NA,NA,NA,0
521,4,122,"E",NA,NA,0
522,4,122,"E",261,NA,0
523,5,123,NA,NA,NA,0
524,5,123,NA,NA,NA,0
525,5,123,NA,NA,NA,0
526,5,123,NA,NA,NA,0
527,5,123,NA,NA,NA,0
528,3,124,"E",NA,NA,0
529,3,124,NA,NA,NA,0
530,3,124,NA,NA,NA,0
531,5,125,NA,NA,NA,0
532,5,125,NA,NA,NA,0
533,5,125,NA,NA,NA,0
534,5,125,"E",NA,NA,0
535,5,125,NA,NA,NA,0
536,5,126,NA,NA,NA,0
537,5,126,NA,NA,NA,0
538,5,126,NA,NA,NA,0
539,5,126,NA,NA,NA,0
540,5,126,NA,NA,NA,0
541,5,127,NA,NA,NA,0
542,5,127,"E",NA,NA,0
543,5,127,NA,NA,NA,0
544,5,127,NA,NA,NA,0
545,5,127,NA,NA,NA,0
546,4,128,NA,NA,NA,0
547,4,128,NA,NA,NA,0
548,4,128,NA,NA,NA,0
549,4,128,NA,NA,NA,0
550,6,129,NA,NA,NA,0
551,6,129,NA,NA,NA,0
552,6,129,NA,NA,NA,0
553,6,129,NA,NA,NA,0
554,6,129,"E",124,NA,0
555,6,129,NA,NA,NA,0
556,6,130,NA,NA,NA,0
557,6,130,NA,NA,NA,0
558,6,130,NA,NA,NA,0
559,6,130,NA,NA,NA,0
560,6,130,NA,NA,NA,0
561,6,130,NA,NA,NA,0
562,6,131,NA,NA,NA,0
563,6,131,NA,NA,NA,0
564,6,131,"E",NA,NA,0
565,6,131,NA,NA,NA,0
566,6,131,NA,NA,NA,0
567,6,131,NA,NA,NA,0
568,5,132,NA,NA,NA,0
569,5,132,NA,NA,NA,0
570,5,132,NA,NA,NA,0
571,5,132,NA,NA,NA,0
572,5,132,NA,NA,NA,0
573,4,133,NA,NA,NA,0
574,4,133,NA,NA,NA,0
575,4,133,NA,NA,NA,0
576,4,133,NA,NA,NA,0
577,4,134,NA,NA,NA,0
578,4,134,"E",348,NA,0
579,4,134,NA,NA,NA,0
580,4,134,NA,NA,NA,0
581,5,135,"E",NA,NA,0
582,5,135,NA,NA,NA,0
583,5,135,NA,NA,NA,0
584,5,135,NA,NA,NA,0
585,5,135,NA,NA,NA,0
586,3,136,NA,NA,NA,0
587,3,136,NA,NA,NA,0
588,3,136,NA,NA,NA,0
589,5,137,"E",NA,NA,0
590,5,137,NA,NA,NA,0
591,5,137,NA,NA,NA,0
592,5,137,NA,NA,NA,0
593,5,137,NA,NA,NA,0
594,3,138,NA,NA,NA,0
595,3,138,"E",350,NA,0
596,3,138,NA,NA,NA,0
597,3,139,NA,NA,NA,0
598,3,139,"E",313,NA,0
599,3,139,NA,NA,NA,0
600,6,140,NA,NA,NA,0
601,6,140,NA,NA,NA,0
602,6,140,NA,NA,NA,0
603,6,140,"E",59,NA,0
604,6,140,NA,NA,NA,0
605,6,140,"E",NA,NA,0
606,4,141,NA,NA,NA,0
607,4,141,NA,NA,NA,0
608,4,141,NA,NA,NA,0
609,4,141,NA,NA,NA,0
610,4,142,NA,NA,NA,0
611,4,142,NA,NA,NA,0
612,4,142,NA,NA,NA,0
613,4,142,NA,NA,NA,0
614,5,143,NA,NA,NA,0
615,5,143,NA,NA,NA,0
616,5,143,NA,NA,NA,0
617,5,143,NA,NA,NA,0
618,5,143,NA,NA,NA,0
619,4,144,NA,NA,NA,0
620,4,144,"E",NA,NA,0
621,4,144,NA,NA,NA,0
622,4,144,NA,NA,NA,0
623,6,145,NA,NA,NA,0
624,6,145,NA,NA,NA,0
625,6,145,"E",354,NA,0
626,6,145,NA,NA,NA,0
627,6,145,NA,NA,NA,0
628,6,145,NA,NA,NA,0
629,4,146,NA,NA,NA,0
630,4,146,NA,NA,NA,0
631,4,146,"E",294,NA,0
632,4,146,NA,NA,NA,0
633,5,147,NA,NA,NA,0
634,5,147,NA,NA,NA,0
635,5,147,NA,NA,NA,0
636,5,147,NA,NA,NA,0
637,5,147,NA,NA,NA,0
638,4,148,NA,NA,NA,0
639,4,148,NA,NA,NA,0
640,4,148,NA,NA,NA,0
641,4,148,NA,NA,NA,0
642,3,149,NA,NA,NA,0
643,3,149,NA,NA,NA,0
644,3,149,"E",NA,NA,0
645,6,150,NA,NA,NA,0
646,6,150,NA,NA,NA,0
647,6,150,NA,NA,NA,0
648,6,150,NA,NA,NA,0
649,6,150,NA,NA,NA,0
650,6,150,"E",NA,NA,0
651,3,151,NA,NA,NA,0
652,3,151,"E",NA,NA,0
653,3,151,NA,NA,NA,0
654,5,152,NA,NA,NA,0
655,5,152,NA,NA,NA,0
656,5,152,NA,NA,NA,0
657,5,152,NA,NA,NA,0
658,5,152,NA,NA,NA,0
659,3,153,NA,NA,NA,0
660,3,153,NA,NA,NA,0
661,3,153,NA,NA,NA,0
662,4,154,NA,NA,NA,0
663,4,154,NA,NA,NA,0
664,4,154,NA,NA,NA,0
665,4,154,NA,NA,NA,0
666,4,155,NA,NA,NA,0
667,4,155,NA,NA,NA,0
668,4,155,NA,NA,NA,0
669,4,155,"E",NA,NA,0
670,5,156,"E",NA,NA,0
671,5,156,NA,NA,NA,0
672,5,156,NA,NA,NA,0
673,5,156,NA,NA,NA,0
674,5,156,"E",NA,NA,0
675,6,157,NA,NA,NA,0
676,6,157,"E",268,NA,0
677,6,157,"E",NA,NA,0
678,6,157,NA,NA,NA,0
679,6,157,NA,NA,NA,0
680,6,157,NA,NA,NA,0
681,4,158,NA,NA,NA,0
682,4,158,"E",NA,NA,0
683,4,158,NA,NA,NA,0
684,4,158,NA,NA,NA,0
685,4,159,NA,NA,NA,0
686,4,159,"E",329,NA,0
687,4,159,NA,NA,NA,0
688,4,159,NA,NA,NA,0
689,4,160,NA,NA,NA,0
690,4,160,NA,NA,NA,0
691,4,160,NA,NA,NA,0
692,4,160,NA,NA,NA,0
693,5,161,NA,NA,NA,0
694,5,161,NA,NA,NA,0
695,5,161,"E",252,NA,0
696,5,161,NA,NA,NA,0
697,5,161,NA,NA,NA,0
698,3,162,NA,NA,NA,0
699,3,162,NA,NA,NA,0
700,3,162,NA,NA,NA,0
701,6,163,NA,NA,NA,0
702,6,163,NA,NA,NA,0
703,6,163,NA,NA,NA,0
704,6,163,NA,NA,NA,0
705,6,163,NA,NA,NA,0
706,6,163,"E",NA,NA,0
707,4,164,NA,NA,NA,0
708,4,164,NA,NA,NA,0
709,4,164,NA,NA,NA,0
710,4,164,NA,NA,NA,0
711,5,165,NA,NA,NA,0
712,5,165,NA,NA,NA,0
713,5,165,NA,NA,NA,0
714,5,165,NA,NA,NA,0
715,5,165,NA,NA,NA,0
716,5,166,NA,NA,NA,0
717,5,166,NA,NA,NA,0
718,5,166,NA,NA,NA,0
719,5,166,NA,NA,NA,0
720,5,166,NA,NA,NA,0
721,6,167,NA,NA,NA,0
722,6,167,NA,NA,NA,0
723,6,167,NA,NA,NA,0
724,6,167,NA,NA,NA,0
725,6,167,NA,NA,NA,0
726,6,167,"E",NA,NA,0
727,5,168,NA,NA,NA,0
728,5,168,NA,NA,NA,0
729,5,168,NA,NA,NA,0
730,5,168,NA,NA,NA,0
731,5,168,NA,NA,NA,0
732,6,169,NA,NA,NA,0
733,6,169,NA,NA,NA,0
734,6,169,NA,NA,NA,0
735,6,169,NA,NA,NA,0
736,6,169,NA,NA,NA,0
737,6,169,NA,NA,NA,0
738,6,170,NA,NA,NA,0
739,6,170,NA,NA,NA,0
740,6,170,"E",304,NA,0
741,6,170,NA,NA,NA,0
742,6,170,NA,NA,NA,0
743,6,170,NA,NA,NA,0
744,4,171,NA,NA,NA,0
745,4,171,NA,NA,NA,0
746,4,171,NA,NA,NA,0
747,4,171,NA,NA,NA,0
748,4,172,NA,NA,NA,0
749,4,172,NA,NA,NA,0
750,4,172,NA,NA,NA,0
751,4,172,NA,NA,NA,0
752,3,173,NA,NA,NA,0
753,3,173,NA,NA,NA,0
754,3,173,NA,NA,NA,0
755,4,174,NA,NA,NA,0
756,4,174,NA,NA,NA,0
757,4,174,NA,NA,NA,0
758,4,174,NA,NA,NA,0
759,5,175,NA,NA,NA,0
760,5,175,NA,NA,NA,0
761,5,175,NA,NA,NA,0
762,5,175,NA,NA,NA,0
763,5,175,"E",324,NA,0
764,4,176,NA,NA,NA,0
765,4,176,NA,NA,NA,0
766,4,176,NA,NA,NA,0
767,4,176,NA,NA,NA,0
768,4,177,"E",325,NA,0
769,4,177,NA,NA,NA,0
770,4,177,NA,NA,NA,0
771,4,177,NA,NA,NA,0
772,3,178,"E",315,NA,0
773,3,178,NA,NA,NA,0
774,3,178,NA,NA,NA,0
775,5,179,NA,NA,NA,0
776,5,179,"E",NA,NA,0
777,5,179,NA,NA,NA,0
778,5,179,NA,NA,NA,0
779,5,179,NA,NA,NA,0
780,4,180,NA,NA,NA,0
781,4,180,"E",NA,NA,0
782,4,180,NA,NA,NA,0
783,4,180,NA,NA,NA,0
784,5,181,NA,NA,NA,0
785,5,181,NA,NA,NA,0
786,5,181,NA,NA,NA,0
787,5,181,NA,NA,NA,0
788,5,181,NA,NA,NA,0
789,4,182,NA,NA,NA,0
790,4,182,"E",NA,NA,0
791,4,182,NA,NA,NA,0
792,4,182,"E",NA,NA,0
793,5,183,NA,NA,NA,0
794,5,183,NA,NA,NA,0
795,5,183,NA,NA,NA,0
796,5,183,NA,NA,NA,0
797,5,183,NA,NA,NA,0
798,5,184,NA,NA,NA,0
799,5,184,NA,NA,NA,0
800,5,184,NA,NA,NA,0
801,5,184,NA,NA,NA,0
802,5,184,NA,NA,NA,0
803,3,185,NA,NA,NA,0
804,3,185,NA,NA,NA,0
805,3,185,NA,NA,NA,0
806,3,186,NA,NA,NA,0
807,3,186,NA,NA,NA,0
808,3,186,NA,NA,NA,0
809,6,187,NA,NA,NA,0
810,6,187,"E",NA,NA,0
811,6,187,NA,NA,NA,0
812,6,187,NA,NA,NA,0
813,6,187,NA,NA,NA,0
814,6,187,NA,NA,NA,0
815,6,188,NA,NA,NA,0
816,6,188,NA,NA,NA,0
817,6,188,NA,NA,NA,0
818,6,188,NA,NA,NA,0
819,6,188,NA,NA,NA,0
820,6,188,NA,NA,NA,0
821,6,189,NA,NA,NA,0
822,6,189,NA,NA,NA,0
823,6,189,NA,NA,NA,0
824,6,189,NA,NA,NA,0
825,6,189,NA,NA,NA,0
826,6,189,"E",308,NA,0
827,6,190,NA,NA,NA,0
828,6,190,NA,NA,NA,0
829,6,190,"E",NA,NA,0
830,6,190,NA,NA,NA,0
831,6,190,NA,NA,NA,0
832,6,190,NA,NA,NA,0
833,3,191,NA,NA,NA,0
834,3,191,NA,NA,NA,0
835,3,191,"E",342,NA,0
836,3,192,NA,NA,NA,0
837,3,192,NA,NA,NA,0
838,3,192,NA,NA,NA,0
839,4,193,NA,NA,NA,0
840,4,193,NA,NA,NA,0
841,4,193,NA,NA,NA,0
842,4,193,NA,NA,NA,0
843,5,194,NA,NA,NA,0
844,5,194,NA,NA,NA,0
845,5,194,NA,NA,NA,0
846,5,194,NA,NA,NA,0
847,5,194,NA,NA,NA,0
848,6,195,NA,NA,NA,0
849,6,195,NA,NA,NA,0
850,6,195,NA,NA,NA,0
851,6,195,NA,NA,NA,0
852,6,195,"E",310,NA,0
853,6,195,NA,NA,NA,0
854,5,196,NA,NA,NA,0
855,5,196,NA,NA,NA,0
856,5,196,NA,NA,NA,0
857,5,196,NA,NA,NA,0
858,5,196,NA,NA,NA,0
859,4,197,NA,NA,NA,0
860,4,197,NA,NA,NA,0
861,4,197,NA,NA,NA,0
862,4,197,NA,NA,NA,0
863,4,198,NA,NA,NA,0
864,4,198,NA,NA,NA,0
865,4,198,NA,NA,NA,0
866,4,198,NA,NA,NA,0
867,3,199,NA,NA,NA,0
868,3,199,"E",NA,NA,0
869,3,199,NA,NA,NA,0
870,4,200,NA,NA,NA,0
871,4,200,NA,NA,NA,0
872,4,200,NA,NA,NA,0
873,4,200,NA,NA,NA,0
874,4,201,NA,NA,NA,0
875,4,201,NA,NA,NA,0
876,4,201,NA,NA,NA,0
877,4,201,NA,NA,NA,0
878,5,202,NA,NA,NA,0
879,5,202,"E",NA,NA,0
880,5,202,"E",NA,NA,0
881,5,202,NA,NA,NA,0
882,5,202,NA,NA,NA,0
883,4,203,"E",NA,NA,0
884,4,203,NA,NA,NA,0
885,4,203,"E",182,NA,0
886,4,203,NA,NA,NA,0
887,4,204,NA,NA,NA,0
888,4,204,NA,NA,NA,0
889,4,204,NA,NA,NA,0
890,4,204,NA,NA,NA,0
891,5,205,"E",331,NA,0
892,5,205,NA,NA,NA,0
893,5,205,NA,NA,NA,0
894,5,205,NA,NA,NA,0
895,5,205,NA,NA,NA,0
896,3,206,NA,NA,NA,0
897,3,206,NA,NA,NA,0
898,3,206,NA,NA,NA,0
899,5,207,"E",234,NA,0
900,5,207,NA,NA,NA,0
901,5,207,NA,NA,NA,0
902,5,207,NA,NA,NA,0
903,5,207,"E",NA,NA,0
904,5,208,NA,NA,NA,0
905,5,208,"E",NA,NA,0
906,5,208,"E",NA,NA,0
907,5,208,NA,NA,NA,0
908,5,208,NA,NA,NA,0
909,4,209,NA,NA,NA,0
910,4,209,"E",183,NA,0
911,4,209,NA,NA,NA,0
912,4,209,NA,NA,NA,0
913,3,210,NA,NA,NA,0
914,3,210,NA,NA,NA,0
915,3,210,NA,NA,NA,0
916,6,211,NA,NA,NA,0
917,6,211,NA,NA,NA,0
918,6,211,NA,NA,NA,0
919,6,211,NA,NA,NA,0
920,6,211,NA,NA,NA,0
921,6,211,NA,NA,NA,0
922,5,212,NA,NA,NA,0
923,5,212,"E",NA,NA,0
924,5,212,NA,NA,NA,0
925,5,212,NA,NA,NA,0
926,5,212,NA,NA,NA,0
927,5,213,NA,NA,NA,0
928,5,213,NA,NA,NA,0
929,5,213,NA,NA,NA,0
930,5,213,NA,NA,NA,0
931,5,213,NA,NA,NA,0
932,6,214,NA,NA,NA,0
933,6,214,NA,NA,NA,0
934,6,214,NA,NA,NA,0
935,6,214,NA,NA,NA,0
936,6,214,NA,NA,NA,0
937,6,214,NA,NA,NA,0
938,3,215,NA,NA,NA,0
939,3,215,NA,NA,NA,0
940,3,215,NA,NA,NA,0
941,6,216,NA,NA,NA,0
942,6,216,NA,NA,NA,0
943,6,216,NA,NA,NA,0
944,6,216,"E",205,NA,0
945,6,216,NA,NA,NA,0
946,6,216,NA,NA,NA,0
947,6,217,"E",NA,NA,0
948,6,217,NA,NA,NA,0
949,6,217,NA,NA,NA,0
950,6,217,"E",NA,NA,0
951,6,217,NA,NA,NA,0
952,6,217,NA,NA,NA,0
953,5,218,NA,NA,NA,0
954,5,218,NA,NA,NA,0
955,5,218,NA,NA,NA,0
956,5,218,NA,NA,NA,0
957,5,218,NA,NA,NA,0
958,3,219,NA,NA,NA,0
959,3,219,NA,NA,NA,0
960,3,219,NA,NA,NA,0
961,5,220,NA,NA,NA,0
962,5,220,NA,NA,NA,0
963,5,220,NA,NA,NA,0
964,5,220,NA,NA,NA,0
965,5,220,NA,NA,NA,0
966,3,221,NA,NA,NA,0
967,3,221,"E",246,NA,0
968,3,221,NA,NA,NA,0
969,5,222,NA,NA,NA,0
970,5,222,NA,NA,NA,0
971,5,222,NA,NA,NA,0
972,5,222,NA,NA,NA,0
973,5,222,NA,NA,NA,0
974,4,223,NA,NA,NA,0
975,4,223,NA,NA,NA,0
976,4,223,NA,NA,NA,0
977,4,223,NA,NA,NA,0
978,6,224,NA,NA,NA,0
979,6,224,NA,NA,NA,0
980,6,224,NA,NA,NA,0
981,6,224,NA,NA,NA,0
982,6,224,NA,NA,NA,0
983,6,224,NA,NA,NA,0
984,4,225,NA,NA,NA,0
985,4,225,NA,NA,NA,0
986,4,225,NA,NA,NA,0
987,4,225,NA,NA,NA,0
988,3,226,NA,NA,NA,0
989,3,226,NA,NA,NA,0
990,3,226,NA,NA,NA,0
991,4,227,NA,NA,NA,0
992,4,227,NA,NA,NA,0
993,4,227,NA,NA,NA,0
994,4,227,NA,NA,NA,0
995,6,228,NA,NA,NA,0
996,6,228,NA,NA,NA,0
997,6,228,NA,NA,NA,0
998,6,228,NA,NA,NA,0
999,6,228,NA,NA,NA,0
1000,6,228,NA,NA,NA,0
