"ID","SIZE","HH","TYPE","TIME","S_num","I_num"
1,4,1,"0",52,NA,0
2,4,1,NA,NA,NA,0
3,4,1,NA,NA,NA,0
4,4,1,NA,NA,NA,0
5,3,2,NA,NA,NA,0
6,3,2,NA,NA,NA,0
7,3,2,NA,NA,NA,0
8,3,3,NA,NA,NA,0
9,3,3,"E",250,NA,0
10,3,3,NA,NA,NA,0
11,6,4,NA,NA,NA,0
12,6,4,NA,NA,NA,0
13,6,4,NA,NA,NA,0
14,6,4,NA,NA,NA,0
15,6,4,NA,NA,NA,0
16,6,4,NA,NA,NA,0
17,5,5,NA,NA,NA,0
18,5,5,NA,NA,NA,0
19,5,5,NA,NA,NA,0
20,5,5,NA,NA,NA,0
21,5,5,NA,NA,NA,0
22,4,6,NA,NA,NA,0
23,4,6,NA,NA,NA,0
24,4,6,NA,NA,NA,0
25,4,6,NA,NA,NA,0
26,4,7,NA,NA,NA,0
27,4,7,NA,NA,NA,0
28,4,7,"E",231,NA,0
29,4,7,NA,NA,NA,0
30,5,8,NA,NA,NA,0
31,5,8,NA,NA,NA,0
32,5,8,NA,NA,NA,0
33,5,8,"E",180,NA,0
34,5,8,NA,NA,NA,0
35,3,9,NA,NA,NA,0
36,3,9,"E",268,NA,0
37,3,9,NA,NA,NA,0
38,4,10,NA,NA,NA,0
39,4,10,"E",223,NA,0
40,4,10,NA,NA,NA,0
41,4,10,NA,NA,NA,0
42,3,11,NA,NA,NA,0
43,3,11,NA,NA,NA,0
44,3,11,NA,NA,NA,0
45,6,12,NA,NA,NA,0
46,6,12,NA,NA,NA,0
47,6,12,NA,NA,NA,0
48,6,12,NA,NA,NA,0
49,6,12,NA,NA,NA,0
50,6,12,NA,NA,NA,0
51,5,13,NA,NA,NA,0
52,5,13,NA,NA,NA,0
53,5,13,NA,NA,NA,0
54,5,13,NA,NA,NA,0
55,5,13,NA,NA,NA,0
56,6,14,NA,NA,NA,0
57,6,14,NA,NA,NA,0
58,6,14,NA,NA,NA,0
59,6,14,NA,NA,NA,0
60,6,14,NA,NA,NA,0
61,6,14,NA,NA,NA,0
62,4,15,NA,NA,NA,0
63,4,15,NA,NA,NA,0
64,4,15,NA,NA,NA,0
65,4,15,NA,NA,NA,0
66,4,16,NA,NA,NA,0
67,4,16,NA,NA,NA,0
68,4,16,NA,NA,NA,0
69,4,16,"E",316,NA,0
70,3,17,"E",NA,NA,0
71,3,17,NA,NA,NA,0
72,3,17,NA,NA,NA,0
73,3,18,NA,NA,NA,0
74,3,18,NA,NA,NA,0
75,3,18,NA,NA,NA,0
76,4,19,NA,NA,NA,0
77,4,19,NA,NA,NA,0
78,4,19,NA,NA,NA,0
79,4,19,NA,NA,NA,0
80,3,20,NA,NA,NA,0
81,3,20,NA,NA,NA,0
82,3,20,NA,NA,NA,0
83,6,21,NA,NA,NA,0
84,6,21,NA,NA,NA,0
85,6,21,NA,NA,NA,0
86,6,21,NA,NA,NA,0
87,6,21,NA,NA,NA,0
88,6,21,"E",227,NA,0
89,4,22,NA,NA,NA,0
90,4,22,"E",342,NA,0
91,4,22,NA,NA,NA,0
92,4,22,NA,NA,NA,0
93,3,23,NA,NA,NA,0
94,3,23,NA,NA,NA,0
95,3,23,NA,NA,NA,0
96,4,24,NA,NA,NA,0
97,4,24,NA,NA,NA,0
98,4,24,NA,NA,NA,0
99,4,24,NA,NA,NA,0
100,4,25,NA,NA,NA,0
101,4,25,"E",186,NA,0
102,4,25,NA,NA,NA,0
103,4,25,NA,NA,NA,0
104,3,26,NA,NA,NA,0
105,3,26,NA,NA,NA,0
106,3,26,NA,NA,NA,0
107,5,27,NA,NA,NA,0
108,5,27,NA,NA,NA,0
109,5,27,NA,NA,NA,0
110,5,27,NA,NA,NA,0
111,5,27,NA,NA,NA,0
112,6,28,NA,NA,NA,0
113,6,28,NA,NA,NA,0
114,6,28,NA,NA,NA,0
115,6,28,NA,NA,NA,0
116,6,28,NA,NA,NA,0
117,6,28,NA,NA,NA,0
118,5,29,NA,NA,NA,0
119,5,29,NA,NA,NA,0
120,5,29,"E",309,NA,0
121,5,29,NA,NA,NA,0
122,5,29,NA,NA,NA,0
123,3,30,NA,NA,NA,0
124,3,30,NA,NA,NA,0
125,3,30,NA,NA,NA,0
126,4,31,NA,NA,NA,0
127,4,31,NA,NA,NA,0
128,4,31,NA,NA,NA,0
129,4,31,NA,NA,NA,0
130,4,32,"E",NA,NA,0
131,4,32,NA,NA,NA,0
132,4,32,NA,NA,NA,0
133,4,32,NA,NA,NA,0
134,6,33,NA,NA,NA,0
135,6,33,NA,NA,NA,0
136,6,33,NA,NA,NA,0
137,6,33,NA,NA,NA,0
138,6,33,NA,NA,NA,0
139,6,33,NA,NA,NA,0
140,4,34,NA,NA,NA,0
141,4,34,NA,NA,NA,0
142,4,34,NA,NA,NA,0
143,4,34,NA,NA,NA,0
144,5,35,NA,NA,NA,0
145,5,35,NA,NA,NA,0
146,5,35,"E",155,NA,0
147,5,35,NA,NA,NA,0
148,5,35,NA,NA,NA,0
149,3,36,NA,NA,NA,0
150,3,36,NA,NA,NA,0
151,3,36,NA,NA,NA,0
152,5,37,NA,NA,NA,0
153,5,37,NA,NA,NA,0
154,5,37,NA,NA,NA,0
155,5,37,NA,NA,NA,0
156,5,37,NA,NA,NA,0
157,5,38,NA,NA,NA,0
158,5,38,NA,NA,NA,0
159,5,38,"E",NA,NA,0
160,5,38,NA,NA,NA,0
161,5,38,NA,NA,NA,0
162,4,39,"E",235,NA,0
163,4,39,NA,NA,NA,0
164,4,39,NA,NA,NA,0
165,4,39,NA,NA,NA,0
166,4,40,"E",182,NA,0
167,4,40,NA,NA,NA,0
168,4,40,NA,NA,NA,0
169,4,40,NA,NA,NA,0
170,6,41,NA,NA,NA,0
171,6,41,NA,NA,NA,0
172,6,41,NA,NA,NA,0
173,6,41,NA,NA,NA,0
174,6,41,NA,NA,NA,0
175,6,41,NA,NA,NA,0
176,4,42,NA,NA,NA,0
177,4,42,NA,NA,NA,0
178,4,42,NA,NA,NA,0
179,4,42,NA,NA,NA,0
180,5,43,NA,NA,NA,0
181,5,43,"E",NA,NA,0
182,5,43,NA,NA,NA,0
183,5,43,"E",123,NA,0
184,5,43,NA,NA,NA,0
185,4,44,NA,NA,NA,0
186,4,44,NA,NA,NA,0
187,4,44,NA,NA,NA,0
188,4,44,NA,NA,NA,0
189,4,45,NA,NA,NA,0
190,4,45,NA,NA,NA,0
191,4,45,NA,NA,NA,0
192,4,45,NA,NA,NA,0
193,6,46,NA,NA,NA,0
194,6,46,NA,NA,NA,0
195,6,46,NA,NA,NA,0
196,6,46,NA,NA,NA,0
197,6,46,NA,NA,NA,0
198,6,46,"E",153,NA,0
199,5,47,NA,NA,NA,0
200,5,47,NA,NA,NA,0
201,5,47,"E",356,NA,0
202,5,47,NA,NA,NA,0
203,5,47,NA,NA,NA,0
204,5,48,NA,NA,NA,0
205,5,48,NA,NA,NA,0
206,5,48,NA,NA,NA,0
207,5,48,NA,NA,NA,0
208,5,48,NA,NA,NA,0
209,6,49,"E",141,NA,0
210,6,49,NA,NA,NA,0
211,6,49,"E",240,NA,0
212,6,49,NA,NA,NA,0
213,6,49,NA,NA,NA,0
214,6,49,NA,NA,NA,0
215,6,50,NA,NA,NA,0
216,6,50,NA,NA,NA,0
217,6,50,NA,NA,NA,0
218,6,50,NA,NA,NA,0
219,6,50,NA,NA,NA,0
220,6,50,NA,NA,NA,0
221,6,51,NA,NA,NA,0
222,6,51,NA,NA,NA,0
223,6,51,NA,NA,NA,0
224,6,51,NA,NA,NA,0
225,6,51,NA,NA,NA,0
226,6,51,NA,NA,NA,0
227,6,52,NA,NA,NA,0
228,6,52,"E",207,NA,0
229,6,52,"E",335,NA,0
230,6,52,NA,NA,NA,0
231,6,52,NA,NA,NA,0
232,6,52,NA,NA,NA,0
233,6,53,NA,NA,NA,0
234,6,53,NA,NA,NA,0
235,6,53,NA,NA,NA,0
236,6,53,NA,NA,NA,0
237,6,53,NA,NA,NA,0
238,6,53,NA,NA,NA,0
239,5,54,NA,NA,NA,0
240,5,54,NA,NA,NA,0
241,5,54,NA,NA,NA,0
242,5,54,NA,NA,NA,0
243,5,54,NA,NA,NA,0
244,3,55,NA,NA,NA,0
245,3,55,NA,NA,NA,0
246,3,55,NA,NA,NA,0
247,5,56,NA,NA,NA,0
248,5,56,NA,NA,NA,0
249,5,56,NA,NA,NA,0
250,5,56,NA,NA,NA,0
251,5,56,NA,NA,NA,0
252,4,57,"E",171,NA,0
253,4,57,NA,NA,NA,0
254,4,57,NA,NA,NA,0
255,4,57,NA,NA,NA,0
256,6,58,NA,NA,NA,0
257,6,58,NA,NA,NA,0
258,6,58,"E",NA,NA,0
259,6,58,NA,NA,NA,0
260,6,58,NA,NA,NA,0
261,6,58,"E",361,NA,0
262,3,59,NA,NA,NA,0
263,3,59,NA,NA,NA,0
264,3,59,NA,NA,NA,0
265,3,60,NA,NA,NA,0
266,3,60,NA,NA,NA,0
267,3,60,NA,NA,NA,0
268,5,61,NA,NA,NA,0
269,5,61,NA,NA,NA,0
270,5,61,NA,NA,NA,0
271,5,61,"E",120,NA,0
272,5,61,NA,NA,NA,0
273,6,62,NA,NA,NA,0
274,6,62,NA,NA,NA,0
275,6,62,NA,NA,NA,0
276,6,62,NA,NA,NA,0
277,6,62,NA,NA,NA,0
278,6,62,NA,NA,NA,0
279,3,63,NA,NA,NA,0
280,3,63,NA,NA,NA,0
281,3,63,NA,NA,NA,0
282,4,64,NA,NA,NA,0
283,4,64,NA,NA,NA,0
284,4,64,NA,NA,NA,0
285,4,64,NA,NA,NA,0
286,3,65,NA,NA,NA,0
287,3,65,NA,NA,NA,0
288,3,65,NA,NA,NA,0
289,5,66,NA,NA,NA,0
290,5,66,NA,NA,NA,0
291,5,66,"E",281,NA,0
292,5,66,"E",300,NA,0
293,5,66,NA,NA,NA,0
294,5,67,NA,NA,NA,0
295,5,67,NA,NA,NA,0
296,5,67,NA,NA,NA,0
297,5,67,NA,NA,NA,0
298,5,67,NA,NA,NA,0
299,6,68,NA,NA,NA,0
300,6,68,NA,NA,NA,0
301,6,68,"E",346,NA,0
302,6,68,NA,NA,NA,0
303,6,68,NA,NA,NA,0
304,6,68,"E",NA,NA,0
305,4,69,NA,NA,NA,0
306,4,69,"E",249,NA,0
307,4,69,NA,NA,NA,0
308,4,69,NA,NA,NA,0
309,3,70,NA,NA,NA,0
310,3,70,"E",NA,NA,0
311,3,70,NA,NA,NA,0
312,5,71,NA,NA,NA,0
313,5,71,NA,NA,NA,0
314,5,71,"E",209,NA,0
315,5,71,NA,NA,NA,0
316,5,71,NA,NA,NA,0
317,3,72,NA,NA,NA,0
318,3,72,NA,NA,NA,0
319,3,72,NA,NA,NA,0
320,4,73,"E",347,NA,0
321,4,73,NA,NA,NA,0
322,4,73,NA,NA,NA,0
323,4,73,"E",169,NA,0
324,6,74,NA,NA,NA,0
325,6,74,NA,NA,NA,0
326,6,74,NA,NA,NA,0
327,6,74,NA,NA,NA,0
328,6,74,NA,NA,NA,0
329,6,74,NA,NA,NA,0
330,6,75,NA,NA,NA,0
331,6,75,NA,NA,NA,0
332,6,75,NA,NA,NA,0
333,6,75,NA,NA,NA,0
334,6,75,NA,NA,NA,0
335,6,75,NA,NA,NA,0
336,6,76,NA,NA,NA,0
337,6,76,NA,NA,NA,0
338,6,76,NA,NA,NA,0
339,6,76,NA,NA,NA,0
340,6,76,NA,NA,NA,0
341,6,76,NA,NA,NA,0
342,3,77,NA,NA,NA,0
343,3,77,"E",110,NA,0
344,3,77,NA,NA,NA,0
345,6,78,NA,NA,NA,0
346,6,78,"E",163,NA,0
347,6,78,NA,NA,NA,0
348,6,78,NA,NA,NA,0
349,6,78,NA,NA,NA,0
350,6,78,NA,NA,NA,0
351,6,79,NA,NA,NA,0
352,6,79,NA,NA,NA,0
353,6,79,NA,NA,NA,0
354,6,79,NA,NA,NA,0
355,6,79,NA,NA,NA,0
356,6,79,NA,NA,NA,0
357,6,80,"E",85,NA,0
358,6,80,NA,NA,NA,0
359,6,80,NA,NA,NA,0
360,6,80,NA,NA,NA,0
361,6,80,NA,NA,NA,0
362,6,80,NA,NA,NA,0
363,6,81,NA,NA,NA,0
364,6,81,NA,NA,NA,0
365,6,81,NA,NA,NA,0
366,6,81,NA,NA,NA,0
367,6,81,NA,NA,NA,0
368,6,81,NA,NA,NA,0
369,4,82,NA,NA,NA,0
370,4,82,NA,NA,NA,0
371,4,82,NA,NA,NA,0
372,4,82,NA,NA,NA,0
373,6,83,NA,NA,NA,0
374,6,83,NA,NA,NA,0
375,6,83,NA,NA,NA,0
376,6,83,NA,NA,NA,0
377,6,83,NA,NA,NA,0
378,6,83,NA,NA,NA,0
379,4,84,NA,NA,NA,0
380,4,84,NA,NA,NA,0
381,4,84,NA,NA,NA,0
382,4,84,NA,NA,NA,0
383,5,85,NA,NA,NA,0
384,5,85,NA,NA,NA,0
385,5,85,NA,NA,NA,0
386,5,85,NA,NA,NA,0
387,5,85,NA,NA,NA,0
388,4,86,NA,NA,NA,0
389,4,86,NA,NA,NA,0
390,4,86,NA,NA,NA,0
391,4,86,NA,NA,NA,0
392,5,87,NA,NA,NA,0
393,5,87,NA,NA,NA,0
394,5,87,NA,NA,NA,0
395,5,87,NA,NA,NA,0
396,5,87,"E",282,NA,0
397,6,88,NA,NA,NA,0
398,6,88,NA,NA,NA,0
399,6,88,NA,NA,NA,0
400,6,88,NA,NA,NA,0
401,6,88,NA,NA,NA,0
402,6,88,NA,NA,NA,0
403,6,89,NA,NA,NA,0
404,6,89,NA,NA,NA,0
405,6,89,NA,NA,NA,0
406,6,89,NA,NA,NA,0
407,6,89,NA,NA,NA,0
408,6,89,NA,NA,NA,0
409,5,90,NA,NA,NA,0
410,5,90,NA,NA,NA,0
411,5,90,NA,NA,NA,0
412,5,90,NA,NA,NA,0
413,5,90,NA,NA,NA,0
414,5,91,NA,NA,NA,0
415,5,91,NA,NA,NA,0
416,5,91,NA,NA,NA,0
417,5,91,NA,NA,NA,0
418,5,91,"E",259,NA,0
419,6,92,NA,NA,NA,0
420,6,92,"E",299,NA,0
421,6,92,NA,NA,NA,0
422,6,92,NA,NA,NA,0
423,6,92,NA,NA,NA,0
424,6,92,NA,NA,NA,0
425,4,93,NA,NA,NA,0
426,4,93,NA,NA,NA,0
427,4,93,NA,NA,NA,0
428,4,93,NA,NA,NA,0
429,3,94,NA,NA,NA,0
430,3,94,NA,NA,NA,0
431,3,94,NA,NA,NA,0
432,3,95,NA,NA,NA,0
433,3,95,NA,NA,NA,0
434,3,95,NA,NA,NA,0
435,3,96,"E",293,NA,0
436,3,96,NA,NA,NA,0
437,3,96,NA,NA,NA,0
438,5,97,NA,NA,NA,0
439,5,97,NA,NA,NA,0
440,5,97,NA,NA,NA,0
441,5,97,NA,NA,NA,0
442,5,97,NA,NA,NA,0
443,6,98,NA,NA,NA,0
444,6,98,NA,NA,NA,0
445,6,98,NA,NA,NA,0
446,6,98,NA,NA,NA,0
447,6,98,NA,NA,NA,0
448,6,98,NA,NA,NA,0
449,5,99,NA,NA,NA,0
450,5,99,NA,NA,NA,0
451,5,99,"E",177,NA,0
452,5,99,NA,NA,NA,0
453,5,99,NA,NA,NA,0
454,3,100,NA,NA,NA,0
455,3,100,NA,NA,NA,0
456,3,100,NA,NA,NA,0
457,6,101,NA,NA,NA,0
458,6,101,NA,NA,NA,0
459,6,101,NA,NA,NA,0
460,6,101,NA,NA,NA,0
461,6,101,NA,NA,NA,0
462,6,101,NA,NA,NA,0
463,3,102,NA,NA,NA,0
464,3,102,"E",NA,NA,0
465,3,102,NA,NA,NA,0
466,5,103,NA,NA,NA,0
467,5,103,NA,NA,NA,0
468,5,103,"E",67,NA,0
469,5,103,NA,NA,NA,0
470,5,103,NA,NA,NA,0
471,6,104,NA,NA,NA,0
472,6,104,NA,NA,NA,0
473,6,104,NA,NA,NA,0
474,6,104,NA,NA,NA,0
475,6,104,"E",244,NA,0
476,6,104,NA,NA,NA,0
477,6,105,NA,NA,NA,0
478,6,105,NA,NA,NA,0
479,6,105,NA,NA,NA,0
480,6,105,NA,NA,NA,0
481,6,105,NA,NA,NA,0
482,6,105,NA,NA,NA,0
483,6,106,NA,NA,NA,0
484,6,106,NA,NA,NA,0
485,6,106,NA,NA,NA,0
486,6,106,"E",277,NA,0
487,6,106,NA,NA,NA,0
488,6,106,NA,NA,NA,0
489,5,107,NA,NA,NA,0
490,5,107,NA,NA,NA,0
491,5,107,NA,NA,NA,0
492,5,107,"E",211,NA,0
493,5,107,NA,NA,NA,0
494,5,108,NA,NA,NA,0
495,5,108,NA,NA,NA,0
496,5,108,NA,NA,NA,0
497,5,108,NA,NA,NA,0
498,5,108,"E",173,NA,0
499,5,109,NA,NA,NA,0
500,5,109,NA,NA,NA,0
501,5,109,NA,NA,NA,0
502,5,109,NA,NA,NA,0
503,5,109,NA,NA,NA,0
504,3,110,NA,NA,NA,0
505,3,110,NA,NA,NA,0
506,3,110,NA,NA,NA,0
507,6,111,NA,NA,NA,0
508,6,111,NA,NA,NA,0
509,6,111,NA,NA,NA,0
510,6,111,NA,NA,NA,0
511,6,111,NA,NA,NA,0
512,6,111,NA,NA,NA,0
513,5,112,NA,NA,NA,0
514,5,112,NA,NA,NA,0
515,5,112,NA,NA,NA,0
516,5,112,NA,NA,NA,0
517,5,112,NA,NA,NA,0
518,4,113,NA,NA,NA,0
519,4,113,"E",269,NA,0
520,4,113,NA,NA,NA,0
521,4,113,NA,NA,NA,0
522,3,114,NA,NA,NA,0
523,3,114,NA,NA,NA,0
524,3,114,NA,NA,NA,0
525,6,115,NA,NA,NA,0
526,6,115,NA,NA,NA,0
527,6,115,NA,NA,NA,0
528,6,115,"E",NA,NA,0
529,6,115,NA,NA,NA,0
530,6,115,NA,NA,NA,0
531,5,116,NA,NA,NA,0
532,5,116,NA,NA,NA,0
533,5,116,NA,NA,NA,0
534,5,116,"E",147,NA,0
535,5,116,NA,NA,NA,0
536,4,117,NA,NA,NA,0
537,4,117,NA,NA,NA,0
538,4,117,NA,NA,NA,0
539,4,117,NA,NA,NA,0
540,5,118,NA,NA,NA,0
541,5,118,NA,NA,NA,0
542,5,118,NA,NA,NA,0
543,5,118,NA,NA,NA,0
544,5,118,NA,NA,NA,0
545,5,119,NA,NA,NA,0
546,5,119,NA,NA,NA,0
547,5,119,NA,NA,NA,0
548,5,119,NA,NA,NA,0
549,5,119,NA,NA,NA,0
550,4,120,NA,NA,NA,0
551,4,120,NA,NA,NA,0
552,4,120,NA,NA,NA,0
553,4,120,"E",NA,NA,0
554,3,121,NA,NA,NA,0
555,3,121,NA,NA,NA,0
556,3,121,"E",222,NA,0
557,5,122,NA,NA,NA,0
558,5,122,NA,NA,NA,0
559,5,122,NA,NA,NA,0
560,5,122,NA,NA,NA,0
561,5,122,NA,NA,NA,0
562,3,123,NA,NA,NA,0
563,3,123,NA,NA,NA,0
564,3,123,"E",NA,NA,0
565,3,124,NA,NA,NA,0
566,3,124,NA,NA,NA,0
567,3,124,NA,NA,NA,0
568,3,125,NA,NA,NA,0
569,3,125,NA,NA,NA,0
570,3,125,NA,NA,NA,0
571,6,126,NA,NA,NA,0
572,6,126,NA,NA,NA,0
573,6,126,NA,NA,NA,0
574,6,126,"E",297,NA,0
575,6,126,NA,NA,NA,0
576,6,126,NA,NA,NA,0
577,6,127,NA,NA,NA,0
578,6,127,NA,NA,NA,0
579,6,127,NA,NA,NA,0
580,6,127,NA,NA,NA,0
581,6,127,NA,NA,NA,0
582,6,127,NA,NA,NA,0
583,5,128,NA,NA,NA,0
584,5,128,NA,NA,NA,0
585,5,128,NA,NA,NA,0
586,5,128,NA,NA,NA,0
587,5,128,NA,NA,NA,0
588,5,129,NA,NA,NA,0
589,5,129,NA,NA,NA,0
590,5,129,NA,NA,NA,0
591,5,129,NA,NA,NA,0
592,5,129,NA,NA,NA,0
593,5,130,NA,NA,NA,0
594,5,130,NA,NA,NA,0
595,5,130,NA,NA,NA,0
596,5,130,NA,NA,NA,0
597,5,130,NA,NA,NA,0
598,3,131,"E",347,NA,0
599,3,131,NA,NA,NA,0
600,3,131,NA,NA,NA,0
601,3,132,NA,NA,NA,0
602,3,132,NA,NA,NA,0
603,3,132,NA,NA,NA,0
604,6,133,NA,NA,NA,0
605,6,133,NA,NA,NA,0
606,6,133,NA,NA,NA,0
607,6,133,"E",281,NA,0
608,6,133,NA,NA,NA,0
609,6,133,NA,NA,NA,0
610,3,134,NA,NA,NA,0
611,3,134,NA,NA,NA,0
612,3,134,NA,NA,NA,0
613,5,135,"E",NA,NA,0
614,5,135,NA,NA,NA,0
615,5,135,NA,NA,NA,0
616,5,135,"E",230,NA,0
617,5,135,NA,NA,NA,0
618,4,136,NA,NA,NA,0
619,4,136,NA,NA,NA,0
620,4,136,NA,NA,NA,0
621,4,136,"E",253,NA,0
622,3,137,"E",219,NA,0
623,3,137,NA,NA,NA,0
624,3,137,NA,NA,NA,0
625,5,138,"E",260,NA,0
626,5,138,NA,NA,NA,0
627,5,138,NA,NA,NA,0
628,5,138,"E",249,NA,0
629,5,138,NA,NA,NA,0
630,4,139,NA,NA,NA,0
631,4,139,NA,NA,NA,0
632,4,139,NA,NA,NA,0
633,4,139,NA,NA,NA,0
634,5,140,"E",157,NA,0
635,5,140,NA,NA,NA,0
636,5,140,NA,NA,NA,0
637,5,140,NA,NA,NA,0
638,5,140,NA,NA,NA,0
639,3,141,NA,NA,NA,0
640,3,141,"E",NA,NA,0
641,3,141,NA,NA,NA,0
642,4,142,NA,NA,NA,0
643,4,142,NA,NA,NA,0
644,4,142,NA,NA,NA,0
645,4,142,NA,NA,NA,0
646,5,143,NA,NA,NA,0
647,5,143,"E",NA,NA,0
648,5,143,NA,NA,NA,0
649,5,143,NA,NA,NA,0
650,5,143,NA,NA,NA,0
651,6,144,NA,NA,NA,0
652,6,144,NA,NA,NA,0
653,6,144,NA,NA,NA,0
654,6,144,NA,NA,NA,0
655,6,144,NA,NA,NA,0
656,6,144,NA,NA,NA,0
657,3,145,NA,NA,NA,0
658,3,145,NA,NA,NA,0
659,3,145,NA,NA,NA,0
660,3,146,"E",363,NA,0
661,3,146,NA,NA,NA,0
662,3,146,NA,NA,NA,0
663,3,147,NA,NA,NA,0
664,3,147,"E",327,NA,0
665,3,147,NA,NA,NA,0
666,3,148,NA,NA,NA,0
667,3,148,NA,NA,NA,0
668,3,148,NA,NA,NA,0
669,4,149,NA,NA,NA,0
670,4,149,NA,NA,NA,0
671,4,149,NA,NA,NA,0
672,4,149,NA,NA,NA,0
673,3,150,NA,NA,NA,0
674,3,150,NA,NA,NA,0
675,3,150,NA,NA,NA,0
676,6,151,NA,NA,NA,0
677,6,151,NA,NA,NA,0
678,6,151,NA,NA,NA,0
679,6,151,"E",337,NA,0
680,6,151,NA,NA,NA,0
681,6,151,"E",76,NA,0
682,6,152,NA,NA,NA,0
683,6,152,NA,NA,NA,0
684,6,152,NA,NA,NA,0
685,6,152,NA,NA,NA,0
686,6,152,NA,NA,NA,0
687,6,152,NA,NA,NA,0
688,6,153,NA,NA,NA,0
689,6,153,NA,NA,NA,0
690,6,153,NA,NA,NA,0
691,6,153,NA,NA,NA,0
692,6,153,NA,NA,NA,0
693,6,153,NA,NA,NA,0
694,4,154,NA,NA,NA,0
695,4,154,NA,NA,NA,0
696,4,154,"E",84,NA,0
697,4,154,NA,NA,NA,0
698,6,155,NA,NA,NA,0
699,6,155,NA,NA,NA,0
700,6,155,NA,NA,NA,0
701,6,155,NA,NA,NA,0
702,6,155,NA,NA,NA,0
703,6,155,"E",311,NA,0
704,4,156,NA,NA,NA,0
705,4,156,NA,NA,NA,0
706,4,156,"E",225,NA,0
707,4,156,NA,NA,NA,0
708,4,157,NA,NA,NA,0
709,4,157,NA,NA,NA,0
710,4,157,NA,NA,NA,0
711,4,157,NA,NA,NA,0
712,3,158,NA,NA,NA,0
713,3,158,NA,NA,NA,0
714,3,158,NA,NA,NA,0
715,5,159,NA,NA,NA,0
716,5,159,NA,NA,NA,0
717,5,159,NA,NA,NA,0
718,5,159,NA,NA,NA,0
719,5,159,NA,NA,NA,0
720,5,160,NA,NA,NA,0
721,5,160,NA,NA,NA,0
722,5,160,NA,NA,NA,0
723,5,160,NA,NA,NA,0
724,5,160,NA,NA,NA,0
725,5,161,NA,NA,NA,0
726,5,161,"E",NA,NA,0
727,5,161,NA,NA,NA,0
728,5,161,NA,NA,NA,0
729,5,161,NA,NA,NA,0
730,5,162,NA,NA,NA,0
731,5,162,NA,NA,NA,0
732,5,162,NA,NA,NA,0
733,5,162,NA,NA,NA,0
734,5,162,"E",254,NA,0
735,5,163,NA,NA,NA,0
736,5,163,NA,NA,NA,0
737,5,163,NA,NA,NA,0
738,5,163,NA,NA,NA,0
739,5,163,NA,NA,NA,0
740,4,164,NA,NA,NA,0
741,4,164,NA,NA,NA,0
742,4,164,NA,NA,NA,0
743,4,164,NA,NA,NA,0
744,4,165,NA,NA,NA,0
745,4,165,NA,NA,NA,0
746,4,165,NA,NA,NA,0
747,4,165,NA,NA,NA,0
748,4,166,NA,NA,NA,0
749,4,166,NA,NA,NA,0
750,4,166,"E",NA,NA,0
751,4,166,NA,NA,NA,0
752,3,167,"E",NA,NA,0
753,3,167,NA,NA,NA,0
754,3,167,NA,NA,NA,0
755,6,168,NA,NA,NA,0
756,6,168,NA,NA,NA,0
757,6,168,"E",365,NA,0
758,6,168,NA,NA,NA,0
759,6,168,"E",313,NA,0
760,6,168,NA,NA,NA,0
761,5,169,"E",231,NA,0
762,5,169,NA,NA,NA,0
763,5,169,NA,NA,NA,0
764,5,169,NA,NA,NA,0
765,5,169,NA,NA,NA,0
766,6,170,"E",92,NA,0
767,6,170,NA,NA,NA,0
768,6,170,NA,NA,NA,0
769,6,170,NA,NA,NA,0
770,6,170,NA,NA,NA,0
771,6,170,NA,NA,NA,0
772,3,171,NA,NA,NA,0
773,3,171,NA,NA,NA,0
774,3,171,"E",169,NA,0
775,4,172,NA,NA,NA,0
776,4,172,NA,NA,NA,0
777,4,172,"E",364,NA,0
778,4,172,NA,NA,NA,0
779,4,173,NA,NA,NA,0
780,4,173,NA,NA,NA,0
781,4,173,NA,NA,NA,0
782,4,173,"E",280,NA,0
783,3,174,NA,NA,NA,0
784,3,174,NA,NA,NA,0
785,3,174,NA,NA,NA,0
786,5,175,NA,NA,NA,0
787,5,175,NA,NA,NA,0
788,5,175,NA,NA,NA,0
789,5,175,NA,NA,NA,0
790,5,175,NA,NA,NA,0
791,6,176,NA,NA,NA,0
792,6,176,"E",192,NA,0
793,6,176,"E",104,NA,0
794,6,176,NA,NA,NA,0
795,6,176,NA,NA,NA,0
796,6,176,NA,NA,NA,0
797,6,177,NA,NA,NA,0
798,6,177,NA,NA,NA,0
799,6,177,NA,NA,NA,0
800,6,177,NA,NA,NA,0
801,6,177,"E",227,NA,0
802,6,177,NA,NA,NA,0
803,6,178,NA,NA,NA,0
804,6,178,NA,NA,NA,0
805,6,178,NA,NA,NA,0
806,6,178,NA,NA,NA,0
807,6,178,NA,NA,NA,0
808,6,178,NA,NA,NA,0
809,6,179,NA,NA,NA,0
810,6,179,NA,NA,NA,0
811,6,179,NA,NA,NA,0
812,6,179,NA,NA,NA,0
813,6,179,NA,NA,NA,0
814,6,179,NA,NA,NA,0
815,4,180,NA,NA,NA,0
816,4,180,NA,NA,NA,0
817,4,180,"E",271,NA,0
818,4,180,NA,NA,NA,0
819,3,181,"E",90,NA,0
820,3,181,NA,NA,NA,0
821,3,181,NA,NA,NA,0
822,5,182,"E",315,NA,0
823,5,182,NA,NA,NA,0
824,5,182,NA,NA,NA,0
825,5,182,"E",196,NA,0
826,5,182,NA,NA,NA,0
827,5,183,"E",NA,NA,0
828,5,183,NA,NA,NA,0
829,5,183,NA,NA,NA,0
830,5,183,NA,NA,NA,0
831,5,183,"E",NA,NA,0
832,5,184,NA,NA,NA,0
833,5,184,NA,NA,NA,0
834,5,184,NA,NA,NA,0
835,5,184,NA,NA,NA,0
836,5,184,NA,NA,NA,0
837,5,185,NA,NA,NA,0
838,5,185,NA,NA,NA,0
839,5,185,NA,NA,NA,0
840,5,185,NA,NA,NA,0
841,5,185,NA,NA,NA,0
842,6,186,NA,NA,NA,0
843,6,186,NA,NA,NA,0
844,6,186,NA,NA,NA,0
845,6,186,NA,NA,NA,0
846,6,186,NA,NA,NA,0
847,6,186,NA,NA,NA,0
848,6,187,NA,NA,NA,0
849,6,187,NA,NA,NA,0
850,6,187,"E",NA,NA,0
851,6,187,NA,NA,NA,0
852,6,187,NA,NA,NA,0
853,6,187,NA,NA,NA,0
854,3,188,NA,NA,NA,0
855,3,188,NA,NA,NA,0
856,3,188,NA,NA,NA,0
857,6,189,"E",325,NA,0
858,6,189,"E",NA,NA,0
859,6,189,NA,NA,NA,0
860,6,189,NA,NA,NA,0
861,6,189,NA,NA,NA,0
862,6,189,NA,NA,NA,0
863,5,190,NA,NA,NA,0
864,5,190,NA,NA,NA,0
865,5,190,NA,NA,NA,0
866,5,190,"E",250,NA,0
867,5,190,"E",332,NA,0
868,5,191,"E",189,NA,0
869,5,191,"E",350,NA,0
870,5,191,NA,NA,NA,0
871,5,191,NA,NA,NA,0
872,5,191,NA,NA,NA,0
873,6,192,NA,NA,NA,0
874,6,192,NA,NA,NA,0
875,6,192,NA,NA,NA,0
876,6,192,NA,NA,NA,0
877,6,192,"E",315,NA,0
878,6,192,NA,NA,NA,0
879,4,193,"E",333,NA,0
880,4,193,"E",353,NA,0
881,4,193,NA,NA,NA,0
882,4,193,NA,NA,NA,0
883,6,194,NA,NA,NA,0
884,6,194,NA,NA,NA,0
885,6,194,NA,NA,NA,0
886,6,194,NA,NA,NA,0
887,6,194,NA,NA,NA,0
888,6,194,NA,NA,NA,0
889,5,195,NA,NA,NA,0
890,5,195,NA,NA,NA,0
891,5,195,NA,NA,NA,0
892,5,195,NA,NA,NA,0
893,5,195,NA,NA,NA,0
894,3,196,NA,NA,NA,0
895,3,196,NA,NA,NA,0
896,3,196,NA,NA,NA,0
897,6,197,NA,NA,NA,0
898,6,197,NA,NA,NA,0
899,6,197,NA,NA,NA,0
900,6,197,NA,NA,NA,0
901,6,197,NA,NA,NA,0
902,6,197,NA,NA,NA,0
903,6,198,NA,NA,NA,0
904,6,198,NA,NA,NA,0
905,6,198,NA,NA,NA,0
906,6,198,NA,NA,NA,0
907,6,198,NA,NA,NA,0
908,6,198,NA,NA,NA,0
909,6,199,NA,NA,NA,0
910,6,199,"E",344,NA,0
911,6,199,NA,NA,NA,0
912,6,199,NA,NA,NA,0
913,6,199,NA,NA,NA,0
914,6,199,NA,NA,NA,0
915,6,200,"E",NA,NA,0
916,6,200,NA,NA,NA,0
917,6,200,NA,NA,NA,0
918,6,200,NA,NA,NA,0
919,6,200,NA,NA,NA,0
920,6,200,NA,NA,NA,0
921,6,201,NA,NA,NA,0
922,6,201,"E",201,NA,0
923,6,201,NA,NA,NA,0
924,6,201,NA,NA,NA,0
925,6,201,"E",340,NA,0
926,6,201,NA,NA,NA,0
927,6,202,NA,NA,NA,0
928,6,202,NA,NA,NA,0
929,6,202,"E",NA,NA,0
930,6,202,"E",305,NA,0
931,6,202,NA,NA,NA,0
932,6,202,NA,NA,NA,0
933,6,203,NA,NA,NA,0
934,6,203,"E",193,NA,0
935,6,203,NA,NA,NA,0
936,6,203,"E",223,NA,0
937,6,203,NA,NA,NA,0
938,6,203,NA,NA,NA,0
939,3,204,NA,NA,NA,0
940,3,204,NA,NA,NA,0
941,3,204,NA,NA,NA,0
942,4,205,NA,NA,NA,0
943,4,205,NA,NA,NA,0
944,4,205,NA,NA,NA,0
945,4,205,"E",331,NA,0
946,6,206,NA,NA,NA,0
947,6,206,"E",287,NA,0
948,6,206,NA,NA,NA,0
949,6,206,NA,NA,NA,0
950,6,206,NA,NA,NA,0
951,6,206,NA,NA,NA,0
952,6,207,NA,NA,NA,0
953,6,207,"E",NA,NA,0
954,6,207,NA,NA,NA,0
955,6,207,NA,NA,NA,0
956,6,207,NA,NA,NA,0
957,6,207,NA,NA,NA,0
958,3,208,"E",258,NA,0
959,3,208,NA,NA,NA,0
960,3,208,NA,NA,NA,0
961,5,209,NA,NA,NA,0
962,5,209,NA,NA,NA,0
963,5,209,NA,NA,NA,0
964,5,209,NA,NA,NA,0
965,5,209,"E",193,NA,0
966,3,210,NA,NA,NA,0
967,3,210,NA,NA,NA,0
968,3,210,NA,NA,NA,0
969,3,211,NA,NA,NA,0
970,3,211,NA,NA,NA,0
971,3,211,NA,NA,NA,0
972,3,212,"E",229,NA,0
973,3,212,"E",212,NA,0
974,3,212,NA,NA,NA,0
975,4,213,NA,NA,NA,0
976,4,213,NA,NA,NA,0
977,4,213,NA,NA,NA,0
978,4,213,NA,NA,NA,0
979,3,214,NA,NA,NA,0
980,3,214,NA,NA,NA,0
981,3,214,NA,NA,NA,0
982,3,215,NA,NA,NA,0
983,3,215,NA,NA,NA,0
984,3,215,NA,NA,NA,0
985,4,216,NA,NA,NA,0
986,4,216,NA,NA,NA,0
987,4,216,NA,NA,NA,0
988,4,216,NA,NA,NA,0
989,6,217,NA,NA,NA,0
990,6,217,NA,NA,NA,0
991,6,217,"E",357,NA,0
992,6,217,NA,NA,NA,0
993,6,217,NA,NA,NA,0
994,6,217,NA,NA,NA,0
995,6,218,"E",276,NA,0
996,6,218,NA,NA,NA,0
997,6,218,NA,NA,NA,0
998,6,218,"E",NA,NA,0
999,6,218,NA,NA,NA,0
1000,6,218,NA,NA,NA,0
