"ID","SIZE","HH","TYPE","TIME","S_NUM","I_NUM"
1,6,1,"0",NA,NA,0
2,6,1,NA,NA,NA,0
3,6,1,NA,NA,NA,0
4,6,1,NA,NA,NA,0
5,6,1,NA,NA,NA,0
6,6,1,NA,NA,NA,0
7,6,2,NA,NA,NA,0
8,6,2,NA,NA,NA,0
9,6,2,NA,NA,NA,0
10,6,2,NA,NA,NA,0
11,6,2,NA,NA,NA,0
12,6,2,NA,NA,NA,0
13,5,3,NA,NA,NA,0
14,5,3,NA,NA,NA,0
15,5,3,NA,NA,NA,0
16,5,3,NA,NA,NA,0
17,5,3,NA,NA,NA,0
18,6,4,NA,NA,NA,0
19,6,4,NA,NA,NA,0
20,6,4,NA,NA,NA,0
21,6,4,NA,NA,NA,0
22,6,4,NA,NA,NA,0
23,6,4,NA,NA,NA,0
24,4,5,NA,NA,NA,0
25,4,5,NA,NA,NA,0
26,4,5,NA,NA,NA,0
27,4,5,NA,NA,NA,0
28,5,6,NA,NA,NA,0
29,5,6,NA,NA,NA,0
30,5,6,NA,NA,NA,0
31,5,6,NA,NA,NA,0
32,5,6,NA,NA,NA,0
33,6,7,NA,NA,NA,0
34,6,7,NA,NA,NA,0
35,6,7,NA,NA,NA,0
36,6,7,NA,NA,NA,0
37,6,7,NA,NA,NA,0
38,6,7,NA,NA,NA,0
39,4,8,NA,NA,NA,0
40,4,8,NA,NA,NA,0
41,4,8,NA,NA,NA,0
42,4,8,NA,NA,NA,0
43,3,9,NA,NA,NA,0
44,3,9,NA,NA,NA,0
45,3,9,NA,NA,NA,0
46,6,10,NA,NA,NA,0
47,6,10,NA,NA,NA,0
48,6,10,NA,NA,NA,0
49,6,10,NA,NA,NA,0
50,6,10,NA,NA,NA,0
51,6,10,NA,NA,NA,0
52,5,11,NA,NA,NA,0
53,5,11,NA,NA,NA,0
54,5,11,NA,NA,NA,0
55,5,11,NA,NA,NA,0
56,5,11,NA,NA,NA,0
57,4,12,NA,NA,NA,0
58,4,12,NA,NA,NA,0
59,4,12,NA,NA,NA,0
60,4,12,NA,NA,NA,0
61,5,13,NA,NA,NA,0
62,5,13,NA,NA,NA,0
63,5,13,NA,NA,NA,0
64,5,13,NA,NA,NA,0
65,5,13,NA,NA,NA,0
66,5,14,NA,NA,NA,0
67,5,14,NA,NA,NA,0
68,5,14,NA,NA,NA,0
69,5,14,NA,NA,NA,0
70,5,14,NA,NA,NA,0
71,3,15,NA,NA,NA,0
72,3,15,NA,NA,NA,0
73,3,15,NA,NA,NA,0
74,5,16,NA,NA,NA,0
75,5,16,NA,NA,NA,0
76,5,16,NA,NA,NA,0
77,5,16,NA,NA,NA,0
78,5,16,NA,NA,NA,0
79,5,17,NA,NA,NA,0
80,5,17,NA,NA,NA,0
81,5,17,NA,NA,NA,0
82,5,17,NA,NA,NA,0
83,5,17,NA,NA,NA,0
84,3,18,NA,NA,NA,0
85,3,18,NA,NA,NA,0
86,3,18,NA,NA,NA,0
87,3,19,NA,NA,NA,0
88,3,19,NA,NA,NA,0
89,3,19,NA,NA,NA,0
90,5,20,NA,NA,NA,0
91,5,20,NA,NA,NA,0
92,5,20,NA,NA,NA,0
93,5,20,NA,NA,NA,0
94,5,20,NA,NA,NA,0
95,6,21,NA,NA,NA,0
96,6,21,NA,NA,NA,0
97,6,21,NA,NA,NA,0
98,6,21,NA,NA,NA,0
99,6,21,NA,NA,NA,0
100,6,21,NA,NA,NA,0
101,3,22,NA,NA,NA,0
102,3,22,NA,NA,NA,0
103,3,22,NA,NA,NA,0
104,3,23,NA,NA,NA,0
105,3,23,NA,NA,NA,0
106,3,23,NA,NA,NA,0
107,3,24,NA,NA,NA,0
108,3,24,NA,NA,NA,0
109,3,24,NA,NA,NA,0
110,3,25,NA,NA,NA,0
111,3,25,NA,NA,NA,0
112,3,25,NA,NA,NA,0
113,4,26,NA,NA,NA,0
114,4,26,NA,NA,NA,0
115,4,26,NA,NA,NA,0
116,4,26,NA,NA,NA,0
117,3,27,NA,NA,NA,0
118,3,27,NA,NA,NA,0
119,3,27,NA,NA,NA,0
120,6,28,NA,NA,NA,0
121,6,28,NA,NA,NA,0
122,6,28,NA,NA,NA,0
123,6,28,NA,NA,NA,0
124,6,28,NA,NA,NA,0
125,6,28,NA,NA,NA,0
126,4,29,"H",184,2,0
127,4,29,NA,NA,NA,0
128,4,29,"E",166,3,1
129,4,29,NA,NA,NA,0
130,6,30,NA,NA,NA,0
131,6,30,NA,NA,NA,0
132,6,30,NA,NA,NA,0
133,6,30,NA,NA,NA,0
134,6,30,NA,NA,NA,0
135,6,30,NA,NA,NA,0
136,3,31,NA,NA,NA,0
137,3,31,NA,NA,NA,0
138,3,31,NA,NA,NA,0
139,5,32,NA,NA,NA,0
140,5,32,NA,NA,NA,0
141,5,32,NA,NA,NA,0
142,5,32,NA,NA,NA,0
143,5,32,NA,NA,NA,0
144,3,33,NA,NA,NA,0
145,3,33,NA,NA,NA,0
146,3,33,NA,NA,NA,0
147,3,34,NA,NA,NA,0
148,3,34,NA,NA,NA,0
149,3,34,NA,NA,NA,0
150,6,35,NA,NA,NA,0
151,6,35,NA,NA,NA,0
152,6,35,NA,NA,NA,0
153,6,35,NA,NA,NA,0
154,6,35,"E",44,5,0
155,6,35,NA,NA,NA,0
156,3,36,NA,NA,NA,0
157,3,36,NA,NA,NA,0
158,3,36,NA,NA,NA,0
159,4,37,NA,NA,NA,0
160,4,37,NA,NA,NA,0
161,4,37,NA,NA,NA,0
162,4,37,NA,NA,NA,0
163,4,38,NA,NA,NA,0
164,4,38,NA,NA,NA,0
165,4,38,NA,NA,NA,0
166,4,38,NA,NA,NA,0
167,5,39,NA,NA,NA,0
168,5,39,NA,NA,NA,0
169,5,39,NA,NA,NA,0
170,5,39,NA,NA,NA,0
171,5,39,NA,NA,NA,0
172,5,40,NA,NA,NA,0
173,5,40,NA,NA,NA,0
174,5,40,NA,NA,NA,0
175,5,40,NA,NA,NA,0
176,5,40,NA,NA,NA,0
177,4,41,NA,NA,NA,0
178,4,41,NA,NA,NA,0
179,4,41,NA,NA,NA,0
180,4,41,NA,NA,NA,0
181,5,42,NA,NA,NA,0
182,5,42,NA,NA,NA,0
183,5,42,NA,NA,NA,0
184,5,42,NA,NA,NA,0
185,5,42,NA,NA,NA,0
186,3,43,NA,NA,NA,0
187,3,43,NA,NA,NA,0
188,3,43,NA,NA,NA,0
189,3,44,NA,NA,NA,0
190,3,44,NA,NA,NA,0
191,3,44,NA,NA,NA,0
192,6,45,NA,NA,NA,0
193,6,45,NA,NA,NA,0
194,6,45,NA,NA,NA,0
195,6,45,NA,NA,NA,0
196,6,45,NA,NA,NA,0
197,6,45,NA,NA,NA,0
198,5,46,NA,NA,NA,0
199,5,46,NA,NA,NA,0
200,5,46,NA,NA,NA,0
201,5,46,NA,NA,NA,0
202,5,46,NA,NA,NA,0
203,4,47,NA,NA,NA,0
204,4,47,NA,NA,NA,0
205,4,47,NA,NA,NA,0
206,4,47,NA,NA,NA,0
207,5,48,NA,NA,NA,0
208,5,48,NA,NA,NA,0
209,5,48,NA,NA,NA,0
210,5,48,NA,NA,NA,0
211,5,48,NA,NA,NA,0
212,5,49,NA,NA,NA,0
213,5,49,NA,NA,NA,0
214,5,49,NA,NA,NA,0
215,5,49,NA,NA,NA,0
216,5,49,NA,NA,NA,0
217,5,50,NA,NA,NA,0
218,5,50,NA,NA,NA,0
219,5,50,NA,NA,NA,0
220,5,50,NA,NA,NA,0
221,5,50,NA,NA,NA,0
222,5,51,"E",NA,NA,0
223,5,51,NA,NA,NA,0
224,5,51,NA,NA,NA,0
225,5,51,NA,NA,NA,0
226,5,51,NA,NA,NA,0
227,4,52,NA,NA,NA,0
228,4,52,NA,NA,NA,0
229,4,52,NA,NA,NA,0
230,4,52,NA,NA,NA,0
231,6,53,"H",218,3,2
232,6,53,"H",277,0,0
233,6,53,"H",248,1,1
234,6,53,"E",144,5,2
235,6,53,"H",242,1,0
236,6,53,"H",170,3,0
237,5,54,NA,NA,NA,0
238,5,54,NA,NA,NA,0
239,5,54,NA,NA,NA,0
240,5,54,NA,NA,NA,0
241,5,54,NA,NA,NA,0
242,4,55,NA,NA,NA,0
243,4,55,NA,NA,NA,0
244,4,55,NA,NA,NA,0
245,4,55,NA,NA,NA,0
246,5,56,NA,NA,NA,0
247,5,56,NA,NA,NA,0
248,5,56,NA,NA,NA,0
249,5,56,NA,NA,NA,0
250,5,56,NA,NA,NA,0
251,6,57,NA,NA,NA,0
252,6,57,NA,NA,NA,0
253,6,57,NA,NA,NA,0
254,6,57,NA,NA,NA,0
255,6,57,NA,NA,NA,0
256,6,57,NA,NA,NA,0
257,3,58,NA,NA,NA,0
258,3,58,NA,NA,NA,0
259,3,58,NA,NA,NA,0
260,6,59,NA,NA,NA,0
261,6,59,NA,NA,NA,0
262,6,59,NA,NA,NA,0
263,6,59,NA,NA,NA,0
264,6,59,NA,NA,NA,0
265,6,59,NA,NA,NA,0
266,5,60,NA,NA,NA,0
267,5,60,NA,NA,NA,0
268,5,60,NA,NA,NA,0
269,5,60,NA,NA,NA,0
270,5,60,NA,NA,NA,0
271,3,61,NA,NA,NA,0
272,3,61,NA,NA,NA,0
273,3,61,NA,NA,NA,0
274,6,62,NA,NA,NA,0
275,6,62,NA,NA,NA,0
276,6,62,NA,NA,NA,0
277,6,62,NA,NA,NA,0
278,6,62,NA,NA,NA,0
279,6,62,NA,NA,NA,0
280,3,63,NA,NA,NA,0
281,3,63,NA,NA,NA,0
282,3,63,NA,NA,NA,0
283,5,64,NA,NA,NA,0
284,5,64,NA,NA,NA,0
285,5,64,NA,NA,NA,0
286,5,64,NA,NA,NA,0
287,5,64,NA,NA,NA,0
288,5,65,NA,NA,NA,0
289,5,65,NA,NA,NA,0
290,5,65,"E",190,4,0
291,5,65,NA,NA,NA,0
292,5,65,NA,NA,NA,0
293,3,66,NA,NA,NA,0
294,3,66,NA,NA,NA,0
295,3,66,NA,NA,NA,0
296,5,67,NA,NA,NA,0
297,5,67,NA,NA,NA,0
298,5,67,NA,NA,NA,0
299,5,67,NA,NA,NA,0
300,5,67,NA,NA,NA,0
301,3,68,NA,NA,NA,0
302,3,68,NA,NA,NA,0
303,3,68,NA,NA,NA,0
304,6,69,NA,NA,NA,0
305,6,69,NA,NA,NA,0
306,6,69,NA,NA,NA,0
307,6,69,NA,NA,NA,0
308,6,69,NA,NA,NA,0
309,6,69,NA,NA,NA,0
310,6,70,NA,NA,NA,0
311,6,70,NA,NA,NA,0
312,6,70,"H",225,3,0
313,6,70,NA,NA,NA,0
314,6,70,"H",197,4,1
315,6,70,"E",161,5,1
316,5,71,NA,NA,NA,0
317,5,71,NA,NA,NA,0
318,5,71,NA,NA,NA,0
319,5,71,NA,NA,NA,0
320,5,71,NA,NA,NA,0
321,3,72,NA,NA,NA,0
322,3,72,NA,NA,NA,0
323,3,72,NA,NA,NA,0
324,3,73,NA,NA,NA,0
325,3,73,NA,NA,NA,0
326,3,73,NA,NA,NA,0
327,4,74,NA,NA,NA,0
328,4,74,NA,NA,NA,0
329,4,74,NA,NA,NA,0
330,4,74,NA,NA,NA,0
331,3,75,NA,NA,NA,0
332,3,75,NA,NA,NA,0
333,3,75,NA,NA,NA,0
334,5,76,NA,NA,NA,0
335,5,76,NA,NA,NA,0
336,5,76,NA,NA,NA,0
337,5,76,NA,NA,NA,0
338,5,76,NA,NA,NA,0
339,5,77,NA,NA,NA,0
340,5,77,NA,NA,NA,0
341,5,77,NA,NA,NA,0
342,5,77,NA,NA,NA,0
343,5,77,NA,NA,NA,0
344,4,78,NA,NA,NA,0
345,4,78,NA,NA,NA,0
346,4,78,NA,NA,NA,0
347,4,78,NA,NA,NA,0
348,6,79,NA,NA,NA,0
349,6,79,NA,NA,NA,0
350,6,79,NA,NA,NA,0
351,6,79,NA,NA,NA,0
352,6,79,NA,NA,NA,0
353,6,79,NA,NA,NA,0
354,4,80,NA,NA,NA,0
355,4,80,"H",NA,NA,0
356,4,80,"H",NA,NA,0
357,4,80,"E",344,3,2
358,6,81,NA,NA,NA,0
359,6,81,NA,NA,NA,0
360,6,81,NA,NA,NA,0
361,6,81,NA,NA,NA,0
362,6,81,NA,NA,NA,0
363,6,81,NA,NA,NA,0
364,5,82,NA,NA,NA,0
365,5,82,NA,NA,NA,0
366,5,82,NA,NA,NA,0
367,5,82,NA,NA,NA,0
368,5,82,NA,NA,NA,0
369,4,83,NA,NA,NA,0
370,4,83,NA,NA,NA,0
371,4,83,NA,NA,NA,0
372,4,83,NA,NA,NA,0
373,3,84,NA,NA,NA,0
374,3,84,NA,NA,NA,0
375,3,84,NA,NA,NA,0
376,3,85,NA,NA,NA,0
377,3,85,NA,NA,NA,0
378,3,85,NA,NA,NA,0
379,5,86,NA,NA,NA,0
380,5,86,NA,NA,NA,0
381,5,86,NA,NA,NA,0
382,5,86,NA,NA,NA,0
383,5,86,NA,NA,NA,0
384,5,87,NA,NA,NA,0
385,5,87,NA,NA,NA,0
386,5,87,NA,NA,NA,0
387,5,87,NA,NA,NA,0
388,5,87,NA,NA,NA,0
389,5,88,NA,NA,NA,0
390,5,88,NA,NA,NA,0
391,5,88,NA,NA,NA,0
392,5,88,NA,NA,NA,0
393,5,88,NA,NA,NA,0
394,5,89,NA,NA,NA,0
395,5,89,NA,NA,NA,0
396,5,89,NA,NA,NA,0
397,5,89,NA,NA,NA,0
398,5,89,NA,NA,NA,0
399,5,90,NA,NA,NA,0
400,5,90,NA,NA,NA,0
401,5,90,NA,NA,NA,0
402,5,90,NA,NA,NA,0
403,5,90,NA,NA,NA,0
404,6,91,NA,NA,NA,0
405,6,91,NA,NA,NA,0
406,6,91,NA,NA,NA,0
407,6,91,NA,NA,NA,0
408,6,91,NA,NA,NA,0
409,6,91,NA,NA,NA,0
410,3,92,NA,NA,NA,0
411,3,92,NA,NA,NA,0
412,3,92,NA,NA,NA,0
413,3,93,NA,NA,NA,0
414,3,93,NA,NA,NA,0
415,3,93,NA,NA,NA,0
416,3,94,NA,NA,NA,0
417,3,94,NA,NA,NA,0
418,3,94,NA,NA,NA,0
419,4,95,NA,NA,NA,0
420,4,95,NA,NA,NA,0
421,4,95,NA,NA,NA,0
422,4,95,NA,NA,NA,0
423,5,96,NA,NA,NA,0
424,5,96,NA,NA,NA,0
425,5,96,NA,NA,NA,0
426,5,96,NA,NA,NA,0
427,5,96,NA,NA,NA,0
428,4,97,NA,NA,NA,0
429,4,97,NA,NA,NA,0
430,4,97,NA,NA,NA,0
431,4,97,NA,NA,NA,0
432,4,98,NA,NA,NA,0
433,4,98,NA,NA,NA,0
434,4,98,NA,NA,NA,0
435,4,98,NA,NA,NA,0
436,4,99,NA,NA,NA,0
437,4,99,NA,NA,NA,0
438,4,99,NA,NA,NA,0
439,4,99,NA,NA,NA,0
440,4,100,NA,NA,NA,0
441,4,100,NA,NA,NA,0
442,4,100,NA,NA,NA,0
443,4,100,NA,NA,NA,0
444,6,101,NA,NA,NA,0
445,6,101,NA,NA,NA,0
446,6,101,NA,NA,NA,0
447,6,101,NA,NA,NA,0
448,6,101,NA,NA,NA,0
449,6,101,NA,NA,NA,0
450,4,102,NA,NA,NA,0
451,4,102,NA,NA,NA,0
452,4,102,NA,NA,NA,0
453,4,102,NA,NA,NA,0
454,4,103,NA,NA,NA,0
455,4,103,NA,NA,NA,0
456,4,103,NA,NA,NA,0
457,4,103,NA,NA,NA,0
458,6,104,NA,NA,NA,0
459,6,104,NA,NA,NA,0
460,6,104,NA,NA,NA,0
461,6,104,NA,NA,NA,0
462,6,104,NA,NA,NA,0
463,6,104,NA,NA,NA,0
464,3,105,NA,NA,NA,0
465,3,105,NA,NA,NA,0
466,3,105,NA,NA,NA,0
467,3,106,NA,NA,NA,0
468,3,106,NA,NA,NA,0
469,3,106,NA,NA,NA,0
470,4,107,NA,NA,NA,0
471,4,107,NA,NA,NA,0
472,4,107,NA,NA,NA,0
473,4,107,NA,NA,NA,0
474,5,108,NA,NA,NA,0
475,5,108,NA,NA,NA,0
476,5,108,NA,NA,NA,0
477,5,108,"E",259,4,0
478,5,108,NA,NA,NA,0
479,5,109,"H",194,3,1
480,5,109,NA,NA,NA,0
481,5,109,"H",271,1,0
482,5,109,"E",163,4,1
483,5,109,"H",233,2,1
484,3,110,NA,NA,NA,0
485,3,110,NA,NA,NA,0
486,3,110,NA,NA,NA,0
487,5,111,NA,NA,NA,0
488,5,111,NA,NA,NA,0
489,5,111,NA,NA,NA,0
490,5,111,NA,NA,NA,0
491,5,111,NA,NA,NA,0
492,6,112,"H",359,2,0
493,6,112,NA,NA,NA,0
494,6,112,"H",NA,NA,0
495,6,112,"E",268,5,1
496,6,112,"H",337,4,2
497,6,112,NA,NA,NA,0
498,3,113,NA,NA,NA,0
499,3,113,NA,NA,NA,0
500,3,113,NA,NA,NA,0
501,4,114,NA,NA,NA,0
502,4,114,NA,NA,NA,0
503,4,114,NA,NA,NA,0
504,4,114,"C",203,3,0
505,6,115,NA,NA,NA,0
506,6,115,NA,NA,NA,0
507,6,115,NA,NA,NA,0
508,6,115,NA,NA,NA,0
509,6,115,NA,NA,NA,0
510,6,115,NA,NA,NA,0
511,4,116,NA,NA,NA,0
512,4,116,NA,NA,NA,0
513,4,116,NA,NA,NA,0
514,4,116,NA,NA,NA,0
515,3,117,NA,NA,NA,0
516,3,117,NA,NA,NA,0
517,3,117,NA,NA,NA,0
518,6,118,NA,NA,NA,0
519,6,118,NA,NA,NA,0
520,6,118,NA,NA,NA,0
521,6,118,NA,NA,NA,0
522,6,118,"E",277,5,0
523,6,118,NA,NA,NA,0
524,3,119,NA,NA,NA,0
525,3,119,NA,NA,NA,0
526,3,119,NA,NA,NA,0
527,3,120,NA,NA,NA,0
528,3,120,NA,NA,NA,0
529,3,120,NA,NA,NA,0
530,3,121,NA,NA,NA,0
531,3,121,NA,NA,NA,0
532,3,121,NA,NA,NA,0
533,4,122,NA,NA,NA,0
534,4,122,NA,NA,NA,0
535,4,122,NA,NA,NA,0
536,4,122,NA,NA,NA,0
537,4,123,NA,NA,NA,0
538,4,123,"E",283,3,0
539,4,123,NA,NA,NA,0
540,4,123,NA,NA,NA,0
541,5,124,NA,NA,NA,0
542,5,124,NA,NA,NA,0
543,5,124,NA,NA,NA,0
544,5,124,NA,NA,NA,0
545,5,124,NA,NA,NA,0
546,3,125,"E",228,2,0
547,3,125,NA,NA,NA,0
548,3,125,NA,NA,NA,0
549,3,126,NA,NA,NA,0
550,3,126,"C",289,2,0
551,3,126,NA,NA,NA,0
552,5,127,NA,NA,NA,0
553,5,127,NA,NA,NA,0
554,5,127,NA,NA,NA,0
555,5,127,NA,NA,NA,0
556,5,127,NA,NA,NA,0
557,3,128,NA,NA,NA,0
558,3,128,NA,NA,NA,0
559,3,128,NA,NA,NA,0
560,5,129,NA,NA,NA,0
561,5,129,NA,NA,NA,0
562,5,129,NA,NA,NA,0
563,5,129,NA,NA,NA,0
564,5,129,NA,NA,NA,0
565,3,130,NA,NA,NA,0
566,3,130,NA,NA,NA,0
567,3,130,NA,NA,NA,0
568,4,131,NA,NA,NA,0
569,4,131,NA,NA,NA,0
570,4,131,NA,NA,NA,0
571,4,131,NA,NA,NA,0
572,4,132,NA,NA,NA,0
573,4,132,NA,NA,NA,0
574,4,132,NA,NA,NA,0
575,4,132,NA,NA,NA,0
576,4,133,NA,NA,NA,0
577,4,133,NA,NA,NA,0
578,4,133,NA,NA,NA,0
579,4,133,NA,NA,NA,0
580,6,134,NA,NA,NA,0
581,6,134,NA,NA,NA,0
582,6,134,NA,NA,NA,0
583,6,134,NA,NA,NA,0
584,6,134,NA,NA,NA,0
585,6,134,NA,NA,NA,0
586,6,135,NA,NA,NA,0
587,6,135,NA,NA,NA,0
588,6,135,NA,NA,NA,0
589,6,135,NA,NA,NA,0
590,6,135,NA,NA,NA,0
591,6,135,NA,NA,NA,0
592,4,136,"H",217,1,0
593,4,136,NA,NA,NA,0
594,4,136,"H",198,1,0
595,4,136,"E",173,3,2
596,5,137,NA,NA,NA,0
597,5,137,NA,NA,NA,0
598,5,137,NA,NA,NA,0
599,5,137,NA,NA,NA,0
600,5,137,NA,NA,NA,0
601,5,138,NA,NA,NA,0
602,5,138,NA,NA,NA,0
603,5,138,NA,NA,NA,0
604,5,138,NA,NA,NA,0
605,5,138,NA,NA,NA,0
606,3,139,NA,NA,NA,0
607,3,139,NA,NA,NA,0
608,3,139,NA,NA,NA,0
609,4,140,NA,NA,NA,0
610,4,140,NA,NA,NA,0
611,4,140,"E",122,3,0
612,4,140,NA,NA,NA,0
613,5,141,NA,NA,NA,0
614,5,141,NA,NA,NA,0
615,5,141,NA,NA,NA,0
616,5,141,NA,NA,NA,0
617,5,141,NA,NA,NA,0
618,5,142,NA,NA,NA,0
619,5,142,"E",257,4,0
620,5,142,NA,NA,NA,0
621,5,142,NA,NA,NA,0
622,5,142,NA,NA,NA,0
623,6,143,NA,NA,NA,0
624,6,143,NA,NA,NA,0
625,6,143,NA,NA,NA,0
626,6,143,NA,NA,NA,0
627,6,143,NA,NA,NA,0
628,6,143,NA,NA,NA,0
629,3,144,NA,NA,NA,0
630,3,144,NA,NA,NA,0
631,3,144,NA,NA,NA,0
632,4,145,NA,NA,NA,0
633,4,145,NA,NA,NA,0
634,4,145,NA,NA,NA,0
635,4,145,NA,NA,NA,0
636,4,146,NA,NA,NA,0
637,4,146,NA,NA,NA,0
638,4,146,NA,NA,NA,0
639,4,146,NA,NA,NA,0
640,3,147,NA,NA,NA,0
641,3,147,NA,NA,NA,0
642,3,147,NA,NA,NA,0
643,3,148,NA,NA,NA,0
644,3,148,NA,NA,NA,0
645,3,148,NA,NA,NA,0
646,4,149,NA,NA,NA,0
647,4,149,NA,NA,NA,0
648,4,149,"E",46,3,1
649,4,149,"H",88,2,0
650,5,150,NA,NA,NA,0
651,5,150,NA,NA,NA,0
652,5,150,NA,NA,NA,0
653,5,150,NA,NA,NA,0
654,5,150,NA,NA,NA,0
655,3,151,NA,NA,NA,0
656,3,151,NA,NA,NA,0
657,3,151,NA,NA,NA,0
658,5,152,NA,NA,NA,0
659,5,152,NA,NA,NA,0
660,5,152,NA,NA,NA,0
661,5,152,NA,NA,NA,0
662,5,152,NA,NA,NA,0
663,3,153,"E",284,2,0
664,3,153,NA,NA,NA,0
665,3,153,NA,NA,NA,0
666,5,154,NA,NA,NA,0
667,5,154,NA,NA,NA,0
668,5,154,NA,NA,NA,0
669,5,154,NA,NA,NA,0
670,5,154,NA,NA,NA,0
671,5,155,NA,NA,NA,0
672,5,155,NA,NA,NA,0
673,5,155,NA,NA,NA,0
674,5,155,NA,NA,NA,0
675,5,155,"E",NA,NA,0
676,5,156,NA,NA,NA,0
677,5,156,NA,NA,NA,0
678,5,156,NA,NA,NA,0
679,5,156,NA,NA,NA,0
680,5,156,NA,NA,NA,0
681,6,157,NA,NA,NA,0
682,6,157,NA,NA,NA,0
683,6,157,NA,NA,NA,0
684,6,157,NA,NA,NA,0
685,6,157,NA,NA,NA,0
686,6,157,NA,NA,NA,0
687,6,158,NA,NA,NA,0
688,6,158,NA,NA,NA,0
689,6,158,NA,NA,NA,0
690,6,158,NA,NA,NA,0
691,6,158,NA,NA,NA,0
692,6,158,NA,NA,NA,0
693,6,159,NA,NA,NA,0
694,6,159,NA,NA,NA,0
695,6,159,NA,NA,NA,0
696,6,159,NA,NA,NA,0
697,6,159,NA,NA,NA,0
698,6,159,NA,NA,NA,0
699,6,160,NA,NA,NA,0
700,6,160,NA,NA,NA,0
701,6,160,NA,NA,NA,0
702,6,160,NA,NA,NA,0
703,6,160,NA,NA,NA,0
704,6,160,NA,NA,NA,0
705,4,161,NA,NA,NA,0
706,4,161,NA,NA,NA,0
707,4,161,NA,NA,NA,0
708,4,161,NA,NA,NA,0
709,4,162,NA,NA,NA,0
710,4,162,NA,NA,NA,0
711,4,162,NA,NA,NA,0
712,4,162,NA,NA,NA,0
713,3,163,NA,NA,NA,0
714,3,163,NA,NA,NA,0
715,3,163,NA,NA,NA,0
716,4,164,NA,NA,NA,0
717,4,164,NA,NA,NA,0
718,4,164,NA,NA,NA,0
719,4,164,NA,NA,NA,0
720,3,165,NA,NA,NA,0
721,3,165,NA,NA,NA,0
722,3,165,NA,NA,NA,0
723,3,166,NA,NA,NA,0
724,3,166,NA,NA,NA,0
725,3,166,NA,NA,NA,0
726,6,167,NA,NA,NA,0
727,6,167,NA,NA,NA,0
728,6,167,NA,NA,NA,0
729,6,167,NA,NA,NA,0
730,6,167,NA,NA,NA,0
731,6,167,NA,NA,NA,0
732,4,168,NA,NA,NA,0
733,4,168,NA,NA,NA,0
734,4,168,NA,NA,NA,0
735,4,168,NA,NA,NA,0
736,4,169,NA,NA,NA,0
737,4,169,NA,NA,NA,0
738,4,169,NA,NA,NA,0
739,4,169,NA,NA,NA,0
740,3,170,NA,NA,NA,0
741,3,170,NA,NA,NA,0
742,3,170,NA,NA,NA,0
743,5,171,NA,NA,NA,0
744,5,171,NA,NA,NA,0
745,5,171,NA,NA,NA,0
746,5,171,NA,NA,NA,0
747,5,171,NA,NA,NA,0
748,5,172,NA,NA,NA,0
749,5,172,NA,NA,NA,0
750,5,172,NA,NA,NA,0
751,5,172,NA,NA,NA,0
752,5,172,NA,NA,NA,0
753,3,173,NA,NA,NA,0
754,3,173,NA,NA,NA,0
755,3,173,NA,NA,NA,0
756,3,174,NA,NA,NA,0
757,3,174,NA,NA,NA,0
758,3,174,NA,NA,NA,0
759,6,175,NA,NA,NA,0
760,6,175,NA,NA,NA,0
761,6,175,NA,NA,NA,0
762,6,175,NA,NA,NA,0
763,6,175,NA,NA,NA,0
764,6,175,NA,NA,NA,0
765,3,176,NA,NA,NA,0
766,3,176,NA,NA,NA,0
767,3,176,NA,NA,NA,0
768,4,177,NA,NA,NA,0
769,4,177,NA,NA,NA,0
770,4,177,NA,NA,NA,0
771,4,177,NA,NA,NA,0
772,6,178,NA,NA,NA,0
773,6,178,NA,NA,NA,0
774,6,178,NA,NA,NA,0
775,6,178,NA,NA,NA,0
776,6,178,NA,NA,NA,0
777,6,178,NA,NA,NA,0
778,5,179,NA,NA,NA,0
779,5,179,NA,NA,NA,0
780,5,179,NA,NA,NA,0
781,5,179,NA,NA,NA,0
782,5,179,NA,NA,NA,0
783,5,180,NA,NA,NA,0
784,5,180,NA,NA,NA,0
785,5,180,NA,NA,NA,0
786,5,180,NA,NA,NA,0
787,5,180,NA,NA,NA,0
788,6,181,NA,NA,NA,0
789,6,181,"H",NA,NA,0
790,6,181,NA,NA,NA,0
791,6,181,"E",340,5,2
792,6,181,"H",NA,NA,0
793,6,181,NA,NA,NA,0
794,3,182,NA,NA,NA,0
795,3,182,NA,NA,NA,0
796,3,182,NA,NA,NA,0
797,5,183,NA,NA,NA,0
798,5,183,NA,NA,NA,0
799,5,183,NA,NA,NA,0
800,5,183,NA,NA,NA,0
801,5,183,NA,NA,NA,0
802,4,184,NA,NA,NA,0
803,4,184,NA,NA,NA,0
804,4,184,NA,NA,NA,0
805,4,184,NA,NA,NA,0
806,5,185,NA,NA,NA,0
807,5,185,NA,NA,NA,0
808,5,185,NA,NA,NA,0
809,5,185,NA,NA,NA,0
810,5,185,NA,NA,NA,0
811,6,186,NA,NA,NA,0
812,6,186,NA,NA,NA,0
813,6,186,NA,NA,NA,0
814,6,186,NA,NA,NA,0
815,6,186,NA,NA,NA,0
816,6,186,NA,NA,NA,0
817,5,187,NA,NA,NA,0
818,5,187,NA,NA,NA,0
819,5,187,NA,NA,NA,0
820,5,187,NA,NA,NA,0
821,5,187,NA,NA,NA,0
822,4,188,NA,NA,NA,0
823,4,188,NA,NA,NA,0
824,4,188,NA,NA,NA,0
825,4,188,NA,NA,NA,0
826,3,189,NA,NA,NA,0
827,3,189,NA,NA,NA,0
828,3,189,NA,NA,NA,0
829,3,190,NA,NA,NA,0
830,3,190,NA,NA,NA,0
831,3,190,NA,NA,NA,0
832,5,191,NA,NA,NA,0
833,5,191,NA,NA,NA,0
834,5,191,NA,NA,NA,0
835,5,191,NA,NA,NA,0
836,5,191,NA,NA,NA,0
837,4,192,NA,NA,NA,0
838,4,192,NA,NA,NA,0
839,4,192,NA,NA,NA,0
840,4,192,NA,NA,NA,0
841,4,193,NA,NA,NA,0
842,4,193,NA,NA,NA,0
843,4,193,NA,NA,NA,0
844,4,193,NA,NA,NA,0
845,3,194,NA,NA,NA,0
846,3,194,NA,NA,NA,0
847,3,194,NA,NA,NA,0
848,5,195,NA,NA,NA,0
849,5,195,NA,NA,NA,0
850,5,195,NA,NA,NA,0
851,5,195,NA,NA,NA,0
852,5,195,NA,NA,NA,0
853,6,196,"H",207,4,1
854,6,196,"H",228,3,0
855,6,196,NA,NA,NA,0
856,6,196,"E",160,5,1
857,6,196,NA,NA,NA,0
858,6,196,NA,NA,NA,0
859,6,197,NA,NA,NA,0
860,6,197,NA,NA,NA,0
861,6,197,NA,NA,NA,0
862,6,197,NA,NA,NA,0
863,6,197,NA,NA,NA,0
864,6,197,NA,NA,NA,0
865,5,198,NA,NA,NA,0
866,5,198,NA,NA,NA,0
867,5,198,NA,NA,NA,0
868,5,198,NA,NA,NA,0
869,5,198,NA,NA,NA,0
870,5,199,NA,NA,NA,0
871,5,199,NA,NA,NA,0
872,5,199,NA,NA,NA,0
873,5,199,NA,NA,NA,0
874,5,199,NA,NA,NA,0
875,3,200,NA,NA,NA,0
876,3,200,NA,NA,NA,0
877,3,200,NA,NA,NA,0
878,6,201,NA,NA,NA,0
879,6,201,NA,NA,NA,0
880,6,201,NA,NA,NA,0
881,6,201,NA,NA,NA,0
882,6,201,NA,NA,NA,0
883,6,201,NA,NA,NA,0
884,6,202,NA,NA,NA,0
885,6,202,NA,NA,NA,0
886,6,202,NA,NA,NA,0
887,6,202,NA,NA,NA,0
888,6,202,NA,NA,NA,0
889,6,202,NA,NA,NA,0
890,6,203,NA,NA,NA,0
891,6,203,NA,NA,NA,0
892,6,203,NA,NA,NA,0
893,6,203,NA,NA,NA,0
894,6,203,NA,NA,NA,0
895,6,203,NA,NA,NA,0
896,4,204,NA,NA,NA,0
897,4,204,NA,NA,NA,0
898,4,204,NA,NA,NA,0
899,4,204,NA,NA,NA,0
900,5,205,NA,NA,NA,0
901,5,205,NA,NA,NA,0
902,5,205,NA,NA,NA,0
903,5,205,NA,NA,NA,0
904,5,205,NA,NA,NA,0
905,6,206,NA,NA,NA,0
906,6,206,NA,NA,NA,0
907,6,206,NA,NA,NA,0
908,6,206,NA,NA,NA,0
909,6,206,NA,NA,NA,0
910,6,206,NA,NA,NA,0
911,6,207,NA,NA,NA,0
912,6,207,NA,NA,NA,0
913,6,207,NA,NA,NA,0
914,6,207,NA,NA,NA,0
915,6,207,NA,NA,NA,0
916,6,207,NA,NA,NA,0
917,6,208,NA,NA,NA,0
918,6,208,NA,NA,NA,0
919,6,208,NA,NA,NA,0
920,6,208,NA,NA,NA,0
921,6,208,NA,NA,NA,0
922,6,208,NA,NA,NA,0
923,6,209,NA,NA,NA,0
924,6,209,NA,NA,NA,0
925,6,209,NA,NA,NA,0
926,6,209,NA,NA,NA,0
927,6,209,NA,NA,NA,0
928,6,209,NA,NA,NA,0
929,4,210,NA,NA,NA,0
930,4,210,NA,NA,NA,0
931,4,210,NA,NA,NA,0
932,4,210,NA,NA,NA,0
933,6,211,NA,NA,NA,0
934,6,211,NA,NA,NA,0
935,6,211,NA,NA,NA,0
936,6,211,NA,NA,NA,0
937,6,211,NA,NA,NA,0
938,6,211,NA,NA,NA,0
939,6,212,NA,NA,NA,0
940,6,212,NA,NA,NA,0
941,6,212,NA,NA,NA,0
942,6,212,NA,NA,NA,0
943,6,212,NA,NA,NA,0
944,6,212,NA,NA,NA,0
945,6,213,NA,NA,NA,0
946,6,213,NA,NA,NA,0
947,6,213,NA,NA,NA,0
948,6,213,NA,NA,NA,0
949,6,213,"E",276,5,0
950,6,213,NA,NA,NA,0
951,6,214,"H",271,4,0
952,6,214,NA,NA,NA,0
953,6,214,"C",234,5,1
954,6,214,NA,NA,NA,0
955,6,214,NA,NA,NA,0
956,6,214,NA,NA,NA,0
957,6,215,NA,NA,NA,0
958,6,215,NA,NA,NA,0
959,6,215,NA,NA,NA,0
960,6,215,NA,NA,NA,0
961,6,215,NA,NA,NA,0
962,6,215,NA,NA,NA,0
963,4,216,NA,NA,NA,0
964,4,216,NA,NA,NA,0
965,4,216,NA,NA,NA,0
966,4,216,NA,NA,NA,0
967,5,217,NA,NA,NA,0
968,5,217,NA,NA,NA,0
969,5,217,NA,NA,NA,0
970,5,217,NA,NA,NA,0
971,5,217,"E",128,4,0
972,5,218,NA,NA,NA,0
973,5,218,NA,NA,NA,0
974,5,218,NA,NA,NA,0
975,5,218,NA,NA,NA,0
976,5,218,NA,NA,NA,0
977,6,219,NA,NA,NA,0
978,6,219,NA,NA,NA,0
979,6,219,"H",100,3,0
980,6,219,"H",72,4,1
981,6,219,"E",29,5,1
982,6,219,"E",311,2,0
983,4,220,NA,NA,NA,0
984,4,220,"E",44,3,0
985,4,220,NA,NA,NA,0
986,4,220,NA,NA,NA,0
987,3,221,NA,NA,NA,0
988,3,221,NA,NA,NA,0
989,3,221,NA,NA,NA,0
990,3,222,NA,NA,NA,0
991,3,222,"E",NA,NA,0
992,3,222,NA,NA,NA,0
993,5,223,NA,NA,NA,0
994,5,223,NA,NA,NA,0
995,5,223,NA,NA,NA,0
996,5,223,NA,NA,NA,0
997,5,223,NA,NA,NA,0
998,3,224,NA,NA,NA,0
999,3,224,NA,NA,NA,0
1000,3,224,NA,NA,NA,0
