"ID","SIZE","HH","TYPE","TIME","S_NUM","I_NUM"
1,3,1,"0",NA,NA,0
2,3,1,NA,NA,NA,0
3,3,1,NA,NA,NA,0
4,4,2,NA,NA,NA,0
5,4,2,NA,NA,NA,0
6,4,2,NA,NA,NA,0
7,4,2,NA,NA,NA,0
8,6,3,NA,NA,NA,0
9,6,3,NA,NA,NA,0
10,6,3,NA,NA,NA,0
11,6,3,NA,NA,NA,0
12,6,3,NA,NA,NA,0
13,6,3,NA,NA,NA,0
14,4,4,NA,NA,NA,0
15,4,4,NA,NA,NA,0
16,4,4,NA,NA,NA,0
17,4,4,NA,NA,NA,0
18,5,5,NA,NA,NA,0
19,5,5,NA,NA,NA,0
20,5,5,NA,NA,NA,0
21,5,5,NA,NA,NA,0
22,5,5,NA,NA,NA,0
23,5,6,NA,NA,NA,0
24,5,6,NA,NA,NA,0
25,5,6,NA,NA,NA,0
26,5,6,NA,NA,NA,0
27,5,6,NA,NA,NA,0
28,6,7,NA,NA,NA,0
29,6,7,NA,NA,NA,0
30,6,7,NA,NA,NA,0
31,6,7,NA,NA,NA,0
32,6,7,NA,NA,NA,0
33,6,7,NA,NA,NA,0
34,6,8,NA,NA,NA,0
35,6,8,NA,NA,NA,0
36,6,8,NA,NA,NA,0
37,6,8,NA,NA,NA,0
38,6,8,NA,NA,NA,0
39,6,8,NA,NA,NA,0
40,5,9,NA,NA,NA,0
41,5,9,NA,NA,NA,0
42,5,9,NA,NA,NA,0
43,5,9,NA,NA,NA,0
44,5,9,NA,NA,NA,0
45,6,10,NA,NA,NA,0
46,6,10,NA,NA,NA,0
47,6,10,NA,NA,NA,0
48,6,10,NA,NA,NA,0
49,6,10,NA,NA,NA,0
50,6,10,"E",154,5,0
51,4,11,NA,NA,NA,0
52,4,11,NA,NA,NA,0
53,4,11,NA,NA,NA,0
54,4,11,NA,NA,NA,0
55,6,12,NA,NA,NA,0
56,6,12,NA,NA,NA,0
57,6,12,NA,NA,NA,0
58,6,12,NA,NA,NA,0
59,6,12,NA,NA,NA,0
60,6,12,NA,NA,NA,0
61,6,13,NA,NA,NA,0
62,6,13,NA,NA,NA,0
63,6,13,"E",71,5,0
64,6,13,NA,NA,NA,0
65,6,13,NA,NA,NA,0
66,6,13,NA,NA,NA,0
67,5,14,NA,NA,NA,0
68,5,14,NA,NA,NA,0
69,5,14,NA,NA,NA,0
70,5,14,NA,NA,NA,0
71,5,14,NA,NA,NA,0
72,6,15,NA,NA,NA,0
73,6,15,NA,NA,NA,0
74,6,15,NA,NA,NA,0
75,6,15,NA,NA,NA,0
76,6,15,NA,NA,NA,0
77,6,15,NA,NA,NA,0
78,3,16,NA,NA,NA,0
79,3,16,NA,NA,NA,0
80,3,16,NA,NA,NA,0
81,4,17,NA,NA,NA,0
82,4,17,NA,NA,NA,0
83,4,17,NA,NA,NA,0
84,4,17,NA,NA,NA,0
85,4,18,NA,NA,NA,0
86,4,18,NA,NA,NA,0
87,4,18,NA,NA,NA,0
88,4,18,NA,NA,NA,0
89,5,19,NA,NA,NA,0
90,5,19,NA,NA,NA,0
91,5,19,NA,NA,NA,0
92,5,19,NA,NA,NA,0
93,5,19,NA,NA,NA,0
94,3,20,NA,NA,NA,0
95,3,20,NA,NA,NA,0
96,3,20,NA,NA,NA,0
97,6,21,NA,NA,NA,0
98,6,21,NA,NA,NA,0
99,6,21,NA,NA,NA,0
100,6,21,NA,NA,NA,0
101,6,21,NA,NA,NA,0
102,6,21,NA,NA,NA,0
103,3,22,NA,NA,NA,0
104,3,22,NA,NA,NA,0
105,3,22,"E",160,2,0
106,4,23,NA,NA,NA,0
107,4,23,NA,NA,NA,0
108,4,23,NA,NA,NA,0
109,4,23,NA,NA,NA,0
110,3,24,NA,NA,NA,0
111,3,24,NA,NA,NA,0
112,3,24,NA,NA,NA,0
113,4,25,NA,NA,NA,0
114,4,25,NA,NA,NA,0
115,4,25,NA,NA,NA,0
116,4,25,NA,NA,NA,0
117,4,26,NA,NA,NA,0
118,4,26,NA,NA,NA,0
119,4,26,NA,NA,NA,0
120,4,26,NA,NA,NA,0
121,5,27,NA,NA,NA,0
122,5,27,NA,NA,NA,0
123,5,27,NA,NA,NA,0
124,5,27,NA,NA,NA,0
125,5,27,NA,NA,NA,0
126,4,28,NA,NA,NA,0
127,4,28,NA,NA,NA,0
128,4,28,NA,NA,NA,0
129,4,28,NA,NA,NA,0
130,4,29,NA,NA,NA,0
131,4,29,NA,NA,NA,0
132,4,29,NA,NA,NA,0
133,4,29,NA,NA,NA,0
134,5,30,NA,NA,NA,0
135,5,30,NA,NA,NA,0
136,5,30,NA,NA,NA,0
137,5,30,NA,NA,NA,0
138,5,30,NA,NA,NA,0
139,3,31,NA,NA,NA,0
140,3,31,NA,NA,NA,0
141,3,31,NA,NA,NA,0
142,6,32,NA,NA,NA,0
143,6,32,NA,NA,NA,0
144,6,32,NA,NA,NA,0
145,6,32,NA,NA,NA,0
146,6,32,NA,NA,NA,0
147,6,32,NA,NA,NA,0
148,3,33,NA,NA,NA,0
149,3,33,NA,NA,NA,0
150,3,33,NA,NA,NA,0
151,4,34,NA,NA,NA,0
152,4,34,NA,NA,NA,0
153,4,34,NA,NA,NA,0
154,4,34,NA,NA,NA,0
155,5,35,NA,NA,NA,0
156,5,35,NA,NA,NA,0
157,5,35,NA,NA,NA,0
158,5,35,NA,NA,NA,0
159,5,35,NA,NA,NA,0
160,3,36,NA,NA,NA,0
161,3,36,NA,NA,NA,0
162,3,36,NA,NA,NA,0
163,5,37,"H",131,3,0
164,5,37,NA,NA,NA,0
165,5,37,"E",97,4,1
166,5,37,NA,NA,NA,0
167,5,37,NA,NA,NA,0
168,6,38,NA,NA,NA,0
169,6,38,NA,NA,NA,0
170,6,38,NA,NA,NA,0
171,6,38,NA,NA,NA,0
172,6,38,NA,NA,NA,0
173,6,38,NA,NA,NA,0
174,5,39,NA,NA,NA,0
175,5,39,NA,NA,NA,0
176,5,39,NA,NA,NA,0
177,5,39,NA,NA,NA,0
178,5,39,NA,NA,NA,0
179,6,40,NA,NA,NA,0
180,6,40,NA,NA,NA,0
181,6,40,NA,NA,NA,0
182,6,40,NA,NA,NA,0
183,6,40,NA,NA,NA,0
184,6,40,NA,NA,NA,0
185,3,41,NA,NA,NA,0
186,3,41,NA,NA,NA,0
187,3,41,NA,NA,NA,0
188,4,42,NA,NA,NA,0
189,4,42,NA,NA,NA,0
190,4,42,NA,NA,NA,0
191,4,42,NA,NA,NA,0
192,5,43,NA,NA,NA,0
193,5,43,NA,NA,NA,0
194,5,43,"H",125,3,0
195,5,43,NA,NA,NA,0
196,5,43,"E",69,4,1
197,3,44,NA,NA,NA,0
198,3,44,NA,NA,NA,0
199,3,44,NA,NA,NA,0
200,4,45,NA,NA,NA,0
201,4,45,NA,NA,NA,0
202,4,45,NA,NA,NA,0
203,4,45,NA,NA,NA,0
204,6,46,NA,NA,NA,0
205,6,46,NA,NA,NA,0
206,6,46,NA,NA,NA,0
207,6,46,NA,NA,NA,0
208,6,46,NA,NA,NA,0
209,6,46,NA,NA,NA,0
210,5,47,NA,NA,NA,0
211,5,47,NA,NA,NA,0
212,5,47,NA,NA,NA,0
213,5,47,NA,NA,NA,0
214,5,47,NA,NA,NA,0
215,6,48,"H",107,3,0
216,6,48,"E",48,5,1
217,6,48,"E",323,2,0
218,6,48,NA,NA,NA,0
219,6,48,NA,NA,NA,0
220,6,48,"H",77,4,1
221,4,49,"H",141,0,0
222,4,49,"E",90,3,3
223,4,49,"H",143,0,0
224,4,49,"H",132,0,0
225,3,50,NA,NA,NA,0
226,3,50,NA,NA,NA,0
227,3,50,NA,NA,NA,0
228,5,51,NA,NA,NA,0
229,5,51,NA,NA,NA,0
230,5,51,NA,NA,NA,0
231,5,51,NA,NA,NA,0
232,5,51,NA,NA,NA,0
233,4,52,NA,NA,NA,0
234,4,52,NA,NA,NA,0
235,4,52,NA,NA,NA,0
236,4,52,NA,NA,NA,0
237,4,53,NA,NA,NA,0
238,4,53,NA,NA,NA,0
239,4,53,NA,NA,NA,0
240,4,53,NA,NA,NA,0
241,5,54,NA,NA,NA,0
242,5,54,NA,NA,NA,0
243,5,54,NA,NA,NA,0
244,5,54,NA,NA,NA,0
245,5,54,NA,NA,NA,0
246,5,55,NA,NA,NA,0
247,5,55,NA,NA,NA,0
248,5,55,NA,NA,NA,0
249,5,55,NA,NA,NA,0
250,5,55,NA,NA,NA,0
251,3,56,NA,NA,NA,0
252,3,56,NA,NA,NA,0
253,3,56,NA,NA,NA,0
254,6,57,NA,NA,NA,0
255,6,57,NA,NA,NA,0
256,6,57,NA,NA,NA,0
257,6,57,NA,NA,NA,0
258,6,57,NA,NA,NA,0
259,6,57,NA,NA,NA,0
260,6,58,NA,NA,NA,0
261,6,58,NA,NA,NA,0
262,6,58,NA,NA,NA,0
263,6,58,NA,NA,NA,0
264,6,58,NA,NA,NA,0
265,6,58,NA,NA,NA,0
266,5,59,NA,NA,NA,0
267,5,59,NA,NA,NA,0
268,5,59,NA,NA,NA,0
269,5,59,NA,NA,NA,0
270,5,59,NA,NA,NA,0
271,3,60,NA,NA,NA,0
272,3,60,NA,NA,NA,0
273,3,60,NA,NA,NA,0
274,3,61,NA,NA,NA,0
275,3,61,NA,NA,NA,0
276,3,61,NA,NA,NA,0
277,5,62,NA,NA,NA,0
278,5,62,NA,NA,NA,0
279,5,62,NA,NA,NA,0
280,5,62,NA,NA,NA,0
281,5,62,NA,NA,NA,0
282,4,63,NA,NA,NA,0
283,4,63,"H",183,2,0
284,4,63,NA,NA,NA,0
285,4,63,"E",155,3,1
286,6,64,NA,NA,NA,0
287,6,64,NA,NA,NA,0
288,6,64,NA,NA,NA,0
289,6,64,NA,NA,NA,0
290,6,64,NA,NA,NA,0
291,6,64,NA,NA,NA,0
292,6,65,NA,NA,NA,0
293,6,65,NA,NA,NA,0
294,6,65,NA,NA,NA,0
295,6,65,NA,NA,NA,0
296,6,65,NA,NA,NA,0
297,6,65,NA,NA,NA,0
298,6,66,NA,NA,NA,0
299,6,66,NA,NA,NA,0
300,6,66,NA,NA,NA,0
301,6,66,NA,NA,NA,0
302,6,66,NA,NA,NA,0
303,6,66,NA,NA,NA,0
304,6,67,NA,NA,NA,0
305,6,67,NA,NA,NA,0
306,6,67,NA,NA,NA,0
307,6,67,NA,NA,NA,0
308,6,67,NA,NA,NA,0
309,6,67,NA,NA,NA,0
310,4,68,NA,NA,NA,0
311,4,68,NA,NA,NA,0
312,4,68,NA,NA,NA,0
313,4,68,NA,NA,NA,0
314,5,69,NA,NA,NA,0
315,5,69,NA,NA,NA,0
316,5,69,NA,NA,NA,0
317,5,69,NA,NA,NA,0
318,5,69,NA,NA,NA,0
319,3,70,NA,NA,NA,0
320,3,70,NA,NA,NA,0
321,3,70,NA,NA,NA,0
322,5,71,NA,NA,NA,0
323,5,71,NA,NA,NA,0
324,5,71,NA,NA,NA,0
325,5,71,NA,NA,NA,0
326,5,71,NA,NA,NA,0
327,3,72,NA,NA,NA,0
328,3,72,NA,NA,NA,0
329,3,72,NA,NA,NA,0
330,3,73,NA,NA,NA,0
331,3,73,NA,NA,NA,0
332,3,73,NA,NA,NA,0
333,3,74,NA,NA,NA,0
334,3,74,NA,NA,NA,0
335,3,74,NA,NA,NA,0
336,5,75,NA,NA,NA,0
337,5,75,NA,NA,NA,0
338,5,75,NA,NA,NA,0
339,5,75,NA,NA,NA,0
340,5,75,NA,NA,NA,0
341,4,76,NA,NA,NA,0
342,4,76,NA,NA,NA,0
343,4,76,NA,NA,NA,0
344,4,76,NA,NA,NA,0
345,4,77,NA,NA,NA,0
346,4,77,NA,NA,NA,0
347,4,77,NA,NA,NA,0
348,4,77,"E",178,3,0
349,3,78,NA,NA,NA,0
350,3,78,NA,NA,NA,0
351,3,78,NA,NA,NA,0
352,3,79,NA,NA,NA,0
353,3,79,NA,NA,NA,0
354,3,79,NA,NA,NA,0
355,3,80,NA,NA,NA,0
356,3,80,NA,NA,NA,0
357,3,80,NA,NA,NA,0
358,3,81,NA,NA,NA,0
359,3,81,NA,NA,NA,0
360,3,81,NA,NA,NA,0
361,3,82,NA,NA,NA,0
362,3,82,NA,NA,NA,0
363,3,82,NA,NA,NA,0
364,5,83,NA,NA,NA,0
365,5,83,"E",358,4,1
366,5,83,NA,NA,NA,0
367,5,83,"H",NA,NA,0
368,5,83,NA,NA,NA,0
369,6,84,NA,NA,NA,0
370,6,84,NA,NA,NA,0
371,6,84,NA,NA,NA,0
372,6,84,NA,NA,NA,0
373,6,84,NA,NA,NA,0
374,6,84,NA,NA,NA,0
375,3,85,NA,NA,NA,0
376,3,85,NA,NA,NA,0
377,3,85,NA,NA,NA,0
378,5,86,NA,NA,NA,0
379,5,86,NA,NA,NA,0
380,5,86,NA,NA,NA,0
381,5,86,NA,NA,NA,0
382,5,86,NA,NA,NA,0
383,3,87,NA,NA,NA,0
384,3,87,NA,NA,NA,0
385,3,87,NA,NA,NA,0
386,5,88,NA,NA,NA,0
387,5,88,NA,NA,NA,0
388,5,88,NA,NA,NA,0
389,5,88,NA,NA,NA,0
390,5,88,NA,NA,NA,0
391,3,89,NA,NA,NA,0
392,3,89,NA,NA,NA,0
393,3,89,NA,NA,NA,0
394,4,90,NA,NA,NA,0
395,4,90,NA,NA,NA,0
396,4,90,NA,NA,NA,0
397,4,90,NA,NA,NA,0
398,4,91,NA,NA,NA,0
399,4,91,NA,NA,NA,0
400,4,91,NA,NA,NA,0
401,4,91,NA,NA,NA,0
402,5,92,NA,NA,NA,0
403,5,92,NA,NA,NA,0
404,5,92,NA,NA,NA,0
405,5,92,NA,NA,NA,0
406,5,92,NA,NA,NA,0
407,4,93,NA,NA,NA,0
408,4,93,NA,NA,NA,0
409,4,93,NA,NA,NA,0
410,4,93,NA,NA,NA,0
411,5,94,NA,NA,NA,0
412,5,94,NA,NA,NA,0
413,5,94,NA,NA,NA,0
414,5,94,NA,NA,NA,0
415,5,94,NA,NA,NA,0
416,4,95,NA,NA,NA,0
417,4,95,NA,NA,NA,0
418,4,95,NA,NA,NA,0
419,4,95,NA,NA,NA,0
420,5,96,NA,NA,NA,0
421,5,96,NA,NA,NA,0
422,5,96,NA,NA,NA,0
423,5,96,NA,NA,NA,0
424,5,96,NA,NA,NA,0
425,4,97,NA,NA,NA,0
426,4,97,NA,NA,NA,0
427,4,97,NA,NA,NA,0
428,4,97,NA,NA,NA,0
429,3,98,NA,NA,NA,0
430,3,98,NA,NA,NA,0
431,3,98,NA,NA,NA,0
432,6,99,NA,NA,NA,0
433,6,99,NA,NA,NA,0
434,6,99,NA,NA,NA,0
435,6,99,NA,NA,NA,0
436,6,99,NA,NA,NA,0
437,6,99,NA,NA,NA,0
438,6,100,NA,NA,NA,0
439,6,100,NA,NA,NA,0
440,6,100,NA,NA,NA,0
441,6,100,NA,NA,NA,0
442,6,100,NA,NA,NA,0
443,6,100,NA,NA,NA,0
444,4,101,NA,NA,NA,0
445,4,101,NA,NA,NA,0
446,4,101,NA,NA,NA,0
447,4,101,NA,NA,NA,0
448,4,102,"E",228,3,1
449,4,102,NA,NA,NA,0
450,4,102,"H",258,2,1
451,4,102,"H",280,1,0
452,6,103,NA,NA,NA,0
453,6,103,"E",306,5,0
454,6,103,NA,NA,NA,0
455,6,103,NA,NA,NA,0
456,6,103,NA,NA,NA,0
457,6,103,NA,NA,NA,0
458,4,104,"E",307,3,2
459,4,104,"H",NA,NA,0
460,4,104,"H",NA,NA,0
461,4,104,"H",365,1,1
462,4,105,NA,NA,NA,0
463,4,105,NA,NA,NA,0
464,4,105,NA,NA,NA,0
465,4,105,NA,NA,NA,0
466,6,106,NA,NA,NA,0
467,6,106,NA,NA,NA,0
468,6,106,"H",236,3,0
469,6,106,NA,NA,NA,0
470,6,106,"E",162,5,1
471,6,106,"H",211,4,1
472,4,107,NA,NA,NA,0
473,4,107,NA,NA,NA,0
474,4,107,NA,NA,NA,0
475,4,107,NA,NA,NA,0
476,4,108,NA,NA,NA,0
477,4,108,NA,NA,NA,0
478,4,108,NA,NA,NA,0
479,4,108,NA,NA,NA,0
480,4,109,NA,NA,NA,0
481,4,109,NA,NA,NA,0
482,4,109,NA,NA,NA,0
483,4,109,NA,NA,NA,0
484,3,110,NA,NA,NA,0
485,3,110,NA,NA,NA,0
486,3,110,NA,NA,NA,0
487,6,111,NA,NA,NA,0
488,6,111,NA,NA,NA,0
489,6,111,NA,NA,NA,0
490,6,111,NA,NA,NA,0
491,6,111,NA,NA,NA,0
492,6,111,NA,NA,NA,0
493,4,112,NA,NA,NA,0
494,4,112,"E",160,3,1
495,4,112,"H",209,1,0
496,4,112,"H",180,2,1
497,3,113,NA,NA,NA,0
498,3,113,NA,NA,NA,0
499,3,113,NA,NA,NA,0
500,4,114,NA,NA,NA,0
501,4,114,NA,NA,NA,0
502,4,114,NA,NA,NA,0
503,4,114,NA,NA,NA,0
504,4,115,NA,NA,NA,0
505,4,115,NA,NA,NA,0
506,4,115,NA,NA,NA,0
507,4,115,NA,NA,NA,0
508,6,116,NA,NA,NA,0
509,6,116,NA,NA,NA,0
510,6,116,NA,NA,NA,0
511,6,116,NA,NA,NA,0
512,6,116,NA,NA,NA,0
513,6,116,NA,NA,NA,0
514,4,117,NA,NA,NA,0
515,4,117,NA,NA,NA,0
516,4,117,NA,NA,NA,0
517,4,117,NA,NA,NA,0
518,6,118,NA,NA,NA,0
519,6,118,NA,NA,NA,0
520,6,118,NA,NA,NA,0
521,6,118,NA,NA,NA,0
522,6,118,NA,NA,NA,0
523,6,118,NA,NA,NA,0
524,3,119,NA,NA,NA,0
525,3,119,NA,NA,NA,0
526,3,119,NA,NA,NA,0
527,3,120,NA,NA,NA,0
528,3,120,NA,NA,NA,0
529,3,120,NA,NA,NA,0
530,5,121,NA,NA,NA,0
531,5,121,NA,NA,NA,0
532,5,121,NA,NA,NA,0
533,5,121,NA,NA,NA,0
534,5,121,NA,NA,NA,0
535,3,122,NA,NA,NA,0
536,3,122,NA,NA,NA,0
537,3,122,NA,NA,NA,0
538,4,123,NA,NA,NA,0
539,4,123,NA,NA,NA,0
540,4,123,NA,NA,NA,0
541,4,123,NA,NA,NA,0
542,3,124,NA,NA,NA,0
543,3,124,NA,NA,NA,0
544,3,124,NA,NA,NA,0
545,5,125,NA,NA,NA,0
546,5,125,NA,NA,NA,0
547,5,125,NA,NA,NA,0
548,5,125,NA,NA,NA,0
549,5,125,NA,NA,NA,0
550,6,126,NA,NA,NA,0
551,6,126,NA,NA,NA,0
552,6,126,NA,NA,NA,0
553,6,126,NA,NA,NA,0
554,6,126,NA,NA,NA,0
555,6,126,NA,NA,NA,0
556,6,127,NA,NA,NA,0
557,6,127,NA,NA,NA,0
558,6,127,NA,NA,NA,0
559,6,127,NA,NA,NA,0
560,6,127,NA,NA,NA,0
561,6,127,NA,NA,NA,0
562,6,128,NA,NA,NA,0
563,6,128,NA,NA,NA,0
564,6,128,NA,NA,NA,0
565,6,128,NA,NA,NA,0
566,6,128,NA,NA,NA,0
567,6,128,NA,NA,NA,0
568,5,129,NA,NA,NA,0
569,5,129,NA,NA,NA,0
570,5,129,NA,NA,NA,0
571,5,129,NA,NA,NA,0
572,5,129,NA,NA,NA,0
573,5,130,NA,NA,NA,0
574,5,130,NA,NA,NA,0
575,5,130,NA,NA,NA,0
576,5,130,NA,NA,NA,0
577,5,130,NA,NA,NA,0
578,4,131,NA,NA,NA,0
579,4,131,NA,NA,NA,0
580,4,131,NA,NA,NA,0
581,4,131,NA,NA,NA,0
582,4,132,NA,NA,NA,0
583,4,132,NA,NA,NA,0
584,4,132,NA,NA,NA,0
585,4,132,NA,NA,NA,0
586,6,133,NA,NA,NA,0
587,6,133,NA,NA,NA,0
588,6,133,NA,NA,NA,0
589,6,133,NA,NA,NA,0
590,6,133,NA,NA,NA,0
591,6,133,NA,NA,NA,0
592,6,134,NA,NA,NA,0
593,6,134,NA,NA,NA,0
594,6,134,NA,NA,NA,0
595,6,134,NA,NA,NA,0
596,6,134,NA,NA,NA,0
597,6,134,NA,NA,NA,0
598,5,135,NA,NA,NA,0
599,5,135,NA,NA,NA,0
600,5,135,NA,NA,NA,0
601,5,135,NA,NA,NA,0
602,5,135,NA,NA,NA,0
603,5,136,NA,NA,NA,0
604,5,136,NA,NA,NA,0
605,5,136,NA,NA,NA,0
606,5,136,NA,NA,NA,0
607,5,136,NA,NA,NA,0
608,6,137,NA,NA,NA,0
609,6,137,NA,NA,NA,0
610,6,137,NA,NA,NA,0
611,6,137,NA,NA,NA,0
612,6,137,NA,NA,NA,0
613,6,137,NA,NA,NA,0
614,4,138,NA,NA,NA,0
615,4,138,NA,NA,NA,0
616,4,138,NA,NA,NA,0
617,4,138,NA,NA,NA,0
618,6,139,NA,NA,NA,0
619,6,139,NA,NA,NA,0
620,6,139,NA,NA,NA,0
621,6,139,NA,NA,NA,0
622,6,139,NA,NA,NA,0
623,6,139,NA,NA,NA,0
624,6,140,NA,NA,NA,0
625,6,140,NA,NA,NA,0
626,6,140,NA,NA,NA,0
627,6,140,NA,NA,NA,0
628,6,140,NA,NA,NA,0
629,6,140,NA,NA,NA,0
630,5,141,NA,NA,NA,0
631,5,141,NA,NA,NA,0
632,5,141,"E",162,4,0
633,5,141,NA,NA,NA,0
634,5,141,NA,NA,NA,0
635,6,142,NA,NA,NA,0
636,6,142,NA,NA,NA,0
637,6,142,NA,NA,NA,0
638,6,142,NA,NA,NA,0
639,6,142,NA,NA,NA,0
640,6,142,NA,NA,NA,0
641,5,143,"C",NA,NA,0
642,5,143,NA,NA,NA,0
643,5,143,NA,NA,NA,0
644,5,143,NA,NA,NA,0
645,5,143,NA,NA,NA,0
646,6,144,NA,NA,NA,0
647,6,144,NA,NA,NA,0
648,6,144,NA,NA,NA,0
649,6,144,NA,NA,NA,0
650,6,144,NA,NA,NA,0
651,6,144,NA,NA,NA,0
652,5,145,NA,NA,NA,0
653,5,145,NA,NA,NA,0
654,5,145,NA,NA,NA,0
655,5,145,NA,NA,NA,0
656,5,145,NA,NA,NA,0
657,4,146,NA,NA,NA,0
658,4,146,NA,NA,NA,0
659,4,146,NA,NA,NA,0
660,4,146,NA,NA,NA,0
661,6,147,NA,NA,NA,0
662,6,147,NA,NA,NA,0
663,6,147,NA,NA,NA,0
664,6,147,NA,NA,NA,0
665,6,147,NA,NA,NA,0
666,6,147,NA,NA,NA,0
667,5,148,NA,NA,NA,0
668,5,148,NA,NA,NA,0
669,5,148,NA,NA,NA,0
670,5,148,NA,NA,NA,0
671,5,148,NA,NA,NA,0
672,3,149,NA,NA,NA,0
673,3,149,NA,NA,NA,0
674,3,149,NA,NA,NA,0
675,5,150,NA,NA,NA,0
676,5,150,NA,NA,NA,0
677,5,150,NA,NA,NA,0
678,5,150,NA,NA,NA,0
679,5,150,NA,NA,NA,0
680,3,151,NA,NA,NA,0
681,3,151,NA,NA,NA,0
682,3,151,NA,NA,NA,0
683,6,152,NA,NA,NA,0
684,6,152,NA,NA,NA,0
685,6,152,NA,NA,NA,0
686,6,152,NA,NA,NA,0
687,6,152,NA,NA,NA,0
688,6,152,NA,NA,NA,0
689,6,153,NA,NA,NA,0
690,6,153,NA,NA,NA,0
691,6,153,NA,NA,NA,0
692,6,153,NA,NA,NA,0
693,6,153,NA,NA,NA,0
694,6,153,NA,NA,NA,0
695,6,154,NA,NA,NA,0
696,6,154,NA,NA,NA,0
697,6,154,NA,NA,NA,0
698,6,154,NA,NA,NA,0
699,6,154,"E",281,5,0
700,6,154,NA,NA,NA,0
701,3,155,NA,NA,NA,0
702,3,155,NA,NA,NA,0
703,3,155,NA,NA,NA,0
704,6,156,NA,NA,NA,0
705,6,156,NA,NA,NA,0
706,6,156,NA,NA,NA,0
707,6,156,NA,NA,NA,0
708,6,156,NA,NA,NA,0
709,6,156,NA,NA,NA,0
710,6,157,NA,NA,NA,0
711,6,157,NA,NA,NA,0
712,6,157,NA,NA,NA,0
713,6,157,NA,NA,NA,0
714,6,157,NA,NA,NA,0
715,6,157,NA,NA,NA,0
716,4,158,NA,NA,NA,0
717,4,158,NA,NA,NA,0
718,4,158,NA,NA,NA,0
719,4,158,NA,NA,NA,0
720,3,159,NA,NA,NA,0
721,3,159,NA,NA,NA,0
722,3,159,NA,NA,NA,0
723,3,160,NA,NA,NA,0
724,3,160,"E",250,2,0
725,3,160,NA,NA,NA,0
726,6,161,NA,NA,NA,0
727,6,161,"E",106,5,0
728,6,161,NA,NA,NA,0
729,6,161,NA,NA,NA,0
730,6,161,NA,NA,NA,0
731,6,161,NA,NA,NA,0
732,3,162,NA,NA,NA,0
733,3,162,NA,NA,NA,0
734,3,162,NA,NA,NA,0
735,6,163,"H",352,1,0
736,6,163,NA,NA,NA,0
737,6,163,"H",348,1,0
738,6,163,"E",269,5,1
739,6,163,"H",344,1,0
740,6,163,"H",315,4,3
741,4,164,NA,NA,NA,0
742,4,164,NA,NA,NA,0
743,4,164,NA,NA,NA,0
744,4,164,NA,NA,NA,0
745,4,165,NA,NA,NA,0
746,4,165,NA,NA,NA,0
747,4,165,NA,NA,NA,0
748,4,165,NA,NA,NA,0
749,4,166,NA,NA,NA,0
750,4,166,NA,NA,NA,0
751,4,166,NA,NA,NA,0
752,4,166,NA,NA,NA,0
753,5,167,NA,NA,NA,0
754,5,167,NA,NA,NA,0
755,5,167,NA,NA,NA,0
756,5,167,NA,NA,NA,0
757,5,167,NA,NA,NA,0
758,4,168,NA,NA,NA,0
759,4,168,NA,NA,NA,0
760,4,168,NA,NA,NA,0
761,4,168,NA,NA,NA,0
762,3,169,NA,NA,NA,0
763,3,169,NA,NA,NA,0
764,3,169,NA,NA,NA,0
765,4,170,NA,NA,NA,0
766,4,170,NA,NA,NA,0
767,4,170,NA,NA,NA,0
768,4,170,NA,NA,NA,0
769,3,171,NA,NA,NA,0
770,3,171,NA,NA,NA,0
771,3,171,NA,NA,NA,0
772,4,172,NA,NA,NA,0
773,4,172,NA,NA,NA,0
774,4,172,NA,NA,NA,0
775,4,172,NA,NA,NA,0
776,6,173,NA,NA,NA,0
777,6,173,NA,NA,NA,0
778,6,173,NA,NA,NA,0
779,6,173,NA,NA,NA,0
780,6,173,NA,NA,NA,0
781,6,173,NA,NA,NA,0
782,5,174,NA,NA,NA,0
783,5,174,NA,NA,NA,0
784,5,174,NA,NA,NA,0
785,5,174,NA,NA,NA,0
786,5,174,NA,NA,NA,0
787,3,175,NA,NA,NA,0
788,3,175,NA,NA,NA,0
789,3,175,NA,NA,NA,0
790,4,176,NA,NA,NA,0
791,4,176,NA,NA,NA,0
792,4,176,NA,NA,NA,0
793,4,176,NA,NA,NA,0
794,3,177,NA,NA,NA,0
795,3,177,NA,NA,NA,0
796,3,177,NA,NA,NA,0
797,4,178,NA,NA,NA,0
798,4,178,NA,NA,NA,0
799,4,178,NA,NA,NA,0
800,4,178,NA,NA,NA,0
801,5,179,NA,NA,NA,0
802,5,179,NA,NA,NA,0
803,5,179,NA,NA,NA,0
804,5,179,NA,NA,NA,0
805,5,179,NA,NA,NA,0
806,4,180,NA,NA,NA,0
807,4,180,NA,NA,NA,0
808,4,180,NA,NA,NA,0
809,4,180,NA,NA,NA,0
810,5,181,NA,NA,NA,0
811,5,181,NA,NA,NA,0
812,5,181,NA,NA,NA,0
813,5,181,NA,NA,NA,0
814,5,181,NA,NA,NA,0
815,6,182,NA,NA,NA,0
816,6,182,NA,NA,NA,0
817,6,182,NA,NA,NA,0
818,6,182,NA,NA,NA,0
819,6,182,NA,NA,NA,0
820,6,182,NA,NA,NA,0
821,5,183,NA,NA,NA,0
822,5,183,NA,NA,NA,0
823,5,183,NA,NA,NA,0
824,5,183,NA,NA,NA,0
825,5,183,NA,NA,NA,0
826,6,184,NA,NA,NA,0
827,6,184,NA,NA,NA,0
828,6,184,NA,NA,NA,0
829,6,184,NA,NA,NA,0
830,6,184,NA,NA,NA,0
831,6,184,NA,NA,NA,0
832,5,185,NA,NA,NA,0
833,5,185,"H",NA,NA,0
834,5,185,"H",NA,NA,0
835,5,185,NA,NA,NA,0
836,5,185,"E",357,4,2
837,3,186,NA,NA,NA,0
838,3,186,NA,NA,NA,0
839,3,186,NA,NA,NA,0
840,5,187,NA,NA,NA,0
841,5,187,NA,NA,NA,0
842,5,187,NA,NA,NA,0
843,5,187,NA,NA,NA,0
844,5,187,NA,NA,NA,0
845,4,188,NA,NA,NA,0
846,4,188,NA,NA,NA,0
847,4,188,NA,NA,NA,0
848,4,188,NA,NA,NA,0
849,6,189,NA,NA,NA,0
850,6,189,NA,NA,NA,0
851,6,189,NA,NA,NA,0
852,6,189,NA,NA,NA,0
853,6,189,NA,NA,NA,0
854,6,189,NA,NA,NA,0
855,5,190,NA,NA,NA,0
856,5,190,NA,NA,NA,0
857,5,190,NA,NA,NA,0
858,5,190,NA,NA,NA,0
859,5,190,NA,NA,NA,0
860,6,191,NA,NA,NA,0
861,6,191,NA,NA,NA,0
862,6,191,NA,NA,NA,0
863,6,191,NA,NA,NA,0
864,6,191,NA,NA,NA,0
865,6,191,NA,NA,NA,0
866,3,192,NA,NA,NA,0
867,3,192,NA,NA,NA,0
868,3,192,NA,NA,NA,0
869,3,193,NA,NA,NA,0
870,3,193,NA,NA,NA,0
871,3,193,NA,NA,NA,0
872,4,194,"H",158,1,0
873,4,194,"H",133,2,1
874,4,194,"E",111,3,1
875,4,194,NA,NA,NA,0
876,3,195,NA,NA,NA,0
877,3,195,NA,NA,NA,0
878,3,195,NA,NA,NA,0
879,3,196,NA,NA,NA,0
880,3,196,NA,NA,NA,0
881,3,196,NA,NA,NA,0
882,5,197,NA,NA,NA,0
883,5,197,NA,NA,NA,0
884,5,197,NA,NA,NA,0
885,5,197,NA,NA,NA,0
886,5,197,NA,NA,NA,0
887,6,198,NA,NA,NA,0
888,6,198,"E",150,5,1
889,6,198,NA,NA,NA,0
890,6,198,"H",179,4,0
891,6,198,NA,NA,NA,0
892,6,198,NA,NA,NA,0
893,6,199,NA,NA,NA,0
894,6,199,NA,NA,NA,0
895,6,199,NA,NA,NA,0
896,6,199,NA,NA,NA,0
897,6,199,NA,NA,NA,0
898,6,199,NA,NA,NA,0
899,3,200,NA,NA,NA,0
900,3,200,NA,NA,NA,0
901,3,200,NA,NA,NA,0
902,5,201,NA,NA,NA,0
903,5,201,NA,NA,NA,0
904,5,201,NA,NA,NA,0
905,5,201,NA,NA,NA,0
906,5,201,NA,NA,NA,0
907,6,202,NA,NA,NA,0
908,6,202,NA,NA,NA,0
909,6,202,NA,NA,NA,0
910,6,202,NA,NA,NA,0
911,6,202,NA,NA,NA,0
912,6,202,NA,NA,NA,0
913,6,203,NA,NA,NA,0
914,6,203,NA,NA,NA,0
915,6,203,NA,NA,NA,0
916,6,203,NA,NA,NA,0
917,6,203,NA,NA,NA,0
918,6,203,NA,NA,NA,0
919,3,204,NA,NA,NA,0
920,3,204,NA,NA,NA,0
921,3,204,NA,NA,NA,0
922,6,205,NA,NA,NA,0
923,6,205,NA,NA,NA,0
924,6,205,NA,NA,NA,0
925,6,205,NA,NA,NA,0
926,6,205,NA,NA,NA,0
927,6,205,NA,NA,NA,0
928,3,206,NA,NA,NA,0
929,3,206,NA,NA,NA,0
930,3,206,NA,NA,NA,0
931,5,207,NA,NA,NA,0
932,5,207,NA,NA,NA,0
933,5,207,NA,NA,NA,0
934,5,207,NA,NA,NA,0
935,5,207,NA,NA,NA,0
936,6,208,NA,NA,NA,0
937,6,208,NA,NA,NA,0
938,6,208,NA,NA,NA,0
939,6,208,NA,NA,NA,0
940,6,208,NA,NA,NA,0
941,6,208,NA,NA,NA,0
942,6,209,NA,NA,NA,0
943,6,209,NA,NA,NA,0
944,6,209,NA,NA,NA,0
945,6,209,NA,NA,NA,0
946,6,209,NA,NA,NA,0
947,6,209,NA,NA,NA,0
948,4,210,NA,NA,NA,0
949,4,210,NA,NA,NA,0
950,4,210,NA,NA,NA,0
951,4,210,NA,NA,NA,0
952,5,211,NA,NA,NA,0
953,5,211,NA,NA,NA,0
954,5,211,NA,NA,NA,0
955,5,211,NA,NA,NA,0
956,5,211,NA,NA,NA,0
957,4,212,NA,NA,NA,0
958,4,212,NA,NA,NA,0
959,4,212,NA,NA,NA,0
960,4,212,NA,NA,NA,0
961,4,213,NA,NA,NA,0
962,4,213,NA,NA,NA,0
963,4,213,NA,NA,NA,0
964,4,213,NA,NA,NA,0
965,3,214,NA,NA,NA,0
966,3,214,NA,NA,NA,0
967,3,214,NA,NA,NA,0
968,5,215,"C",180,4,2
969,5,215,NA,NA,NA,0
970,5,215,NA,NA,NA,0
971,5,215,"H",222,2,0
972,5,215,"H",207,2,0
973,4,216,NA,NA,NA,0
974,4,216,NA,NA,NA,0
975,4,216,NA,NA,NA,0
976,4,216,NA,NA,NA,0
977,3,217,NA,NA,NA,0
978,3,217,NA,NA,NA,0
979,3,217,NA,NA,NA,0
980,5,218,NA,NA,NA,0
981,5,218,NA,NA,NA,0
982,5,218,NA,NA,NA,0
983,5,218,NA,NA,NA,0
984,5,218,NA,NA,NA,0
985,6,219,NA,NA,NA,0
986,6,219,NA,NA,NA,0
987,6,219,NA,NA,NA,0
988,6,219,NA,NA,NA,0
989,6,219,NA,NA,NA,0
990,6,219,NA,NA,NA,0
991,6,220,NA,NA,NA,0
992,6,220,NA,NA,NA,0
993,6,220,NA,NA,NA,0
994,6,220,NA,NA,NA,0
995,6,220,NA,NA,NA,0
996,6,220,NA,NA,NA,0
997,4,221,NA,NA,NA,0
998,4,221,NA,NA,NA,0
999,4,221,"E",117,3,0
1000,4,221,NA,NA,NA,0
