"ID","SIZE","HH","TYPE","TIME","S_NUM","I_NUM"
1,3,1,"0",NA,NA,0
2,3,1,NA,NA,NA,0
3,3,1,NA,NA,NA,0
4,3,2,NA,NA,NA,0
5,3,2,NA,NA,NA,0
6,3,2,NA,NA,NA,0
7,5,3,NA,NA,NA,0
8,5,3,NA,NA,NA,0
9,5,3,NA,NA,NA,0
10,5,3,NA,NA,NA,0
11,5,3,NA,NA,NA,0
12,5,4,NA,NA,NA,0
13,5,4,NA,NA,NA,0
14,5,4,NA,NA,NA,0
15,5,4,NA,NA,NA,0
16,5,4,NA,NA,NA,0
17,3,5,"E",89,2,1
18,3,5,"E",288,0,0
19,3,5,"H",117,1,0
20,5,6,NA,NA,NA,0
21,5,6,NA,NA,NA,0
22,5,6,NA,NA,NA,0
23,5,6,NA,NA,NA,0
24,5,6,NA,NA,NA,0
25,4,7,NA,NA,NA,0
26,4,7,NA,NA,NA,0
27,4,7,NA,NA,NA,0
28,4,7,NA,NA,NA,0
29,4,8,NA,NA,NA,0
30,4,8,NA,NA,NA,0
31,4,8,NA,NA,NA,0
32,4,8,NA,NA,NA,0
33,6,9,NA,NA,NA,0
34,6,9,NA,NA,NA,0
35,6,9,NA,NA,NA,0
36,6,9,NA,NA,NA,0
37,6,9,NA,NA,NA,0
38,6,9,NA,NA,NA,0
39,5,10,NA,NA,NA,0
40,5,10,NA,NA,NA,0
41,5,10,NA,NA,NA,0
42,5,10,NA,NA,NA,0
43,5,10,NA,NA,NA,0
44,3,11,NA,NA,NA,0
45,3,11,NA,NA,NA,0
46,3,11,NA,NA,NA,0
47,6,12,NA,NA,NA,0
48,6,12,NA,NA,NA,0
49,6,12,NA,NA,NA,0
50,6,12,NA,NA,NA,0
51,6,12,NA,NA,NA,0
52,6,12,NA,NA,NA,0
53,6,13,NA,NA,NA,0
54,6,13,NA,NA,NA,0
55,6,13,NA,NA,NA,0
56,6,13,NA,NA,NA,0
57,6,13,NA,NA,NA,0
58,6,13,NA,NA,NA,0
59,4,14,NA,NA,NA,0
60,4,14,NA,NA,NA,0
61,4,14,NA,NA,NA,0
62,4,14,NA,NA,NA,0
63,3,15,NA,NA,NA,0
64,3,15,NA,NA,NA,0
65,3,15,NA,NA,NA,0
66,5,16,NA,NA,NA,0
67,5,16,NA,NA,NA,0
68,5,16,NA,NA,NA,0
69,5,16,NA,NA,NA,0
70,5,16,NA,NA,NA,0
71,6,17,NA,NA,NA,0
72,6,17,NA,NA,NA,0
73,6,17,NA,NA,NA,0
74,6,17,NA,NA,NA,0
75,6,17,NA,NA,NA,0
76,6,17,NA,NA,NA,0
77,5,18,NA,NA,NA,0
78,5,18,NA,NA,NA,0
79,5,18,NA,NA,NA,0
80,5,18,NA,NA,NA,0
81,5,18,NA,NA,NA,0
82,3,19,"E",53,2,1
83,3,19,"H",87,1,0
84,3,19,NA,NA,NA,0
85,6,20,NA,NA,NA,0
86,6,20,NA,NA,NA,0
87,6,20,NA,NA,NA,0
88,6,20,NA,NA,NA,0
89,6,20,NA,NA,NA,0
90,6,20,NA,NA,NA,0
91,6,21,NA,NA,NA,0
92,6,21,NA,NA,NA,0
93,6,21,NA,NA,NA,0
94,6,21,NA,NA,NA,0
95,6,21,NA,NA,NA,0
96,6,21,NA,NA,NA,0
97,3,22,NA,NA,NA,0
98,3,22,NA,NA,NA,0
99,3,22,NA,NA,NA,0
100,6,23,NA,NA,NA,0
101,6,23,NA,NA,NA,0
102,6,23,NA,NA,NA,0
103,6,23,NA,NA,NA,0
104,6,23,NA,NA,NA,0
105,6,23,NA,NA,NA,0
106,3,24,NA,NA,NA,0
107,3,24,NA,NA,NA,0
108,3,24,NA,NA,NA,0
109,6,25,NA,NA,NA,0
110,6,25,NA,NA,NA,0
111,6,25,NA,NA,NA,0
112,6,25,NA,NA,NA,0
113,6,25,NA,NA,NA,0
114,6,25,NA,NA,NA,0
115,5,26,NA,NA,NA,0
116,5,26,NA,NA,NA,0
117,5,26,NA,NA,NA,0
118,5,26,NA,NA,NA,0
119,5,26,NA,NA,NA,0
120,3,27,NA,NA,NA,0
121,3,27,NA,NA,NA,0
122,3,27,NA,NA,NA,0
123,4,28,NA,NA,NA,0
124,4,28,NA,NA,NA,0
125,4,28,NA,NA,NA,0
126,4,28,NA,NA,NA,0
127,3,29,NA,NA,NA,0
128,3,29,NA,NA,NA,0
129,3,29,NA,NA,NA,0
130,6,30,NA,NA,NA,0
131,6,30,NA,NA,NA,0
132,6,30,NA,NA,NA,0
133,6,30,NA,NA,NA,0
134,6,30,NA,NA,NA,0
135,6,30,NA,NA,NA,0
136,6,31,NA,NA,NA,0
137,6,31,NA,NA,NA,0
138,6,31,NA,NA,NA,0
139,6,31,NA,NA,NA,0
140,6,31,NA,NA,NA,0
141,6,31,NA,NA,NA,0
142,4,32,NA,NA,NA,0
143,4,32,NA,NA,NA,0
144,4,32,NA,NA,NA,0
145,4,32,NA,NA,NA,0
146,3,33,NA,NA,NA,0
147,3,33,NA,NA,NA,0
148,3,33,NA,NA,NA,0
149,5,34,NA,NA,NA,0
150,5,34,NA,NA,NA,0
151,5,34,NA,NA,NA,0
152,5,34,NA,NA,NA,0
153,5,34,NA,NA,NA,0
154,5,35,NA,NA,NA,0
155,5,35,NA,NA,NA,0
156,5,35,NA,NA,NA,0
157,5,35,NA,NA,NA,0
158,5,35,NA,NA,NA,0
159,6,36,NA,NA,NA,0
160,6,36,NA,NA,NA,0
161,6,36,NA,NA,NA,0
162,6,36,NA,NA,NA,0
163,6,36,NA,NA,NA,0
164,6,36,NA,NA,NA,0
165,3,37,NA,NA,NA,0
166,3,37,NA,NA,NA,0
167,3,37,NA,NA,NA,0
168,5,38,NA,NA,NA,0
169,5,38,NA,NA,NA,0
170,5,38,NA,NA,NA,0
171,5,38,NA,NA,NA,0
172,5,38,NA,NA,NA,0
173,3,39,NA,NA,NA,0
174,3,39,NA,NA,NA,0
175,3,39,"E",322,2,0
176,4,40,NA,NA,NA,0
177,4,40,NA,NA,NA,0
178,4,40,NA,NA,NA,0
179,4,40,NA,NA,NA,0
180,6,41,"E",198,5,0
181,6,41,"H",282,1,0
182,6,41,NA,NA,NA,0
183,6,41,"H",268,1,0
184,6,41,"E",237,4,3
185,6,41,"H",264,1,0
186,4,42,"H",173,1,0
187,4,42,NA,NA,NA,0
188,4,42,"H",153,1,0
189,4,42,"E",121,3,2
190,6,43,NA,NA,NA,0
191,6,43,NA,NA,NA,0
192,6,43,NA,NA,NA,0
193,6,43,NA,NA,NA,0
194,6,43,NA,NA,NA,0
195,6,43,NA,NA,NA,0
196,6,44,NA,NA,NA,0
197,6,44,NA,NA,NA,0
198,6,44,"H",73,4,0
199,6,44,NA,NA,NA,0
200,6,44,"E",26,5,1
201,6,44,NA,NA,NA,0
202,5,45,NA,NA,NA,0
203,5,45,NA,NA,NA,0
204,5,45,NA,NA,NA,0
205,5,45,NA,NA,NA,0
206,5,45,NA,NA,NA,0
207,4,46,NA,NA,NA,0
208,4,46,NA,NA,NA,0
209,4,46,NA,NA,NA,0
210,4,46,"C",174,3,0
211,6,47,NA,NA,NA,0
212,6,47,NA,NA,NA,0
213,6,47,NA,NA,NA,0
214,6,47,NA,NA,NA,0
215,6,47,NA,NA,NA,0
216,6,47,NA,NA,NA,0
217,5,48,NA,NA,NA,0
218,5,48,NA,NA,NA,0
219,5,48,NA,NA,NA,0
220,5,48,NA,NA,NA,0
221,5,48,NA,NA,NA,0
222,5,49,NA,NA,NA,0
223,5,49,NA,NA,NA,0
224,5,49,NA,NA,NA,0
225,5,49,NA,NA,NA,0
226,5,49,NA,NA,NA,0
227,5,50,NA,NA,NA,0
228,5,50,NA,NA,NA,0
229,5,50,NA,NA,NA,0
230,5,50,NA,NA,NA,0
231,5,50,NA,NA,NA,0
232,5,51,NA,NA,NA,0
233,5,51,NA,NA,NA,0
234,5,51,NA,NA,NA,0
235,5,51,NA,NA,NA,0
236,5,51,NA,NA,NA,0
237,4,52,NA,NA,NA,0
238,4,52,NA,NA,NA,0
239,4,52,NA,NA,NA,0
240,4,52,NA,NA,NA,0
241,3,53,NA,NA,NA,0
242,3,53,NA,NA,NA,0
243,3,53,NA,NA,NA,0
244,5,54,NA,NA,NA,0
245,5,54,NA,NA,NA,0
246,5,54,NA,NA,NA,0
247,5,54,NA,NA,NA,0
248,5,54,NA,NA,NA,0
249,5,55,NA,NA,NA,0
250,5,55,NA,NA,NA,0
251,5,55,NA,NA,NA,0
252,5,55,NA,NA,NA,0
253,5,55,NA,NA,NA,0
254,6,56,NA,NA,NA,0
255,6,56,NA,NA,NA,0
256,6,56,NA,NA,NA,0
257,6,56,"H",182,4,0
258,6,56,NA,NA,NA,0
259,6,56,"E",160,5,1
260,6,57,NA,NA,NA,0
261,6,57,NA,NA,NA,0
262,6,57,NA,NA,NA,0
263,6,57,NA,NA,NA,0
264,6,57,NA,NA,NA,0
265,6,57,NA,NA,NA,0
266,6,58,NA,NA,NA,0
267,6,58,NA,NA,NA,0
268,6,58,NA,NA,NA,0
269,6,58,NA,NA,NA,0
270,6,58,NA,NA,NA,0
271,6,58,NA,NA,NA,0
272,4,59,NA,NA,NA,0
273,4,59,NA,NA,NA,0
274,4,59,NA,NA,NA,0
275,4,59,NA,NA,NA,0
276,5,60,NA,NA,NA,0
277,5,60,NA,NA,NA,0
278,5,60,NA,NA,NA,0
279,5,60,NA,NA,NA,0
280,5,60,NA,NA,NA,0
281,5,61,NA,NA,NA,0
282,5,61,NA,NA,NA,0
283,5,61,NA,NA,NA,0
284,5,61,NA,NA,NA,0
285,5,61,NA,NA,NA,0
286,5,62,NA,NA,NA,0
287,5,62,NA,NA,NA,0
288,5,62,NA,NA,NA,0
289,5,62,NA,NA,NA,0
290,5,62,NA,NA,NA,0
291,6,63,NA,NA,NA,0
292,6,63,NA,NA,NA,0
293,6,63,NA,NA,NA,0
294,6,63,NA,NA,NA,0
295,6,63,NA,NA,NA,0
296,6,63,NA,NA,NA,0
297,3,64,NA,NA,NA,0
298,3,64,"E",270,2,0
299,3,64,NA,NA,NA,0
300,4,65,NA,NA,NA,0
301,4,65,NA,NA,NA,0
302,4,65,NA,NA,NA,0
303,4,65,NA,NA,NA,0
304,6,66,NA,NA,NA,0
305,6,66,NA,NA,NA,0
306,6,66,NA,NA,NA,0
307,6,66,NA,NA,NA,0
308,6,66,NA,NA,NA,0
309,6,66,NA,NA,NA,0
310,5,67,NA,NA,NA,0
311,5,67,NA,NA,NA,0
312,5,67,NA,NA,NA,0
313,5,67,NA,NA,NA,0
314,5,67,NA,NA,NA,0
315,6,68,NA,NA,NA,0
316,6,68,NA,NA,NA,0
317,6,68,NA,NA,NA,0
318,6,68,NA,NA,NA,0
319,6,68,NA,NA,NA,0
320,6,68,NA,NA,NA,0
321,5,69,NA,NA,NA,0
322,5,69,NA,NA,NA,0
323,5,69,NA,NA,NA,0
324,5,69,NA,NA,NA,0
325,5,69,NA,NA,NA,0
326,6,70,NA,NA,NA,0
327,6,70,NA,NA,NA,0
328,6,70,NA,NA,NA,0
329,6,70,NA,NA,NA,0
330,6,70,NA,NA,NA,0
331,6,70,NA,NA,NA,0
332,5,71,NA,NA,NA,0
333,5,71,NA,NA,NA,0
334,5,71,NA,NA,NA,0
335,5,71,NA,NA,NA,0
336,5,71,NA,NA,NA,0
337,4,72,NA,NA,NA,0
338,4,72,NA,NA,NA,0
339,4,72,NA,NA,NA,0
340,4,72,NA,NA,NA,0
341,3,73,NA,NA,NA,0
342,3,73,NA,NA,NA,0
343,3,73,NA,NA,NA,0
344,5,74,NA,NA,NA,0
345,5,74,NA,NA,NA,0
346,5,74,NA,NA,NA,0
347,5,74,NA,NA,NA,0
348,5,74,"E",169,4,0
349,5,75,NA,NA,NA,0
350,5,75,NA,NA,NA,0
351,5,75,NA,NA,NA,0
352,5,75,NA,NA,NA,0
353,5,75,NA,NA,NA,0
354,4,76,NA,NA,NA,0
355,4,76,NA,NA,NA,0
356,4,76,NA,NA,NA,0
357,4,76,NA,NA,NA,0
358,4,77,NA,NA,NA,0
359,4,77,NA,NA,NA,0
360,4,77,NA,NA,NA,0
361,4,77,NA,NA,NA,0
362,6,78,NA,NA,NA,0
363,6,78,NA,NA,NA,0
364,6,78,NA,NA,NA,0
365,6,78,NA,NA,NA,0
366,6,78,"C",109,5,0
367,6,78,NA,NA,NA,0
368,3,79,NA,NA,NA,0
369,3,79,NA,NA,NA,0
370,3,79,NA,NA,NA,0
371,4,80,NA,NA,NA,0
372,4,80,NA,NA,NA,0
373,4,80,NA,NA,NA,0
374,4,80,NA,NA,NA,0
375,6,81,NA,NA,NA,0
376,6,81,NA,NA,NA,0
377,6,81,NA,NA,NA,0
378,6,81,NA,NA,NA,0
379,6,81,NA,NA,NA,0
380,6,81,NA,NA,NA,0
381,4,82,NA,NA,NA,0
382,4,82,NA,NA,NA,0
383,4,82,NA,NA,NA,0
384,4,82,NA,NA,NA,0
385,3,83,NA,NA,NA,0
386,3,83,NA,NA,NA,0
387,3,83,NA,NA,NA,0
388,3,84,NA,NA,NA,0
389,3,84,NA,NA,NA,0
390,3,84,"E",199,2,0
391,6,85,"H",191,1,0
392,6,85,"C",103,5,1
393,6,85,NA,NA,NA,0
394,6,85,"H",165,4,3
395,6,85,"H",229,1,0
396,6,85,"H",185,1,0
397,3,86,NA,NA,NA,0
398,3,86,NA,NA,NA,0
399,3,86,NA,NA,NA,0
400,4,87,NA,NA,NA,0
401,4,87,NA,NA,NA,0
402,4,87,NA,NA,NA,0
403,4,87,NA,NA,NA,0
404,3,88,NA,NA,NA,0
405,3,88,NA,NA,NA,0
406,3,88,NA,NA,NA,0
407,5,89,NA,NA,NA,0
408,5,89,NA,NA,NA,0
409,5,89,NA,NA,NA,0
410,5,89,NA,NA,NA,0
411,5,89,NA,NA,NA,0
412,6,90,NA,NA,NA,0
413,6,90,NA,NA,NA,0
414,6,90,NA,NA,NA,0
415,6,90,NA,NA,NA,0
416,6,90,NA,NA,NA,0
417,6,90,NA,NA,NA,0
418,6,91,NA,NA,NA,0
419,6,91,NA,NA,NA,0
420,6,91,NA,NA,NA,0
421,6,91,NA,NA,NA,0
422,6,91,NA,NA,NA,0
423,6,91,NA,NA,NA,0
424,6,92,NA,NA,NA,0
425,6,92,NA,NA,NA,0
426,6,92,NA,NA,NA,0
427,6,92,NA,NA,NA,0
428,6,92,NA,NA,NA,0
429,6,92,NA,NA,NA,0
430,3,93,NA,NA,NA,0
431,3,93,NA,NA,NA,0
432,3,93,"E",127,2,0
433,4,94,NA,NA,NA,0
434,4,94,NA,NA,NA,0
435,4,94,NA,NA,NA,0
436,4,94,NA,NA,NA,0
437,5,95,"E",223,4,1
438,5,95,NA,NA,NA,0
439,5,95,NA,NA,NA,0
440,5,95,"H",251,3,0
441,5,95,NA,NA,NA,0
442,6,96,NA,NA,NA,0
443,6,96,NA,NA,NA,0
444,6,96,NA,NA,NA,0
445,6,96,NA,NA,NA,0
446,6,96,NA,NA,NA,0
447,6,96,NA,NA,NA,0
448,6,97,NA,NA,NA,0
449,6,97,NA,NA,NA,0
450,6,97,NA,NA,NA,0
451,6,97,NA,NA,NA,0
452,6,97,NA,NA,NA,0
453,6,97,NA,NA,NA,0
454,3,98,NA,NA,NA,0
455,3,98,"E",126,2,0
456,3,98,NA,NA,NA,0
457,4,99,NA,NA,NA,0
458,4,99,NA,NA,NA,0
459,4,99,NA,NA,NA,0
460,4,99,NA,NA,NA,0
461,4,100,NA,NA,NA,0
462,4,100,NA,NA,NA,0
463,4,100,NA,NA,NA,0
464,4,100,NA,NA,NA,0
465,4,101,NA,NA,NA,0
466,4,101,NA,NA,NA,0
467,4,101,NA,NA,NA,0
468,4,101,NA,NA,NA,0
469,4,102,"H",86,2,1
470,4,102,NA,NA,NA,0
471,4,102,"E",55,3,1
472,4,102,"H",120,1,0
473,3,103,NA,NA,NA,0
474,3,103,NA,NA,NA,0
475,3,103,NA,NA,NA,0
476,3,104,"E",309,2,1
477,3,104,"H",363,1,0
478,3,104,NA,NA,NA,0
479,5,105,NA,NA,NA,0
480,5,105,NA,NA,NA,0
481,5,105,NA,NA,NA,0
482,5,105,NA,NA,NA,0
483,5,105,NA,NA,NA,0
484,3,106,NA,NA,NA,0
485,3,106,NA,NA,NA,0
486,3,106,NA,NA,NA,0
487,6,107,NA,NA,NA,0
488,6,107,NA,NA,NA,0
489,6,107,NA,NA,NA,0
490,6,107,NA,NA,NA,0
491,6,107,NA,NA,NA,0
492,6,107,NA,NA,NA,0
493,4,108,NA,NA,NA,0
494,4,108,NA,NA,NA,0
495,4,108,NA,NA,NA,0
496,4,108,NA,NA,NA,0
497,6,109,NA,NA,NA,0
498,6,109,NA,NA,NA,0
499,6,109,NA,NA,NA,0
500,6,109,NA,NA,NA,0
501,6,109,NA,NA,NA,0
502,6,109,NA,NA,NA,0
503,5,110,NA,NA,NA,0
504,5,110,NA,NA,NA,0
505,5,110,NA,NA,NA,0
506,5,110,NA,NA,NA,0
507,5,110,NA,NA,NA,0
508,6,111,NA,NA,NA,0
509,6,111,NA,NA,NA,0
510,6,111,NA,NA,NA,0
511,6,111,NA,NA,NA,0
512,6,111,NA,NA,NA,0
513,6,111,NA,NA,NA,0
514,6,112,NA,NA,NA,0
515,6,112,NA,NA,NA,0
516,6,112,NA,NA,NA,0
517,6,112,NA,NA,NA,0
518,6,112,NA,NA,NA,0
519,6,112,NA,NA,NA,0
520,5,113,NA,NA,NA,0
521,5,113,NA,NA,NA,0
522,5,113,NA,NA,NA,0
523,5,113,NA,NA,NA,0
524,5,113,NA,NA,NA,0
525,5,114,NA,NA,NA,0
526,5,114,NA,NA,NA,0
527,5,114,NA,NA,NA,0
528,5,114,NA,NA,NA,0
529,5,114,NA,NA,NA,0
530,4,115,NA,NA,NA,0
531,4,115,NA,NA,NA,0
532,4,115,NA,NA,NA,0
533,4,115,NA,NA,NA,0
534,6,116,NA,NA,NA,0
535,6,116,NA,NA,NA,0
536,6,116,NA,NA,NA,0
537,6,116,NA,NA,NA,0
538,6,116,NA,NA,NA,0
539,6,116,NA,NA,NA,0
540,3,117,NA,NA,NA,0
541,3,117,NA,NA,NA,0
542,3,117,NA,NA,NA,0
543,5,118,NA,NA,NA,0
544,5,118,NA,NA,NA,0
545,5,118,NA,NA,NA,0
546,5,118,NA,NA,NA,0
547,5,118,NA,NA,NA,0
548,5,119,NA,NA,NA,0
549,5,119,NA,NA,NA,0
550,5,119,NA,NA,NA,0
551,5,119,NA,NA,NA,0
552,5,119,NA,NA,NA,0
553,6,120,NA,NA,NA,0
554,6,120,NA,NA,NA,0
555,6,120,NA,NA,NA,0
556,6,120,NA,NA,NA,0
557,6,120,NA,NA,NA,0
558,6,120,NA,NA,NA,0
559,5,121,NA,NA,NA,0
560,5,121,NA,NA,NA,0
561,5,121,NA,NA,NA,0
562,5,121,NA,NA,NA,0
563,5,121,NA,NA,NA,0
564,4,122,NA,NA,NA,0
565,4,122,NA,NA,NA,0
566,4,122,NA,NA,NA,0
567,4,122,NA,NA,NA,0
568,6,123,NA,NA,NA,0
569,6,123,NA,NA,NA,0
570,6,123,NA,NA,NA,0
571,6,123,NA,NA,NA,0
572,6,123,NA,NA,NA,0
573,6,123,NA,NA,NA,0
574,4,124,NA,NA,NA,0
575,4,124,NA,NA,NA,0
576,4,124,NA,NA,NA,0
577,4,124,NA,NA,NA,0
578,6,125,NA,NA,NA,0
579,6,125,NA,NA,NA,0
580,6,125,NA,NA,NA,0
581,6,125,NA,NA,NA,0
582,6,125,NA,NA,NA,0
583,6,125,NA,NA,NA,0
584,5,126,NA,NA,NA,0
585,5,126,NA,NA,NA,0
586,5,126,NA,NA,NA,0
587,5,126,NA,NA,NA,0
588,5,126,NA,NA,NA,0
589,6,127,NA,NA,NA,0
590,6,127,NA,NA,NA,0
591,6,127,NA,NA,NA,0
592,6,127,NA,NA,NA,0
593,6,127,NA,NA,NA,0
594,6,127,NA,NA,NA,0
595,6,128,NA,NA,NA,0
596,6,128,NA,NA,NA,0
597,6,128,NA,NA,NA,0
598,6,128,"E",82,5,0
599,6,128,NA,NA,NA,0
600,6,128,NA,NA,NA,0
601,6,129,NA,NA,NA,0
602,6,129,NA,NA,NA,0
603,6,129,NA,NA,NA,0
604,6,129,NA,NA,NA,0
605,6,129,NA,NA,NA,0
606,6,129,NA,NA,NA,0
607,6,130,NA,NA,NA,0
608,6,130,NA,NA,NA,0
609,6,130,NA,NA,NA,0
610,6,130,NA,NA,NA,0
611,6,130,NA,NA,NA,0
612,6,130,NA,NA,NA,0
613,4,131,NA,NA,NA,0
614,4,131,NA,NA,NA,0
615,4,131,NA,NA,NA,0
616,4,131,NA,NA,NA,0
617,3,132,NA,NA,NA,0
618,3,132,NA,NA,NA,0
619,3,132,NA,NA,NA,0
620,5,133,NA,NA,NA,0
621,5,133,NA,NA,NA,0
622,5,133,NA,NA,NA,0
623,5,133,NA,NA,NA,0
624,5,133,NA,NA,NA,0
625,3,134,NA,NA,NA,0
626,3,134,NA,NA,NA,0
627,3,134,NA,NA,NA,0
628,4,135,NA,NA,NA,0
629,4,135,NA,NA,NA,0
630,4,135,NA,NA,NA,0
631,4,135,NA,NA,NA,0
632,4,136,NA,NA,NA,0
633,4,136,NA,NA,NA,0
634,4,136,NA,NA,NA,0
635,4,136,NA,NA,NA,0
636,3,137,NA,NA,NA,0
637,3,137,NA,NA,NA,0
638,3,137,"E",109,2,0
639,3,138,NA,NA,NA,0
640,3,138,NA,NA,NA,0
641,3,138,NA,NA,NA,0
642,6,139,NA,NA,NA,0
643,6,139,NA,NA,NA,0
644,6,139,NA,NA,NA,0
645,6,139,NA,NA,NA,0
646,6,139,NA,NA,NA,0
647,6,139,NA,NA,NA,0
648,3,140,NA,NA,NA,0
649,3,140,NA,NA,NA,0
650,3,140,NA,NA,NA,0
651,6,141,NA,NA,NA,0
652,6,141,NA,NA,NA,0
653,6,141,NA,NA,NA,0
654,6,141,NA,NA,NA,0
655,6,141,NA,NA,NA,0
656,6,141,NA,NA,NA,0
657,4,142,NA,NA,NA,0
658,4,142,NA,NA,NA,0
659,4,142,NA,NA,NA,0
660,4,142,NA,NA,NA,0
661,3,143,NA,NA,NA,0
662,3,143,NA,NA,NA,0
663,3,143,NA,NA,NA,0
664,3,144,NA,NA,NA,0
665,3,144,"C",122,2,0
666,3,144,NA,NA,NA,0
667,3,145,NA,NA,NA,0
668,3,145,NA,NA,NA,0
669,3,145,NA,NA,NA,0
670,4,146,NA,NA,NA,0
671,4,146,NA,NA,NA,0
672,4,146,NA,NA,NA,0
673,4,146,NA,NA,NA,0
674,4,147,NA,NA,NA,0
675,4,147,NA,NA,NA,0
676,4,147,NA,NA,NA,0
677,4,147,NA,NA,NA,0
678,6,148,NA,NA,NA,0
679,6,148,NA,NA,NA,0
680,6,148,NA,NA,NA,0
681,6,148,NA,NA,NA,0
682,6,148,NA,NA,NA,0
683,6,148,NA,NA,NA,0
684,3,149,NA,NA,NA,0
685,3,149,NA,NA,NA,0
686,3,149,NA,NA,NA,0
687,5,150,NA,NA,NA,0
688,5,150,NA,NA,NA,0
689,5,150,NA,NA,NA,0
690,5,150,NA,NA,NA,0
691,5,150,NA,NA,NA,0
692,4,151,NA,NA,NA,0
693,4,151,"E",198,3,0
694,4,151,NA,NA,NA,0
695,4,151,NA,NA,NA,0
696,4,152,NA,NA,NA,0
697,4,152,NA,NA,NA,0
698,4,152,NA,NA,NA,0
699,4,152,NA,NA,NA,0
700,4,153,NA,NA,NA,0
701,4,153,NA,NA,NA,0
702,4,153,NA,NA,NA,0
703,4,153,NA,NA,NA,0
704,3,154,NA,NA,NA,0
705,3,154,NA,NA,NA,0
706,3,154,NA,NA,NA,0
707,4,155,NA,NA,NA,0
708,4,155,NA,NA,NA,0
709,4,155,NA,NA,NA,0
710,4,155,NA,NA,NA,0
711,3,156,NA,NA,NA,0
712,3,156,NA,NA,NA,0
713,3,156,NA,NA,NA,0
714,3,157,NA,NA,NA,0
715,3,157,NA,NA,NA,0
716,3,157,NA,NA,NA,0
717,5,158,NA,NA,NA,0
718,5,158,NA,NA,NA,0
719,5,158,NA,NA,NA,0
720,5,158,NA,NA,NA,0
721,5,158,NA,NA,NA,0
722,4,159,NA,NA,NA,0
723,4,159,NA,NA,NA,0
724,4,159,NA,NA,NA,0
725,4,159,NA,NA,NA,0
726,5,160,NA,NA,NA,0
727,5,160,NA,NA,NA,0
728,5,160,NA,NA,NA,0
729,5,160,NA,NA,NA,0
730,5,160,NA,NA,NA,0
731,6,161,NA,NA,NA,0
732,6,161,NA,NA,NA,0
733,6,161,NA,NA,NA,0
734,6,161,NA,NA,NA,0
735,6,161,NA,NA,NA,0
736,6,161,NA,NA,NA,0
737,4,162,NA,NA,NA,0
738,4,162,NA,NA,NA,0
739,4,162,NA,NA,NA,0
740,4,162,NA,NA,NA,0
741,5,163,NA,NA,NA,0
742,5,163,NA,NA,NA,0
743,5,163,NA,NA,NA,0
744,5,163,NA,NA,NA,0
745,5,163,NA,NA,NA,0
746,4,164,NA,NA,NA,0
747,4,164,NA,NA,NA,0
748,4,164,NA,NA,NA,0
749,4,164,NA,NA,NA,0
750,6,165,NA,NA,NA,0
751,6,165,NA,NA,NA,0
752,6,165,NA,NA,NA,0
753,6,165,NA,NA,NA,0
754,6,165,NA,NA,NA,0
755,6,165,NA,NA,NA,0
756,4,166,NA,NA,NA,0
757,4,166,NA,NA,NA,0
758,4,166,NA,NA,NA,0
759,4,166,"E",187,3,0
760,5,167,NA,NA,NA,0
761,5,167,NA,NA,NA,0
762,5,167,NA,NA,NA,0
763,5,167,NA,NA,NA,0
764,5,167,NA,NA,NA,0
765,6,168,NA,NA,NA,0
766,6,168,NA,NA,NA,0
767,6,168,NA,NA,NA,0
768,6,168,NA,NA,NA,0
769,6,168,NA,NA,NA,0
770,6,168,NA,NA,NA,0
771,4,169,NA,NA,NA,0
772,4,169,NA,NA,NA,0
773,4,169,NA,NA,NA,0
774,4,169,NA,NA,NA,0
775,6,170,NA,NA,NA,0
776,6,170,NA,NA,NA,0
777,6,170,NA,NA,NA,0
778,6,170,NA,NA,NA,0
779,6,170,NA,NA,NA,0
780,6,170,NA,NA,NA,0
781,6,171,NA,NA,NA,0
782,6,171,NA,NA,NA,0
783,6,171,NA,NA,NA,0
784,6,171,NA,NA,NA,0
785,6,171,NA,NA,NA,0
786,6,171,NA,NA,NA,0
787,5,172,NA,NA,NA,0
788,5,172,NA,NA,NA,0
789,5,172,NA,NA,NA,0
790,5,172,NA,NA,NA,0
791,5,172,NA,NA,NA,0
792,3,173,NA,NA,NA,0
793,3,173,NA,NA,NA,0
794,3,173,NA,NA,NA,0
795,4,174,NA,NA,NA,0
796,4,174,NA,NA,NA,0
797,4,174,NA,NA,NA,0
798,4,174,NA,NA,NA,0
799,5,175,NA,NA,NA,0
800,5,175,NA,NA,NA,0
801,5,175,NA,NA,NA,0
802,5,175,NA,NA,NA,0
803,5,175,NA,NA,NA,0
804,6,176,NA,NA,NA,0
805,6,176,NA,NA,NA,0
806,6,176,NA,NA,NA,0
807,6,176,NA,NA,NA,0
808,6,176,NA,NA,NA,0
809,6,176,NA,NA,NA,0
810,6,177,NA,NA,NA,0
811,6,177,"E",99,5,1
812,6,177,NA,NA,NA,0
813,6,177,"H",167,3,0
814,6,177,"H",120,4,1
815,6,177,NA,NA,NA,0
816,3,178,NA,NA,NA,0
817,3,178,NA,NA,NA,0
818,3,178,NA,NA,NA,0
819,4,179,NA,NA,NA,0
820,4,179,NA,NA,NA,0
821,4,179,NA,NA,NA,0
822,4,179,NA,NA,NA,0
823,4,180,NA,NA,NA,0
824,4,180,NA,NA,NA,0
825,4,180,"E",113,3,0
826,4,180,NA,NA,NA,0
827,6,181,NA,NA,NA,0
828,6,181,NA,NA,NA,0
829,6,181,"E",119,5,0
830,6,181,NA,NA,NA,0
831,6,181,NA,NA,NA,0
832,6,181,NA,NA,NA,0
833,6,182,NA,NA,NA,0
834,6,182,NA,NA,NA,0
835,6,182,NA,NA,NA,0
836,6,182,NA,NA,NA,0
837,6,182,NA,NA,NA,0
838,6,182,NA,NA,NA,0
839,4,183,NA,NA,NA,0
840,4,183,NA,NA,NA,0
841,4,183,NA,NA,NA,0
842,4,183,NA,NA,NA,0
843,6,184,NA,NA,NA,0
844,6,184,NA,NA,NA,0
845,6,184,NA,NA,NA,0
846,6,184,NA,NA,NA,0
847,6,184,NA,NA,NA,0
848,6,184,NA,NA,NA,0
849,5,185,NA,NA,NA,0
850,5,185,NA,NA,NA,0
851,5,185,NA,NA,NA,0
852,5,185,NA,NA,NA,0
853,5,185,NA,NA,NA,0
854,4,186,NA,NA,NA,0
855,4,186,NA,NA,NA,0
856,4,186,NA,NA,NA,0
857,4,186,NA,NA,NA,0
858,6,187,NA,NA,NA,0
859,6,187,NA,NA,NA,0
860,6,187,NA,NA,NA,0
861,6,187,NA,NA,NA,0
862,6,187,NA,NA,NA,0
863,6,187,NA,NA,NA,0
864,4,188,NA,NA,NA,0
865,4,188,NA,NA,NA,0
866,4,188,NA,NA,NA,0
867,4,188,NA,NA,NA,0
868,5,189,NA,NA,NA,0
869,5,189,NA,NA,NA,0
870,5,189,NA,NA,NA,0
871,5,189,NA,NA,NA,0
872,5,189,NA,NA,NA,0
873,6,190,NA,NA,NA,0
874,6,190,NA,NA,NA,0
875,6,190,NA,NA,NA,0
876,6,190,NA,NA,NA,0
877,6,190,NA,NA,NA,0
878,6,190,NA,NA,NA,0
879,3,191,NA,NA,NA,0
880,3,191,NA,NA,NA,0
881,3,191,NA,NA,NA,0
882,4,192,NA,NA,NA,0
883,4,192,NA,NA,NA,0
884,4,192,NA,NA,NA,0
885,4,192,NA,NA,NA,0
886,5,193,NA,NA,NA,0
887,5,193,NA,NA,NA,0
888,5,193,NA,NA,NA,0
889,5,193,NA,NA,NA,0
890,5,193,NA,NA,NA,0
891,6,194,NA,NA,NA,0
892,6,194,NA,NA,NA,0
893,6,194,NA,NA,NA,0
894,6,194,NA,NA,NA,0
895,6,194,NA,NA,NA,0
896,6,194,NA,NA,NA,0
897,5,195,NA,NA,NA,0
898,5,195,NA,NA,NA,0
899,5,195,NA,NA,NA,0
900,5,195,NA,NA,NA,0
901,5,195,NA,NA,NA,0
902,3,196,NA,NA,NA,0
903,3,196,NA,NA,NA,0
904,3,196,NA,NA,NA,0
905,4,197,NA,NA,NA,0
906,4,197,NA,NA,NA,0
907,4,197,NA,NA,NA,0
908,4,197,NA,NA,NA,0
909,3,198,NA,NA,NA,0
910,3,198,NA,NA,NA,0
911,3,198,NA,NA,NA,0
912,5,199,NA,NA,NA,0
913,5,199,NA,NA,NA,0
914,5,199,NA,NA,NA,0
915,5,199,NA,NA,NA,0
916,5,199,NA,NA,NA,0
917,5,200,NA,NA,NA,0
918,5,200,NA,NA,NA,0
919,5,200,NA,NA,NA,0
920,5,200,NA,NA,NA,0
921,5,200,NA,NA,NA,0
922,4,201,NA,NA,NA,0
923,4,201,NA,NA,NA,0
924,4,201,NA,NA,NA,0
925,4,201,NA,NA,NA,0
926,4,202,NA,NA,NA,0
927,4,202,NA,NA,NA,0
928,4,202,NA,NA,NA,0
929,4,202,NA,NA,NA,0
930,3,203,NA,NA,NA,0
931,3,203,NA,NA,NA,0
932,3,203,NA,NA,NA,0
933,5,204,NA,NA,NA,0
934,5,204,NA,NA,NA,0
935,5,204,NA,NA,NA,0
936,5,204,NA,NA,NA,0
937,5,204,NA,NA,NA,0
938,4,205,NA,NA,NA,0
939,4,205,NA,NA,NA,0
940,4,205,"E",201,3,0
941,4,205,NA,NA,NA,0
942,6,206,NA,NA,NA,0
943,6,206,NA,NA,NA,0
944,6,206,NA,NA,NA,0
945,6,206,NA,NA,NA,0
946,6,206,NA,NA,NA,0
947,6,206,NA,NA,NA,0
948,3,207,NA,NA,NA,0
949,3,207,NA,NA,NA,0
950,3,207,NA,NA,NA,0
951,4,208,NA,NA,NA,0
952,4,208,NA,NA,NA,0
953,4,208,NA,NA,NA,0
954,4,208,NA,NA,NA,0
955,5,209,NA,NA,NA,0
956,5,209,NA,NA,NA,0
957,5,209,NA,NA,NA,0
958,5,209,NA,NA,NA,0
959,5,209,NA,NA,NA,0
960,5,210,NA,NA,NA,0
961,5,210,NA,NA,NA,0
962,5,210,"H",242,3,1
963,5,210,"H",270,2,0
964,5,210,"E",191,4,1
965,5,211,NA,NA,NA,0
966,5,211,NA,NA,NA,0
967,5,211,NA,NA,NA,0
968,5,211,NA,NA,NA,0
969,5,211,NA,NA,NA,0
970,6,212,NA,NA,NA,0
971,6,212,NA,NA,NA,0
972,6,212,NA,NA,NA,0
973,6,212,NA,NA,NA,0
974,6,212,NA,NA,NA,0
975,6,212,NA,NA,NA,0
976,4,213,NA,NA,NA,0
977,4,213,NA,NA,NA,0
978,4,213,NA,NA,NA,0
979,4,213,NA,NA,NA,0
980,4,214,NA,NA,NA,0
981,4,214,NA,NA,NA,0
982,4,214,NA,NA,NA,0
983,4,214,NA,NA,NA,0
984,4,215,NA,NA,NA,0
985,4,215,NA,NA,NA,0
986,4,215,NA,NA,NA,0
987,4,215,NA,NA,NA,0
988,5,216,NA,NA,NA,0
989,5,216,NA,NA,NA,0
990,5,216,NA,NA,NA,0
991,5,216,NA,NA,NA,0
992,5,216,NA,NA,NA,0
993,3,217,NA,NA,NA,0
994,3,217,NA,NA,NA,0
995,3,217,NA,NA,NA,0
996,5,218,NA,NA,NA,0
997,5,218,NA,NA,NA,0
998,5,218,NA,NA,NA,0
999,5,218,NA,NA,NA,0
1000,5,218,NA,NA,NA,0
