"ID","SIZE","HH","TYPE","TIME","S_NUM","I_NUM"
1,5,1,"0",47,4,2
2,5,1,"H",54,2,0
3,5,1,"H",NA,2,2
4,5,1,"H",NA,0,0
5,5,1,"H",NA,0,0
6,3,2,NA,NA,NA,0
7,3,2,NA,NA,NA,0
8,3,2,NA,NA,NA,0
9,6,3,NA,NA,NA,0
10,6,3,NA,NA,NA,0
11,6,3,NA,NA,NA,0
12,6,3,NA,NA,NA,0
13,6,3,NA,NA,NA,0
14,6,3,NA,NA,NA,0
15,4,4,"C",207,3,0
16,4,4,"C",NA,2,0
17,4,4,"C",353,1,0
18,4,4,NA,NA,NA,0
19,6,5,NA,NA,NA,0
20,6,5,"C",NA,NA,0
21,6,5,NA,NA,NA,0
22,6,5,"C",344,3,0
23,6,5,"C",NA,NA,0
24,6,5,"C",NA,NA,0
25,3,6,NA,NA,NA,0
26,3,6,NA,NA,NA,0
27,3,6,NA,NA,NA,0
28,3,7,"C",261,2,0
29,3,7,NA,NA,NA,0
30,3,7,NA,NA,NA,0
31,3,8,NA,NA,NA,0
32,3,8,NA,NA,NA,0
33,3,8,NA,NA,NA,0
34,5,9,"C",214,4,2
35,5,9,"H",243,2,0
36,5,9,NA,NA,NA,0
37,5,9,"H",276,1,0
38,5,9,"H",NA,2,1
39,6,10,"C",246,5,3
40,6,10,"H",NA,1,0
41,6,10,"H",292,1,0
42,6,10,"H",267,2,1
43,6,10,"H",NA,1,0
44,6,10,NA,NA,NA,0
45,6,11,"H",NA,NA,0
46,6,11,"H",350,3,2
47,6,11,"H",NA,NA,0
48,6,11,"H",NA,1,0
49,6,11,"C",331,5,2
50,6,11,NA,NA,NA,0
51,6,12,NA,NA,NA,0
52,6,12,NA,NA,NA,0
53,6,12,NA,NA,NA,0
54,6,12,NA,NA,NA,0
55,6,12,NA,NA,NA,0
56,6,12,NA,NA,NA,0
57,4,13,NA,NA,NA,0
58,4,13,NA,NA,NA,0
59,4,13,NA,NA,NA,0
60,4,13,NA,NA,NA,0
61,3,14,NA,NA,NA,0
62,3,14,"C",NA,NA,0
63,3,14,NA,NA,NA,0
64,6,15,NA,NA,NA,0
65,6,15,NA,NA,NA,0
66,6,15,"C",254,5,0
67,6,15,NA,NA,NA,0
68,6,15,NA,NA,NA,0
69,6,15,"C",354,4,0
70,5,16,"H",302,2,1
71,5,16,NA,NA,NA,0
72,5,16,"H",362,1,0
73,5,16,"C",NA,4,2
74,5,16,"H",NA,2,0
75,3,17,NA,NA,NA,0
76,3,17,NA,NA,NA,0
77,3,17,"C",NA,NA,0
78,3,18,NA,NA,NA,0
79,3,18,NA,NA,NA,0
80,3,18,NA,NA,NA,0
81,5,19,NA,NA,NA,0
82,5,19,NA,NA,NA,0
83,5,19,NA,NA,NA,0
84,5,19,NA,NA,NA,0
85,5,19,NA,NA,NA,0
86,6,20,NA,NA,NA,0
87,6,20,"C",NA,NA,0
88,6,20,"H",NA,NA,0
89,6,20,NA,NA,NA,0
90,6,20,"C",361,4,1
91,6,20,NA,NA,NA,0
92,6,21,NA,NA,NA,0
93,6,21,NA,NA,NA,0
94,6,21,"C",NA,NA,0
95,6,21,NA,NA,NA,0
96,6,21,NA,NA,NA,0
97,6,21,"C",NA,NA,0
98,3,22,NA,NA,NA,0
99,3,22,NA,NA,NA,0
100,3,22,NA,NA,NA,0
101,6,23,"C",299,1,1
102,6,23,"H",194,2,0
103,6,23,"H",NA,2,0
104,6,23,"C",NA,5,3
105,6,23,"H",NA,2,0
106,6,23,"H",344,0,0
107,6,24,"H",NA,NA,0
108,6,24,"C",346,5,1
109,6,24,NA,NA,NA,0
110,6,24,NA,NA,NA,0
111,6,24,NA,NA,NA,0
112,6,24,NA,NA,NA,0
113,5,25,"H",212,2,1
114,5,25,"H",NA,2,0
115,5,25,NA,NA,NA,0
116,5,25,"H",NA,1,0
117,5,25,"C",NA,4,2
118,4,26,NA,NA,NA,0
119,4,26,NA,NA,NA,0
120,4,26,NA,NA,NA,0
121,4,26,NA,NA,NA,0
122,6,27,NA,NA,NA,0
123,6,27,NA,NA,NA,0
124,6,27,NA,NA,NA,0
125,6,27,NA,NA,NA,0
126,6,27,NA,NA,NA,0
127,6,27,NA,NA,NA,0
128,4,28,NA,NA,NA,0
129,4,28,NA,NA,NA,0
130,4,28,NA,NA,NA,0
131,4,28,"C",176,3,0
132,6,29,NA,NA,NA,0
133,6,29,NA,NA,NA,0
134,6,29,NA,NA,NA,0
135,6,29,NA,NA,NA,0
136,6,29,NA,NA,NA,0
137,6,29,"C",NA,NA,0
138,3,30,NA,NA,NA,0
139,3,30,"C",NA,NA,0
140,3,30,NA,NA,NA,0
141,3,31,"C",178,2,0
142,3,31,"C",337,1,0
143,3,31,NA,NA,NA,0
144,5,32,NA,NA,NA,0
145,5,32,NA,NA,NA,0
146,5,32,"C",NA,NA,0
147,5,32,NA,NA,NA,0
148,5,32,NA,NA,NA,0
149,3,33,"C",NA,1,0
150,3,33,"C",NA,2,0
151,3,33,NA,NA,NA,0
152,3,34,NA,NA,NA,0
153,3,34,NA,NA,NA,0
154,3,34,NA,NA,NA,0
155,5,35,NA,NA,NA,0
156,5,35,NA,NA,NA,0
157,5,35,NA,NA,NA,0
158,5,35,NA,NA,NA,0
159,5,35,NA,NA,NA,0
160,5,36,NA,NA,NA,0
161,5,36,NA,NA,NA,0
162,5,36,NA,NA,NA,0
163,5,36,NA,NA,NA,0
164,5,36,"C",NA,NA,0
165,3,37,NA,NA,NA,0
166,3,37,NA,NA,NA,0
167,3,37,NA,NA,NA,0
168,5,38,NA,NA,NA,0
169,5,38,"C",NA,NA,0
170,5,38,NA,NA,NA,0
171,5,38,NA,NA,NA,0
172,5,38,NA,NA,NA,0
173,4,39,NA,NA,NA,0
174,4,39,NA,NA,NA,0
175,4,39,NA,NA,NA,0
176,4,39,NA,NA,NA,0
177,3,40,NA,NA,NA,0
178,3,40,"C",NA,2,0
179,3,40,NA,NA,NA,0
180,5,41,"C",345,4,2
181,5,41,"H",NA,NA,0
182,5,41,"H",NA,1,0
183,5,41,"C",NA,1,0
184,5,41,NA,NA,NA,0
185,3,42,"C",139,2,1
186,3,42,"H",NA,0,0
187,3,42,"H",NA,1,1
188,4,43,"H",NA,1,0
189,4,43,"C",323,3,2
190,4,43,"H",NA,NA,0
191,4,43,NA,NA,NA,0
192,3,44,"C",NA,NA,0
193,3,44,NA,NA,NA,0
194,3,44,NA,NA,NA,0
195,6,45,NA,NA,NA,0
196,6,45,NA,NA,NA,0
197,6,45,NA,NA,NA,0
198,6,45,NA,NA,NA,0
199,6,45,"C",NA,NA,0
200,6,45,NA,NA,NA,0
201,3,46,"H",339,0,0
202,3,46,"H",345,0,0
203,3,46,"C",NA,2,2
204,3,47,"H",NA,0,0
205,3,47,"C",327,0,0
206,3,47,"C",300,2,1
207,3,48,NA,NA,NA,0
208,3,48,NA,NA,NA,0
209,3,48,"C",NA,2,0
210,6,49,NA,NA,NA,0
211,6,49,NA,NA,NA,0
212,6,49,NA,NA,NA,0
213,6,49,NA,NA,NA,0
214,6,49,NA,NA,NA,0
215,6,49,NA,NA,NA,0
216,5,50,NA,NA,NA,0
217,5,50,NA,NA,NA,0
218,5,50,NA,NA,NA,0
219,5,50,NA,NA,NA,0
220,5,50,NA,NA,NA,0
221,6,51,NA,NA,NA,0
222,6,51,NA,NA,NA,0
223,6,51,"C",NA,NA,0
224,6,51,NA,NA,NA,0
225,6,51,NA,NA,NA,0
226,6,51,NA,NA,NA,0
227,6,52,NA,NA,NA,0
228,6,52,NA,NA,NA,0
229,6,52,"H",NA,3,0
230,6,52,"C",322,3,1
231,6,52,"C",NA,5,1
232,6,52,"H",NA,NA,0
233,5,53,"C",163,4,1
234,5,53,"H",222,3,2
235,5,53,"H",NA,1,0
236,5,53,"H",249,1,0
237,5,53,"C",331,0,0
238,6,54,"C",NA,5,1
239,6,54,"C",NA,3,2
240,6,54,"H",NA,0,0
241,6,54,"H",NA,1,1
242,6,54,"H",275,1,0
243,6,54,"H",298,1,0
244,3,55,NA,NA,NA,0
245,3,55,NA,NA,NA,0
246,3,55,NA,NA,NA,0
247,5,56,NA,NA,NA,0
248,5,56,NA,NA,NA,0
249,5,56,NA,NA,NA,0
250,5,56,NA,NA,NA,0
251,5,56,NA,NA,NA,0
252,4,57,NA,NA,NA,0
253,4,57,NA,NA,NA,0
254,4,57,NA,NA,NA,0
255,4,57,NA,NA,NA,0
256,3,58,NA,NA,NA,0
257,3,58,"C",NA,NA,0
258,3,58,NA,NA,NA,0
259,4,59,NA,NA,NA,0
260,4,59,NA,NA,NA,0
261,4,59,NA,NA,NA,0
262,4,59,NA,NA,NA,0
263,6,60,"C",NA,5,2
264,6,60,NA,NA,NA,0
265,6,60,NA,NA,NA,0
266,6,60,NA,NA,NA,0
267,6,60,"H",NA,3,0
268,6,60,"H",NA,NA,0
269,5,61,NA,NA,NA,0
270,5,61,NA,NA,NA,0
271,5,61,"H",310,2,0
272,5,61,"H",NA,2,0
273,5,61,"C",285,4,2
274,6,62,"H",132,2,1
275,6,62,"H",NA,1,1
276,6,62,"C",111,5,3
277,6,62,"H",208,0,0
278,6,62,"H",172,0,0
279,6,62,"H",144,1,0
280,4,63,NA,NA,NA,0
281,4,63,"C",185,3,0
282,4,63,NA,NA,NA,0
283,4,63,NA,NA,NA,0
284,4,64,"H",NA,2,0
285,4,64,"C",NA,NA,0
286,4,64,NA,NA,NA,0
287,4,64,"C",NA,3,1
288,3,65,NA,NA,NA,0
289,3,65,"C",356,2,1
290,3,65,"H",NA,NA,0
291,6,66,"C",344,5,1
292,6,66,NA,NA,NA,0
293,6,66,NA,NA,NA,0
294,6,66,"H",361,4,0
295,6,66,NA,NA,NA,0
296,6,66,NA,NA,NA,0
297,4,67,NA,NA,NA,0
298,4,67,NA,NA,NA,0
299,4,67,NA,NA,NA,0
300,4,67,"C",NA,NA,0
301,4,68,"C",260,1,1
302,4,68,"H",285,0,0
303,4,68,"C",196,2,1
304,4,68,"H",248,1,0
305,3,69,NA,NA,NA,0
306,3,69,NA,NA,NA,0
307,3,69,NA,NA,NA,0
308,4,70,NA,NA,NA,0
309,4,70,NA,NA,NA,0
310,4,70,NA,NA,NA,0
311,4,70,NA,NA,NA,0
312,3,71,NA,NA,NA,0
313,3,71,"C",NA,NA,0
314,3,71,NA,NA,NA,0
315,4,72,"H",229,1,0
316,4,72,"H",NA,2,1
317,4,72,NA,NA,NA,0
318,4,72,"C",NA,3,1
319,4,73,NA,NA,NA,0
320,4,73,NA,NA,NA,0
321,4,73,NA,NA,NA,0
322,4,73,"C",299,3,0
323,5,74,NA,NA,NA,0
324,5,74,"C",365,4,2
325,5,74,"H",NA,NA,0
326,5,74,NA,NA,NA,0
327,5,74,"H",NA,NA,0
328,6,75,NA,NA,NA,0
329,6,75,NA,NA,NA,0
330,6,75,"C",NA,5,0
331,6,75,NA,NA,NA,0
332,6,75,NA,NA,NA,0
333,6,75,NA,NA,NA,0
334,3,76,"C",NA,NA,0
335,3,76,"C",322,2,0
336,3,76,NA,NA,NA,0
337,3,77,NA,NA,NA,0
338,3,77,"C",NA,2,1
339,3,77,"H",NA,1,0
340,5,78,NA,NA,NA,0
341,5,78,NA,NA,NA,0
342,5,78,NA,NA,NA,0
343,5,78,NA,NA,NA,0
344,5,78,NA,NA,NA,0
345,6,79,"H",303,2,0
346,6,79,NA,NA,NA,0
347,6,79,"H",NA,NA,0
348,6,79,"H",NA,2,1
349,6,79,"C",NA,5,3
350,6,79,"H",302,2,0
351,4,80,NA,NA,NA,0
352,4,80,NA,NA,NA,0
353,4,80,NA,NA,NA,0
354,4,80,NA,NA,NA,0
355,5,81,NA,NA,NA,0
356,5,81,NA,NA,NA,0
357,5,81,"C",NA,NA,0
358,5,81,"C",NA,NA,0
359,5,81,NA,NA,NA,0
360,4,82,NA,NA,NA,0
361,4,82,NA,NA,NA,0
362,4,82,"C",NA,NA,0
363,4,82,NA,NA,NA,0
364,6,83,"C",340,0,0
365,6,83,"H",NA,0,0
366,6,83,"H",311,2,1
367,6,83,"H",314,2,0
368,6,83,"H",NA,1,0
369,6,83,"C",302,5,3
370,3,84,NA,NA,NA,0
371,3,84,NA,NA,NA,0
372,3,84,NA,NA,NA,0
373,3,85,"C",NA,NA,0
374,3,85,NA,NA,NA,0
375,3,85,NA,NA,NA,0
376,4,86,NA,NA,NA,0
377,4,86,NA,NA,NA,0
378,4,86,NA,NA,NA,0
379,4,86,NA,NA,NA,0
380,4,87,"C",283,3,1
381,4,87,NA,NA,NA,0
382,4,87,"H",NA,2,0
383,4,87,NA,NA,NA,0
384,4,88,NA,NA,NA,0
385,4,88,NA,NA,NA,0
386,4,88,"C",272,3,0
387,4,88,NA,NA,NA,0
388,4,89,"H",265,2,0
389,4,89,"H",317,0,0
390,4,89,"C",NA,3,1
391,4,89,"C",298,1,1
392,4,90,NA,NA,NA,0
393,4,90,NA,NA,NA,0
394,4,90,NA,NA,NA,0
395,4,90,NA,NA,NA,0
396,4,91,NA,NA,NA,0
397,4,91,"H",NA,NA,0
398,4,91,NA,NA,NA,0
399,4,91,"C",331,3,1
400,4,92,NA,NA,NA,0
401,4,92,NA,NA,NA,0
402,4,92,NA,NA,NA,0
403,4,92,NA,NA,NA,0
404,4,93,"C",NA,2,1
405,4,93,NA,NA,NA,0
406,4,93,"C",NA,2,0
407,4,93,"H",NA,1,0
408,6,94,"C",NA,5,0
409,6,94,"C",NA,NA,0
410,6,94,"C",NA,2,1
411,6,94,NA,NA,NA,0
412,6,94,"H",NA,NA,0
413,6,94,"C",NA,NA,0
414,6,95,"H",335,2,0
415,6,95,"H",350,2,0
416,6,95,NA,NA,NA,0
417,6,95,"C",NA,NA,0
418,6,95,"C",NA,5,3
419,6,95,"H",324,2,0
420,6,96,"H",276,0,0
421,6,96,"H",256,2,1
422,6,96,"H",NA,1,1
423,6,96,"C",244,5,3
424,6,96,"H",284,0,0
425,6,96,"H",318,0,0
426,3,97,"H",313,0,0
427,3,97,"C",284,2,2
428,3,97,"H",304,0,0
429,4,98,"H",351,2,1
430,4,98,"H",NA,NA,0
431,4,98,NA,NA,NA,0
432,4,98,"C",NA,3,1
433,5,99,NA,NA,NA,0
434,5,99,NA,NA,NA,0
435,5,99,NA,NA,NA,0
436,5,99,NA,NA,NA,0
437,5,99,NA,NA,NA,0
438,6,100,NA,NA,NA,0
439,6,100,NA,NA,NA,0
440,6,100,NA,NA,NA,0
441,6,100,NA,NA,NA,0
442,6,100,NA,NA,NA,0
443,6,100,NA,NA,NA,0
444,6,101,"C",NA,NA,0
445,6,101,NA,NA,NA,0
446,6,101,"C",NA,5,0
447,6,101,NA,NA,NA,0
448,6,101,NA,NA,NA,0
449,6,101,NA,NA,NA,0
450,5,102,"C",353,2,0
451,5,102,"C",NA,NA,0
452,5,102,NA,NA,NA,0
453,5,102,NA,NA,NA,0
454,5,102,"C",162,4,0
455,3,103,NA,NA,NA,0
456,3,103,NA,NA,NA,0
457,3,103,NA,NA,NA,0
458,4,104,NA,NA,NA,0
459,4,104,NA,NA,NA,0
460,4,104,NA,NA,NA,0
461,4,104,"C",332,3,0
462,5,105,NA,NA,NA,0
463,5,105,NA,NA,NA,0
464,5,105,"C",352,4,1
465,5,105,NA,NA,NA,0
466,5,105,"H",NA,NA,0
467,4,106,"C",NA,3,2
468,4,106,"H",342,1,0
469,4,106,"H",NA,NA,0
470,4,106,NA,NA,NA,0
471,6,107,NA,NA,NA,0
472,6,107,NA,NA,NA,0
473,6,107,NA,NA,NA,0
474,6,107,NA,NA,NA,0
475,6,107,NA,NA,NA,0
476,6,107,NA,NA,NA,0
477,5,108,"H",NA,0,0
478,5,108,"H",NA,NA,0
479,5,108,"C",NA,4,4
480,5,108,"H",NA,NA,0
481,5,108,"H",NA,NA,0
482,6,109,NA,NA,NA,0
483,6,109,"H",357,1,0
484,6,109,"C",NA,4,0
485,6,109,"H",366,1,0
486,6,109,"H",344,1,0
487,6,109,"C",NA,4,3
488,4,110,NA,NA,NA,0
489,4,110,"H",NA,NA,0
490,4,110,"C",NA,3,1
491,4,110,NA,NA,NA,0
492,4,111,"C",345,2,0
493,4,111,NA,NA,NA,0
494,4,111,"C",NA,2,0
495,4,111,NA,NA,NA,0
496,6,112,"C",NA,3,0
497,6,112,"C",NA,4,0
498,6,112,NA,NA,NA,0
499,6,112,"C",336,4,0
500,6,112,NA,NA,NA,0
501,6,112,NA,NA,NA,0
502,3,113,NA,NA,NA,0
503,3,113,NA,NA,NA,0
504,3,113,NA,NA,NA,0
505,5,114,NA,NA,NA,0
506,5,114,"C",348,3,1
507,5,114,"H",NA,NA,0
508,5,114,"C",354,3,0
509,5,114,NA,NA,NA,0
510,3,115,NA,NA,NA,0
511,3,115,NA,NA,NA,0
512,3,115,NA,NA,NA,0
513,6,116,"C",343,1,0
514,6,116,"H",211,4,0
515,6,116,NA,NA,NA,0
516,6,116,"C",NA,1,0
517,6,116,"C",186,5,1
518,6,116,"C",NA,2,0
519,6,117,NA,NA,NA,0
520,6,117,"H",NA,3,0
521,6,117,"C",303,5,2
522,6,117,NA,NA,NA,0
523,6,117,"H",335,3,0
524,6,117,NA,NA,NA,0
525,4,118,NA,NA,NA,0
526,4,118,"H",NA,2,1
527,4,118,"H",NA,NA,0
528,4,118,"C",324,3,1
529,5,119,"H",NA,2,0
530,5,119,"C",NA,4,2
531,5,119,NA,NA,NA,0
532,5,119,"H",NA,2,0
533,5,119,NA,NA,NA,0
534,3,120,NA,NA,NA,0
535,3,120,NA,NA,NA,0
536,3,120,NA,NA,NA,0
537,6,121,"H",NA,NA,0
538,6,121,NA,NA,NA,0
539,6,121,NA,NA,NA,0
540,6,121,"C",344,5,1
541,6,121,"C",NA,NA,0
542,6,121,NA,NA,NA,0
543,4,122,NA,NA,NA,0
544,4,122,NA,NA,NA,0
545,4,122,NA,NA,NA,0
546,4,122,"C",NA,NA,0
547,3,123,NA,NA,NA,0
548,3,123,NA,NA,NA,0
549,3,123,NA,NA,NA,0
550,6,124,"C",NA,4,0
551,6,124,NA,NA,NA,0
552,6,124,NA,NA,NA,0
553,6,124,"C",NA,4,0
554,6,124,NA,NA,NA,0
555,6,124,NA,NA,NA,0
556,5,125,"C",NA,NA,0
557,5,125,NA,NA,NA,0
558,5,125,"C",356,3,1
559,5,125,"H",NA,NA,0
560,5,125,NA,NA,NA,0
561,6,126,NA,NA,NA,0
562,6,126,"C",NA,5,0
563,6,126,NA,NA,NA,0
564,6,126,"H",338,3,0
565,6,126,NA,NA,NA,0
566,6,126,"C",NA,4,1
567,5,127,NA,NA,NA,0
568,5,127,NA,NA,NA,0
569,5,127,NA,NA,NA,0
570,5,127,"C",NA,NA,0
571,5,127,NA,NA,NA,0
572,5,128,"H",NA,1,0
573,5,128,"C",NA,4,2
574,5,128,"C",NA,1,0
575,5,128,"H",309,1,0
576,5,128,NA,NA,NA,0
577,6,129,NA,NA,NA,0
578,6,129,NA,NA,NA,0
579,6,129,NA,NA,NA,0
580,6,129,"C",NA,NA,0
581,6,129,NA,NA,NA,0
582,6,129,NA,NA,NA,0
583,3,130,NA,NA,NA,0
584,3,130,NA,NA,NA,0
585,3,130,NA,NA,NA,0
586,4,131,NA,NA,NA,0
587,4,131,"C",NA,3,0
588,4,131,NA,NA,NA,0
589,4,131,NA,NA,NA,0
590,6,132,"H",343,4,3
591,6,132,NA,NA,NA,0
592,6,132,"H",NA,NA,0
593,6,132,"H",NA,NA,0
594,6,132,"H",NA,1,0
595,6,132,"C",309,5,1
596,4,133,"C",348,3,2
597,4,133,"H",NA,NA,0
598,4,133,NA,NA,NA,0
599,4,133,"H",NA,NA,0
600,3,134,NA,NA,NA,0
601,3,134,NA,NA,NA,0
602,3,134,NA,NA,NA,0
603,6,135,NA,NA,NA,0
604,6,135,"H",277,2,0
605,6,135,NA,NA,NA,0
606,6,135,"H",NA,3,1
607,6,135,"H",291,2,0
608,6,135,"C",NA,5,2
609,5,136,NA,NA,NA,0
610,5,136,NA,NA,NA,0
611,5,136,NA,NA,NA,0
612,5,136,NA,NA,NA,0
613,5,136,NA,NA,NA,0
614,4,137,"H",NA,NA,0
615,4,137,NA,NA,NA,0
616,4,137,"C",NA,3,1
617,4,137,NA,NA,NA,0
618,6,138,NA,NA,NA,0
619,6,138,"C",NA,NA,0
620,6,138,NA,NA,NA,0
621,6,138,NA,NA,NA,0
622,6,138,NA,NA,NA,0
623,6,138,NA,NA,NA,0
624,5,139,NA,NA,NA,0
625,5,139,NA,NA,NA,0
626,5,139,NA,NA,NA,0
627,5,139,NA,NA,NA,0
628,5,139,NA,NA,NA,0
629,5,140,NA,NA,NA,0
630,5,140,"H",NA,NA,0
631,5,140,"C",291,4,1
632,5,140,"H",NA,3,0
633,5,140,"C",NA,2,1
634,3,141,NA,NA,NA,0
635,3,141,NA,NA,NA,0
636,3,141,NA,NA,NA,0
637,6,142,"C",312,5,1
638,6,142,NA,NA,NA,0
639,6,142,"H",NA,NA,0
640,6,142,"H",365,3,1
641,6,142,"H",NA,4,1
642,6,142,NA,NA,NA,0
643,4,143,"H",285,0,0
644,4,143,"H",302,0,0
645,4,143,"H",316,0,0
646,4,143,"C",NA,3,3
647,5,144,NA,NA,NA,0
648,5,144,NA,NA,NA,0
649,5,144,NA,NA,NA,0
650,5,144,NA,NA,NA,0
651,5,144,NA,NA,NA,0
652,6,145,NA,NA,NA,0
653,6,145,NA,NA,NA,0
654,6,145,NA,NA,NA,0
655,6,145,"C",NA,5,1
656,6,145,NA,NA,NA,0
657,6,145,"H",NA,NA,0
658,5,146,NA,NA,NA,0
659,5,146,"C",NA,NA,0
660,5,146,NA,NA,NA,0
661,5,146,NA,NA,NA,0
662,5,146,"C",360,3,0
663,6,147,NA,NA,NA,0
664,6,147,"H",357,2,0
665,6,147,NA,NA,NA,0
666,6,147,"C",NA,5,2
667,6,147,"H",NA,2,0
668,6,147,"C",NA,2,0
669,5,148,NA,NA,NA,0
670,5,148,NA,NA,NA,0
671,5,148,NA,NA,NA,0
672,5,148,NA,NA,NA,0
673,5,148,NA,NA,NA,0
674,5,149,NA,NA,NA,0
675,5,149,"C",NA,NA,0
676,5,149,NA,NA,NA,0
677,5,149,"C",NA,NA,0
678,5,149,"C",359,2,0
679,3,150,"H",NA,NA,0
680,3,150,NA,NA,NA,0
681,3,150,"C",341,2,1
682,3,151,"C",NA,NA,0
683,3,151,"C",366,0,0
684,3,151,"C",362,0,0
685,3,152,"H",NA,NA,0
686,3,152,NA,NA,NA,0
687,3,152,"C",349,2,1
688,4,153,NA,NA,NA,0
689,4,153,NA,NA,NA,0
690,4,153,NA,NA,NA,0
691,4,153,NA,NA,NA,0
692,4,154,NA,NA,NA,0
693,4,154,NA,NA,NA,0
694,4,154,NA,NA,NA,0
695,4,154,NA,NA,NA,0
696,5,155,NA,NA,NA,0
697,5,155,"H",NA,NA,0
698,5,155,"H",344,1,0
699,5,155,"C",NA,4,0
700,5,155,"C",NA,3,2
701,6,156,"C",NA,NA,0
702,6,156,NA,NA,NA,0
703,6,156,NA,NA,NA,0
704,6,156,NA,NA,NA,0
705,6,156,"C",NA,NA,0
706,6,156,"C",146,5,0
707,3,157,NA,NA,NA,0
708,3,157,NA,NA,NA,0
709,3,157,"C",294,2,0
710,3,158,NA,NA,NA,0
711,3,158,NA,NA,NA,0
712,3,158,NA,NA,NA,0
713,5,159,NA,NA,NA,0
714,5,159,"C",339,4,0
715,5,159,NA,NA,NA,0
716,5,159,NA,NA,NA,0
717,5,159,NA,NA,NA,0
718,4,160,NA,NA,NA,0
719,4,160,NA,NA,NA,0
720,4,160,"C",NA,2,0
721,4,160,"C",NA,NA,0
722,3,161,NA,NA,NA,0
723,3,161,NA,NA,NA,0
724,3,161,NA,NA,NA,0
725,6,162,"C",NA,NA,0
726,6,162,NA,NA,NA,0
727,6,162,NA,NA,NA,0
728,6,162,NA,NA,NA,0
729,6,162,NA,NA,NA,0
730,6,162,NA,NA,NA,0
731,6,163,NA,NA,NA,0
732,6,163,NA,NA,NA,0
733,6,163,NA,NA,NA,0
734,6,163,NA,NA,NA,0
735,6,163,NA,NA,NA,0
736,6,163,NA,NA,NA,0
737,4,164,"C",365,3,2
738,4,164,NA,NA,NA,0
739,4,164,"H",NA,NA,0
740,4,164,"H",NA,NA,0
741,5,165,NA,NA,NA,0
742,5,165,NA,NA,NA,0
743,5,165,NA,NA,NA,0
744,5,165,NA,NA,NA,0
745,5,165,"C",334,4,0
746,3,166,NA,NA,NA,0
747,3,166,NA,NA,NA,0
748,3,166,NA,NA,NA,0
749,3,167,NA,NA,NA,0
750,3,167,NA,NA,NA,0
751,3,167,NA,NA,NA,0
752,5,168,"C",336,3,1
753,5,168,"C",340,2,0
754,5,168,NA,NA,NA,0
755,5,168,"H",NA,1,0
756,5,168,"C",NA,NA,0
757,3,169,NA,NA,NA,0
758,3,169,NA,NA,NA,0
759,3,169,NA,NA,NA,0
760,4,170,NA,NA,NA,0
761,4,170,"C",354,3,1
762,4,170,NA,NA,NA,0
763,4,170,"H",NA,NA,0
764,4,171,"H",NA,NA,0
765,4,171,"H",340,1,1
766,4,171,"H",NA,2,1
767,4,171,"C",NA,3,1
768,5,172,NA,NA,NA,0
769,5,172,NA,NA,NA,0
770,5,172,"C",NA,4,0
771,5,172,NA,NA,NA,0
772,5,172,NA,NA,NA,0
773,6,173,"H",249,3,1
774,6,173,"H",NA,2,2
775,6,173,"H",313,0,0
776,6,173,"H",NA,0,0
777,6,173,"C",NA,5,2
778,6,173,"H",NA,0,0
779,5,174,"H",248,2,0
780,5,174,"H",NA,3,1
781,5,174,"C",185,4,1
782,5,174,NA,NA,NA,0
783,5,174,NA,NA,NA,0
784,3,175,NA,NA,NA,0
785,3,175,"C",NA,1,0
786,3,175,"C",330,1,0
787,4,176,NA,NA,NA,0
788,4,176,NA,NA,NA,0
789,4,176,NA,NA,NA,0
790,4,176,NA,NA,NA,0
791,4,177,NA,NA,NA,0
792,4,177,"C",NA,NA,0
793,4,177,"C",NA,NA,0
794,4,177,NA,NA,NA,0
795,5,178,"H",262,0,0
796,5,178,"H",297,0,0
797,5,178,"C",NA,4,1
798,5,178,"H",NA,0,0
799,5,178,"H",NA,3,3
800,3,179,NA,NA,NA,0
801,3,179,NA,NA,NA,0
802,3,179,NA,NA,NA,0
803,3,180,NA,NA,NA,0
804,3,180,NA,NA,NA,0
805,3,180,NA,NA,NA,0
806,3,181,NA,NA,NA,0
807,3,181,NA,NA,NA,0
808,3,181,NA,NA,NA,0
809,4,182,NA,NA,NA,0
810,4,182,"H",NA,NA,0
811,4,182,NA,NA,NA,0
812,4,182,"C",355,3,1
813,4,183,NA,NA,NA,0
814,4,183,NA,NA,NA,0
815,4,183,NA,NA,NA,0
816,4,183,NA,NA,NA,0
817,4,184,NA,NA,NA,0
818,4,184,NA,NA,NA,0
819,4,184,NA,NA,NA,0
820,4,184,NA,NA,NA,0
821,6,185,NA,NA,NA,0
822,6,185,NA,NA,NA,0
823,6,185,"C",NA,NA,0
824,6,185,NA,NA,NA,0
825,6,185,NA,NA,NA,0
826,6,185,NA,NA,NA,0
827,5,186,"H",NA,NA,0
828,5,186,NA,NA,NA,0
829,5,186,NA,NA,NA,0
830,5,186,"C",NA,4,1
831,5,186,NA,NA,NA,0
832,4,187,"C",350,3,0
833,4,187,NA,NA,NA,0
834,4,187,NA,NA,NA,0
835,4,187,NA,NA,NA,0
836,5,188,NA,NA,NA,0
837,5,188,"C",NA,NA,0
838,5,188,NA,NA,NA,0
839,5,188,NA,NA,NA,0
840,5,188,NA,NA,NA,0
841,5,189,"C",NA,4,0
842,5,189,"C",303,3,0
843,5,189,NA,NA,NA,0
844,5,189,NA,NA,NA,0
845,5,189,NA,NA,NA,0
846,5,190,NA,NA,NA,0
847,5,190,NA,NA,NA,0
848,5,190,NA,NA,NA,0
849,5,190,NA,NA,NA,0
850,5,190,NA,NA,NA,0
851,4,191,NA,NA,NA,0
852,4,191,NA,NA,NA,0
853,4,191,NA,NA,NA,0
854,4,191,NA,NA,NA,0
855,6,192,NA,NA,NA,0
856,6,192,NA,NA,NA,0
857,6,192,NA,NA,NA,0
858,6,192,"C",329,4,0
859,6,192,NA,NA,NA,0
860,6,192,"C",NA,4,0
861,4,193,"C",355,0,0
862,4,193,"H",NA,1,0
863,4,193,"H",NA,1,0
864,4,193,"C",NA,3,2
865,4,194,"C",NA,NA,0
866,4,194,NA,NA,NA,0
867,4,194,NA,NA,NA,0
868,4,194,NA,NA,NA,0
869,5,195,"C",360,4,2
870,5,195,NA,NA,NA,0
871,5,195,NA,NA,NA,0
872,5,195,"H",NA,NA,0
873,5,195,"H",NA,NA,0
874,3,196,NA,NA,NA,0
875,3,196,NA,NA,NA,0
876,3,196,NA,NA,NA,0
877,3,197,NA,NA,NA,0
878,3,197,NA,NA,NA,0
879,3,197,NA,NA,NA,0
880,5,198,"H",NA,NA,0
881,5,198,NA,NA,NA,0
882,5,198,"C",NA,NA,0
883,5,198,"C",NA,4,1
884,5,198,NA,NA,NA,0
885,5,199,"C",NA,0,0
886,5,199,"H",171,2,1
887,5,199,"H",186,1,0
888,5,199,"H",201,1,0
889,5,199,"C",NA,4,2
890,5,200,NA,NA,NA,0
891,5,200,"C",352,4,2
892,5,200,"H",NA,NA,0
893,5,200,"H",NA,NA,0
894,5,200,NA,NA,NA,0
895,6,201,NA,NA,NA,0
896,6,201,NA,NA,NA,0
897,6,201,NA,NA,NA,0
898,6,201,NA,NA,NA,0
899,6,201,NA,NA,NA,0
900,6,201,NA,NA,NA,0
901,6,202,"H",NA,1,1
902,6,202,"C",351,0,0
903,6,202,"C",289,4,1
904,6,202,"C",298,3,0
905,6,202,"H",351,0,0
906,6,202,"H",NA,3,1
907,4,203,"C",314,3,1
908,4,203,"H",NA,NA,0
909,4,203,NA,NA,NA,0
910,4,203,"H",345,2,1
911,3,204,NA,NA,NA,0
912,3,204,"C",137,2,0
913,3,204,NA,NA,NA,0
914,5,205,NA,NA,NA,0
915,5,205,NA,NA,NA,0
916,5,205,NA,NA,NA,0
917,5,205,NA,NA,NA,0
918,5,205,NA,NA,NA,0
919,5,206,"H",NA,3,1
920,5,206,"C",371,0,0
921,5,206,"H",NA,2,1
922,5,206,"C",91,4,1
923,5,206,"H",NA,1,0
924,6,207,NA,NA,NA,0
925,6,207,NA,NA,NA,0
926,6,207,NA,NA,NA,0
927,6,207,NA,NA,NA,0
928,6,207,NA,NA,NA,0
929,6,207,NA,NA,NA,0
930,3,208,"C",NA,2,0
931,3,208,NA,NA,NA,0
932,3,208,NA,NA,NA,0
933,5,209,NA,NA,NA,0
934,5,209,"C",312,4,0
935,5,209,NA,NA,NA,0
936,5,209,NA,NA,NA,0
937,5,209,NA,NA,NA,0
938,6,210,NA,NA,NA,0
939,6,210,NA,NA,NA,0
940,6,210,NA,NA,NA,0
941,6,210,NA,NA,NA,0
942,6,210,NA,NA,NA,0
943,6,210,NA,NA,NA,0
944,6,211,"C",NA,NA,0
945,6,211,"H",351,3,1
946,6,211,"C",NA,5,1
947,6,211,"H",NA,NA,0
948,6,211,NA,NA,NA,0
949,6,211,NA,NA,NA,0
950,3,212,NA,NA,NA,0
951,3,212,"C",352,2,1
952,3,212,"H",NA,NA,0
953,6,213,NA,NA,NA,0
954,6,213,NA,NA,NA,0
955,6,213,NA,NA,NA,0
956,6,213,NA,NA,NA,0
957,6,213,NA,NA,NA,0
958,6,213,NA,NA,NA,0
959,5,214,NA,NA,NA,0
960,5,214,NA,NA,NA,0
961,5,214,NA,NA,NA,0
962,5,214,NA,NA,NA,0
963,5,214,NA,NA,NA,0
964,6,215,NA,NA,NA,0
965,6,215,"H",NA,NA,0
966,6,215,"C",333,5,1
967,6,215,NA,NA,NA,0
968,6,215,NA,NA,NA,0
969,6,215,NA,NA,NA,0
970,3,216,"C",NA,2,0
971,3,216,"C",NA,NA,0
972,3,216,NA,NA,NA,0
973,5,217,"C",NA,4,0
974,5,217,"H",NA,NA,0
975,5,217,"H",NA,NA,0
976,5,217,"C",NA,3,2
977,5,217,NA,NA,NA,0
978,6,218,NA,NA,NA,0
979,6,218,NA,NA,NA,0
980,6,218,NA,NA,NA,0
981,6,218,NA,NA,NA,0
982,6,218,NA,NA,NA,0
983,6,218,NA,NA,NA,0
984,5,219,NA,NA,NA,0
985,5,219,"C",NA,NA,0
986,5,219,"C",NA,NA,0
987,5,219,"C",257,4,0
988,5,219,NA,NA,NA,0
989,4,220,"C",NA,2,0
990,4,220,NA,NA,NA,0
991,4,220,"C",NA,3,0
992,4,220,"C",NA,NA,0
993,3,221,NA,NA,NA,0
994,3,221,NA,NA,NA,0
995,3,221,NA,NA,NA,0
996,5,222,NA,NA,NA,0
997,5,222,NA,NA,NA,0
998,5,222,NA,NA,NA,0
999,5,222,NA,NA,NA,0
1000,5,222,"C",NA,NA,0
