"ID","SIZE","HH","TYPE","TIME","S_NUM","I_NUM"
1,5,1,"0",NA,NA,0
2,5,1,NA,NA,NA,0
3,5,1,"E",128,3,0
4,5,1,NA,NA,NA,0
5,5,1,"E",223,2,0
6,3,2,NA,NA,NA,0
7,3,2,NA,NA,NA,0
8,3,2,NA,NA,NA,0
9,3,3,NA,NA,NA,0
10,3,3,NA,NA,NA,0
11,3,3,NA,NA,NA,0
12,6,4,"C",262,5,0
13,6,4,NA,NA,NA,0
14,6,4,NA,NA,NA,0
15,6,4,NA,NA,NA,0
16,6,4,NA,NA,NA,0
17,6,4,NA,NA,NA,0
18,6,5,NA,NA,NA,0
19,6,5,"E",67,5,1
20,6,5,"H",135,1,0
21,6,5,"H",105,2,1
22,6,5,"H",113,1,0
23,6,5,"H",89,4,2
24,4,6,"E",268,3,1
25,4,6,NA,NA,NA,0
26,4,6,"H",312,2,0
27,4,6,NA,NA,NA,0
28,5,7,NA,NA,NA,0
29,5,7,NA,NA,NA,0
30,5,7,NA,NA,NA,0
31,5,7,NA,NA,NA,0
32,5,7,NA,NA,NA,0
33,5,8,"C",98,4,0
34,5,8,NA,NA,NA,0
35,5,8,NA,NA,NA,0
36,5,8,NA,NA,NA,0
37,5,8,NA,NA,NA,0
38,5,9,"E",241,3,1
39,5,9,"E",64,4,0
40,5,9,"H",343,1,0
41,5,9,NA,NA,NA,0
42,5,9,"H",297,2,1
43,6,10,NA,NA,NA,0
44,6,10,NA,NA,NA,0
45,6,10,"E",165,5,0
46,6,10,NA,NA,NA,0
47,6,10,NA,NA,NA,0
48,6,10,NA,NA,NA,0
49,3,11,NA,NA,NA,0
50,3,11,NA,NA,NA,0
51,3,11,NA,NA,NA,0
52,3,12,"E",320,1,0
53,3,12,"E",130,2,0
54,3,12,NA,NA,NA,0
55,4,13,NA,NA,NA,0
56,4,13,NA,NA,NA,0
57,4,13,"E",35,3,0
58,4,13,"E",330,2,0
59,4,14,NA,NA,NA,0
60,4,14,NA,NA,NA,0
61,4,14,NA,NA,NA,0
62,4,14,"E",106,3,0
63,5,15,"H",161,3,0
64,5,15,"E",136,4,1
65,5,15,NA,NA,NA,0
66,5,15,"E",NA,NA,0
67,5,15,NA,NA,NA,0
68,3,16,NA,NA,NA,0
69,3,16,NA,NA,NA,0
70,3,16,NA,NA,NA,0
71,4,17,"E",NA,NA,0
72,4,17,"E",275,2,0
73,4,17,NA,NA,NA,0
74,4,17,"E",94,3,0
75,4,18,NA,NA,NA,0
76,4,18,NA,NA,NA,0
77,4,18,"E",105,3,0
78,4,18,NA,NA,NA,0
79,5,19,"E",204,4,0
80,5,19,NA,NA,NA,0
81,5,19,NA,NA,NA,0
82,5,19,NA,NA,NA,0
83,5,19,NA,NA,NA,0
84,3,20,NA,NA,NA,0
85,3,20,"E",204,1,0
86,3,20,"E",214,1,0
87,5,21,NA,NA,NA,0
88,5,21,NA,NA,NA,0
89,5,21,NA,NA,NA,0
90,5,21,NA,NA,NA,0
91,5,21,NA,NA,NA,0
92,3,22,"E",14,2,0
93,3,22,NA,NA,NA,0
94,3,22,"E",127,1,0
95,4,23,"E",61,3,0
96,4,23,NA,NA,NA,0
97,4,23,NA,NA,NA,0
98,4,23,"E",126,2,0
99,5,24,NA,NA,NA,0
100,5,24,NA,NA,NA,0
101,5,24,"E",198,4,0
102,5,24,NA,NA,NA,0
103,5,24,NA,NA,NA,0
104,5,25,"H",256,3,0
105,5,25,NA,NA,NA,0
106,5,25,"E",220,4,1
107,5,25,NA,NA,NA,0
108,5,25,NA,NA,NA,0
109,4,26,NA,NA,NA,0
110,4,26,NA,NA,NA,0
111,4,26,NA,NA,NA,0
112,4,26,NA,NA,NA,0
113,6,27,"E",64,5,0
114,6,27,NA,NA,NA,0
115,6,27,NA,NA,NA,0
116,6,27,NA,NA,NA,0
117,6,27,NA,NA,NA,0
118,6,27,NA,NA,NA,0
119,5,28,NA,NA,NA,0
120,5,28,"E",194,4,1
121,5,28,"H",215,3,0
122,5,28,NA,NA,NA,0
123,5,28,"E",278,2,0
124,6,29,NA,NA,NA,0
125,6,29,NA,NA,NA,0
126,6,29,"E",68,4,0
127,6,29,"E",65,4,0
128,6,29,NA,NA,NA,0
129,6,29,NA,NA,NA,0
130,3,30,"H",251,0,0
131,3,30,"E",118,2,0
132,3,30,"E",233,1,1
133,4,31,NA,NA,NA,0
134,4,31,NA,NA,NA,0
135,4,31,"E",286,3,0
136,4,31,NA,NA,NA,0
137,5,32,"H",287,3,0
138,5,32,NA,NA,NA,0
139,5,32,NA,NA,NA,0
140,5,32,"E",207,4,1
141,5,32,NA,NA,NA,0
142,6,33,NA,NA,NA,0
143,6,33,"H",179,4,2
144,6,33,"H",219,2,0
145,6,33,NA,NA,NA,0
146,6,33,"H",212,2,0
147,6,33,"E",165,5,1
148,4,34,NA,NA,NA,0
149,4,34,NA,NA,NA,0
150,4,34,"E",188,3,0
151,4,34,NA,NA,NA,0
152,3,35,NA,NA,NA,0
153,3,35,NA,NA,NA,0
154,3,35,NA,NA,NA,0
155,3,36,NA,NA,NA,0
156,3,36,NA,NA,NA,0
157,3,36,"E",319,2,0
158,4,37,NA,NA,NA,0
159,4,37,NA,NA,NA,0
160,4,37,NA,NA,NA,0
161,4,37,NA,NA,NA,0
162,3,38,NA,NA,NA,0
163,3,38,"E",148,2,0
164,3,38,NA,NA,NA,0
165,4,39,NA,NA,NA,0
166,4,39,"E",233,2,0
167,4,39,"E",170,2,0
168,4,39,"E",284,1,0
169,6,40,NA,NA,NA,0
170,6,40,NA,NA,NA,0
171,6,40,NA,NA,NA,0
172,6,40,"E",276,5,0
173,6,40,NA,NA,NA,0
174,6,40,NA,NA,NA,0
175,6,41,NA,NA,NA,0
176,6,41,NA,NA,NA,0
177,6,41,NA,NA,NA,0
178,6,41,NA,NA,NA,0
179,6,41,NA,NA,NA,0
180,6,41,"E",51,5,0
181,4,42,NA,NA,NA,0
182,4,42,NA,NA,NA,0
183,4,42,NA,NA,NA,0
184,4,42,NA,NA,NA,0
185,5,43,NA,NA,NA,0
186,5,43,NA,NA,NA,0
187,5,43,NA,NA,NA,0
188,5,43,NA,NA,NA,0
189,5,43,NA,NA,NA,0
190,5,44,"E",63,4,0
191,5,44,NA,NA,NA,0
192,5,44,"E",214,3,0
193,5,44,"E",240,2,0
194,5,44,NA,NA,NA,0
195,5,45,NA,NA,NA,0
196,5,45,NA,NA,NA,0
197,5,45,NA,NA,NA,0
198,5,45,NA,NA,NA,0
199,5,45,"E",238,4,0
200,3,46,NA,NA,NA,0
201,3,46,NA,NA,NA,0
202,3,46,NA,NA,NA,0
203,5,47,"E",277,1,0
204,5,47,"H",134,2,0
205,5,47,NA,NA,NA,0
206,5,47,"E",60,4,1
207,5,47,"H",90,3,1
208,6,48,NA,NA,NA,0
209,6,48,NA,NA,NA,0
210,6,48,NA,NA,NA,0
211,6,48,"E",NA,NA,0
212,6,48,"E",263,5,0
213,6,48,NA,NA,NA,0
214,5,49,NA,NA,NA,0
215,5,49,"H",234,3,0
216,5,49,"E",207,4,1
217,5,49,"E",359,2,0
218,5,49,NA,NA,NA,0
219,3,50,NA,NA,NA,0
220,3,50,NA,NA,NA,0
221,3,50,NA,NA,NA,0
222,6,51,NA,NA,NA,0
223,6,51,NA,NA,NA,0
224,6,51,"E",37,5,0
225,6,51,NA,NA,NA,0
226,6,51,NA,NA,NA,0
227,6,51,NA,NA,NA,0
228,3,52,"E",NA,NA,0
229,3,52,NA,NA,NA,0
230,3,52,"E",69,2,0
231,6,53,NA,NA,NA,0
232,6,53,NA,NA,NA,0
233,6,53,NA,NA,NA,0
234,6,53,NA,NA,NA,0
235,6,53,NA,NA,NA,0
236,6,53,NA,NA,NA,0
237,3,54,NA,NA,NA,0
238,3,54,NA,NA,NA,0
239,3,54,"E",269,2,0
240,5,55,"E",NA,NA,0
241,5,55,"E",246,4,0
242,5,55,"E",352,3,0
243,5,55,NA,NA,NA,0
244,5,55,NA,NA,NA,0
245,3,56,"E",325,1,0
246,3,56,"E",NA,NA,0
247,3,56,NA,NA,NA,0
248,5,57,NA,NA,NA,0
249,5,57,NA,NA,NA,0
250,5,57,"E",197,4,0
251,5,57,NA,NA,NA,0
252,5,57,NA,NA,NA,0
253,4,58,"E",213,3,1
254,4,58,NA,NA,NA,0
255,4,58,NA,NA,NA,0
256,4,58,"H",233,2,0
257,6,59,NA,NA,NA,0
258,6,59,NA,NA,NA,0
259,6,59,NA,NA,NA,0
260,6,59,NA,NA,NA,0
261,6,59,NA,NA,NA,0
262,6,59,NA,NA,NA,0
263,3,60,NA,NA,NA,0
264,3,60,NA,NA,NA,0
265,3,60,NA,NA,NA,0
266,4,61,"E",235,2,0
267,4,61,NA,NA,NA,0
268,4,61,NA,NA,NA,0
269,4,61,"E",172,2,0
270,4,62,NA,NA,NA,0
271,4,62,NA,NA,NA,0
272,4,62,NA,NA,NA,0
273,4,62,NA,NA,NA,0
274,3,63,NA,NA,NA,0
275,3,63,NA,NA,NA,0
276,3,63,"E",77,2,0
277,3,64,NA,NA,NA,0
278,3,64,"E",238,2,0
279,3,64,NA,NA,NA,0
280,6,65,NA,NA,NA,0
281,6,65,"E",NA,NA,0
282,6,65,"E",108,4,1
283,6,65,"H",140,3,0
284,6,65,"E",147,3,0
285,6,65,NA,NA,NA,0
286,6,66,"E",61,5,0
287,6,66,NA,NA,NA,0
288,6,66,"E",235,4,0
289,6,66,NA,NA,NA,0
290,6,66,NA,NA,NA,0
291,6,66,NA,NA,NA,0
292,6,67,"E",204,4,2
293,6,67,NA,NA,NA,0
294,6,67,"H",234,1,0
295,6,67,"H",253,1,0
296,6,67,"E",200,4,0
297,6,67,"H",218,2,1
298,6,68,"E",358,2,0
299,6,68,"E",216,5,1
300,6,68,"H",258,4,1
301,6,68,"H",282,3,0
302,6,68,NA,NA,NA,0
303,6,68,NA,NA,NA,0
304,5,69,NA,NA,NA,0
305,5,69,NA,NA,NA,0
306,5,69,"H",325,3,0
307,5,69,"E",288,4,1
308,5,69,NA,NA,NA,0
309,6,70,NA,NA,NA,0
310,6,70,NA,NA,NA,0
311,6,70,"E",254,4,0
312,6,70,NA,NA,NA,0
313,6,70,NA,NA,NA,0
314,6,70,"E",179,5,0
315,3,71,"E",172,2,0
316,3,71,NA,NA,NA,0
317,3,71,NA,NA,NA,0
318,6,72,"E",361,5,0
319,6,72,NA,NA,NA,0
320,6,72,NA,NA,NA,0
321,6,72,NA,NA,NA,0
322,6,72,NA,NA,NA,0
323,6,72,NA,NA,NA,0
324,5,73,NA,NA,NA,0
325,5,73,NA,NA,NA,0
326,5,73,NA,NA,NA,0
327,5,73,NA,NA,NA,0
328,5,73,NA,NA,NA,0
329,4,74,"E",NA,NA,0
330,4,74,NA,NA,NA,0
331,4,74,"E",NA,NA,0
332,4,74,NA,NA,NA,0
333,6,75,NA,NA,NA,0
334,6,75,"E",229,5,0
335,6,75,NA,NA,NA,0
336,6,75,NA,NA,NA,0
337,6,75,"E",285,4,0
338,6,75,NA,NA,NA,0
339,3,76,NA,NA,NA,0
340,3,76,NA,NA,NA,0
341,3,76,NA,NA,NA,0
342,5,77,NA,NA,NA,0
343,5,77,NA,NA,NA,0
344,5,77,NA,NA,NA,0
345,5,77,NA,NA,NA,0
346,5,77,NA,NA,NA,0
347,4,78,NA,NA,NA,0
348,4,78,NA,NA,NA,0
349,4,78,NA,NA,NA,0
350,4,78,NA,NA,NA,0
351,4,79,"E",297,1,0
352,4,79,NA,NA,NA,0
353,4,79,"E",52,3,0
354,4,79,"E",156,2,0
355,3,80,NA,NA,NA,0
356,3,80,NA,NA,NA,0
357,3,80,"E",68,2,0
358,4,81,NA,NA,NA,0
359,4,81,"E",88,3,0
360,4,81,"E",323,2,1
361,4,81,"H",349,1,0
362,6,82,NA,NA,NA,0
363,6,82,NA,NA,NA,0
364,6,82,NA,NA,NA,0
365,6,82,NA,NA,NA,0
366,6,82,NA,NA,NA,0
367,6,82,"E",62,5,0
368,3,83,"E",112,2,0
369,3,83,NA,NA,NA,0
370,3,83,NA,NA,NA,0
371,3,84,NA,NA,NA,0
372,3,84,"E",365,1,0
373,3,84,"E",45,2,0
374,4,85,NA,NA,NA,0
375,4,85,"E",NA,NA,0
376,4,85,NA,NA,NA,0
377,4,85,"E",154,3,0
378,6,86,NA,NA,NA,0
379,6,86,NA,NA,NA,0
380,6,86,NA,NA,NA,0
381,6,86,NA,NA,NA,0
382,6,86,"E",34,5,0
383,6,86,"E",215,4,0
384,3,87,NA,NA,NA,0
385,3,87,NA,NA,NA,0
386,3,87,NA,NA,NA,0
387,6,88,"H",274,3,0
388,6,88,NA,NA,NA,0
389,6,88,"E",218,4,0
390,6,88,"E",NA,NA,0
391,6,88,NA,NA,NA,0
392,6,88,"E",244,4,1
393,3,89,NA,NA,NA,0
394,3,89,NA,NA,NA,0
395,3,89,NA,NA,NA,0
396,6,90,NA,NA,NA,0
397,6,90,NA,NA,NA,0
398,6,90,NA,NA,NA,0
399,6,90,NA,NA,NA,0
400,6,90,NA,NA,NA,0
401,6,90,NA,NA,NA,0
402,3,91,NA,NA,NA,0
403,3,91,"C",129,2,0
404,3,91,"E",316,1,0
405,5,92,"E",189,2,0
406,5,92,"E",84,4,0
407,5,92,"E",133,3,0
408,5,92,NA,NA,NA,0
409,5,92,NA,NA,NA,0
410,4,93,NA,NA,NA,0
411,4,93,NA,NA,NA,0
412,4,93,"E",122,3,0
413,4,93,NA,NA,NA,0
414,3,94,"E",311,2,0
415,3,94,NA,NA,NA,0
416,3,94,NA,NA,NA,0
417,3,95,"E",257,2,0
418,3,95,NA,NA,NA,0
419,3,95,NA,NA,NA,0
420,6,96,"E",34,5,0
421,6,96,NA,NA,NA,0
422,6,96,NA,NA,NA,0
423,6,96,"E",211,4,0
424,6,96,NA,NA,NA,0
425,6,96,NA,NA,NA,0
426,3,97,"E",NA,NA,0
427,3,97,NA,NA,NA,0
428,3,97,NA,NA,NA,0
429,6,98,NA,NA,NA,0
430,6,98,NA,NA,NA,0
431,6,98,NA,NA,NA,0
432,6,98,NA,NA,NA,0
433,6,98,NA,NA,NA,0
434,6,98,NA,NA,NA,0
435,3,99,NA,NA,NA,0
436,3,99,"E",23,2,0
437,3,99,NA,NA,NA,0
438,3,100,"E",34,2,0
439,3,100,"E",337,0,0
440,3,100,"E",146,1,0
441,6,101,NA,NA,NA,0
442,6,101,"H",254,2,0
443,6,101,"E",204,3,1
444,6,101,"C",153,5,1
445,6,101,"H",193,3,0
446,6,101,NA,NA,NA,0
447,6,102,NA,NA,NA,0
448,6,102,"E",185,5,0
449,6,102,"E",299,4,0
450,6,102,"E",NA,NA,0
451,6,102,NA,NA,NA,0
452,6,102,NA,NA,NA,0
453,3,103,"E",NA,NA,0
454,3,103,"E",228,2,0
455,3,103,NA,NA,NA,0
456,5,104,NA,NA,NA,0
457,5,104,"E",NA,NA,0
458,5,104,NA,NA,NA,0
459,5,104,NA,NA,NA,0
460,5,104,NA,NA,NA,0
461,3,105,"E",154,2,0
462,3,105,NA,NA,NA,0
463,3,105,NA,NA,NA,0
464,5,106,NA,NA,NA,0
465,5,106,NA,NA,NA,0
466,5,106,NA,NA,NA,0
467,5,106,NA,NA,NA,0
468,5,106,NA,NA,NA,0
469,4,107,NA,NA,NA,0
470,4,107,NA,NA,NA,0
471,4,107,NA,NA,NA,0
472,4,107,NA,NA,NA,0
473,4,108,NA,NA,NA,0
474,4,108,"E",144,3,0
475,4,108,NA,NA,NA,0
476,4,108,NA,NA,NA,0
477,6,109,NA,NA,NA,0
478,6,109,NA,NA,NA,0
479,6,109,NA,NA,NA,0
480,6,109,NA,NA,NA,0
481,6,109,NA,NA,NA,0
482,6,109,NA,NA,NA,0
483,5,110,NA,NA,NA,0
484,5,110,NA,NA,NA,0
485,5,110,NA,NA,NA,0
486,5,110,"E",92,4,0
487,5,110,NA,NA,NA,0
488,6,111,"E",144,5,0
489,6,111,NA,NA,NA,0
490,6,111,NA,NA,NA,0
491,6,111,NA,NA,NA,0
492,6,111,"E",309,3,0
493,6,111,"E",298,3,0
494,5,112,NA,NA,NA,0
495,5,112,NA,NA,NA,0
496,5,112,NA,NA,NA,0
497,5,112,NA,NA,NA,0
498,5,112,NA,NA,NA,0
499,5,113,"E",250,3,0
500,5,113,NA,NA,NA,0
501,5,113,NA,NA,NA,0
502,5,113,"E",25,4,0
503,5,113,"E",320,2,0
504,4,114,NA,NA,NA,0
505,4,114,NA,NA,NA,0
506,4,114,NA,NA,NA,0
507,4,114,NA,NA,NA,0
508,6,115,"H",NA,NA,0
509,6,115,"E",297,3,1
510,6,115,"E",63,5,0
511,6,115,"H",349,1,1
512,6,115,"E",324,1,0
513,6,115,"E",137,4,0
514,6,116,NA,NA,NA,0
515,6,116,NA,NA,NA,0
516,6,116,NA,NA,NA,0
517,6,116,NA,NA,NA,0
518,6,116,NA,NA,NA,0
519,6,116,"E",223,5,0
520,4,117,NA,NA,NA,0
521,4,117,NA,NA,NA,0
522,4,117,"E",72,3,0
523,4,117,NA,NA,NA,0
524,5,118,NA,NA,NA,0
525,5,118,NA,NA,NA,0
526,5,118,NA,NA,NA,0
527,5,118,NA,NA,NA,0
528,5,118,NA,NA,NA,0
529,6,119,"H",231,1,0
530,6,119,"E",186,3,2
531,6,119,"H",242,1,0
532,6,119,"E",53,5,1
533,6,119,NA,NA,NA,0
534,6,119,"H",96,4,0
535,3,120,NA,NA,NA,0
536,3,120,NA,NA,NA,0
537,3,120,NA,NA,NA,0
538,5,121,NA,NA,NA,0
539,5,121,NA,NA,NA,0
540,5,121,NA,NA,NA,0
541,5,121,NA,NA,NA,0
542,5,121,NA,NA,NA,0
543,3,122,NA,NA,NA,0
544,3,122,"H",53,1,0
545,3,122,"E",33,2,1
546,4,123,NA,NA,NA,0
547,4,123,"E",143,3,0
548,4,123,NA,NA,NA,0
549,4,123,NA,NA,NA,0
550,4,124,NA,NA,NA,0
551,4,124,NA,NA,NA,0
552,4,124,"E",132,3,0
553,4,124,NA,NA,NA,0
554,6,125,NA,NA,NA,0
555,6,125,"H",122,3,0
556,6,125,NA,NA,NA,0
557,6,125,"E",NA,NA,0
558,6,125,"H",94,4,1
559,6,125,"E",67,5,1
560,4,126,NA,NA,NA,0
561,4,126,NA,NA,NA,0
562,4,126,NA,NA,NA,0
563,4,126,NA,NA,NA,0
564,5,127,"E",154,2,0
565,5,127,"E",104,4,0
566,5,127,"E",173,2,0
567,5,127,NA,NA,NA,0
568,5,127,NA,NA,NA,0
569,3,128,NA,NA,NA,0
570,3,128,NA,NA,NA,0
571,3,128,NA,NA,NA,0
572,6,129,"E",63,5,0
573,6,129,NA,NA,NA,0
574,6,129,"E",363,4,0
575,6,129,NA,NA,NA,0
576,6,129,NA,NA,NA,0
577,6,129,NA,NA,NA,0
578,5,130,"E",77,3,0
579,5,130,NA,NA,NA,0
580,5,130,NA,NA,NA,0
581,5,130,NA,NA,NA,0
582,5,130,"E",76,3,0
583,3,131,NA,NA,NA,0
584,3,131,NA,NA,NA,0
585,3,131,NA,NA,NA,0
586,3,132,NA,NA,NA,0
587,3,132,"E",94,2,0
588,3,132,"E",151,1,0
589,3,133,NA,NA,NA,0
590,3,133,NA,NA,NA,0
591,3,133,NA,NA,NA,0
592,3,134,NA,NA,NA,0
593,3,134,NA,NA,NA,0
594,3,134,"E",109,2,0
595,5,135,"E",276,3,1
596,5,135,NA,NA,NA,0
597,5,135,NA,NA,NA,0
598,5,135,"H",316,2,0
599,5,135,"E",276,3,0
600,4,136,NA,NA,NA,0
601,4,136,NA,NA,NA,0
602,4,136,NA,NA,NA,0
603,4,136,NA,NA,NA,0
604,6,137,NA,NA,NA,0
605,6,137,NA,NA,NA,0
606,6,137,NA,NA,NA,0
607,6,137,NA,NA,NA,0
608,6,137,NA,NA,NA,0
609,6,137,"E",352,5,0
610,5,138,NA,NA,NA,0
611,5,138,NA,NA,NA,0
612,5,138,NA,NA,NA,0
613,5,138,"E",162,4,0
614,5,138,NA,NA,NA,0
615,5,139,NA,NA,NA,0
616,5,139,NA,NA,NA,0
617,5,139,NA,NA,NA,0
618,5,139,NA,NA,NA,0
619,5,139,NA,NA,NA,0
620,5,140,NA,NA,NA,0
621,5,140,NA,NA,NA,0
622,5,140,"E",46,4,0
623,5,140,NA,NA,NA,0
624,5,140,"E",175,3,0
625,4,141,NA,NA,NA,0
626,4,141,NA,NA,NA,0
627,4,141,NA,NA,NA,0
628,4,141,NA,NA,NA,0
629,5,142,NA,NA,NA,0
630,5,142,NA,NA,NA,0
631,5,142,NA,NA,NA,0
632,5,142,"E",267,4,0
633,5,142,NA,NA,NA,0
634,5,143,NA,NA,NA,0
635,5,143,NA,NA,NA,0
636,5,143,NA,NA,NA,0
637,5,143,NA,NA,NA,0
638,5,143,NA,NA,NA,0
639,3,144,"E",51,2,0
640,3,144,NA,NA,NA,0
641,3,144,NA,NA,NA,0
642,4,145,NA,NA,NA,0
643,4,145,"E",235,2,0
644,4,145,"E",178,3,0
645,4,145,NA,NA,NA,0
646,3,146,NA,NA,NA,0
647,3,146,"E",255,2,0
648,3,146,NA,NA,NA,0
649,5,147,NA,NA,NA,0
650,5,147,NA,NA,NA,0
651,5,147,NA,NA,NA,0
652,5,147,NA,NA,NA,0
653,5,147,NA,NA,NA,0
654,5,148,NA,NA,NA,0
655,5,148,NA,NA,NA,0
656,5,148,NA,NA,NA,0
657,5,148,NA,NA,NA,0
658,5,148,"E",192,4,0
659,3,149,NA,NA,NA,0
660,3,149,NA,NA,NA,0
661,3,149,NA,NA,NA,0
662,5,150,NA,NA,NA,0
663,5,150,NA,NA,NA,0
664,5,150,NA,NA,NA,0
665,5,150,NA,NA,NA,0
666,5,150,NA,NA,NA,0
667,4,151,"E",115,2,0
668,4,151,"E",47,3,0
669,4,151,NA,NA,NA,0
670,4,151,NA,NA,NA,0
671,4,152,NA,NA,NA,0
672,4,152,"E",137,3,0
673,4,152,"E",185,2,0
674,4,152,"E",NA,NA,0
675,6,153,NA,NA,NA,0
676,6,153,NA,NA,NA,0
677,6,153,NA,NA,NA,0
678,6,153,NA,NA,NA,0
679,6,153,"E",126,5,0
680,6,153,NA,NA,NA,0
681,3,154,NA,NA,NA,0
682,3,154,NA,NA,NA,0
683,3,154,NA,NA,NA,0
684,5,155,"E",90,4,0
685,5,155,"E",154,3,0
686,5,155,NA,NA,NA,0
687,5,155,NA,NA,NA,0
688,5,155,NA,NA,NA,0
689,6,156,"E",234,4,0
690,6,156,NA,NA,NA,0
691,6,156,NA,NA,NA,0
692,6,156,"E",261,4,0
693,6,156,NA,NA,NA,0
694,6,156,NA,NA,NA,0
695,5,157,NA,NA,NA,0
696,5,157,NA,NA,NA,0
697,5,157,"E",122,4,1
698,5,157,"H",166,2,0
699,5,157,"H",137,3,1
700,5,158,NA,NA,NA,0
701,5,158,NA,NA,NA,0
702,5,158,NA,NA,NA,0
703,5,158,NA,NA,NA,0
704,5,158,"E",73,4,0
705,5,159,"E",61,4,0
706,5,159,"E",98,3,0
707,5,159,NA,NA,NA,0
708,5,159,"E",214,2,0
709,5,159,NA,NA,NA,0
710,5,160,NA,NA,NA,0
711,5,160,NA,NA,NA,0
712,5,160,"C",232,4,0
713,5,160,"E",353,3,0
714,5,160,NA,NA,NA,0
715,4,161,"H",203,1,0
716,4,161,"E",185,3,2
717,4,161,"H",240,1,0
718,4,161,NA,NA,NA,0
719,4,162,"E",269,3,0
720,4,162,NA,NA,NA,0
721,4,162,NA,NA,NA,0
722,4,162,NA,NA,NA,0
723,3,163,"E",258,2,0
724,3,163,NA,NA,NA,0
725,3,163,NA,NA,NA,0
726,6,164,"H",365,3,0
727,6,164,NA,NA,NA,0
728,6,164,NA,NA,NA,0
729,6,164,"E",341,5,2
730,6,164,"H",NA,NA,0
731,6,164,NA,NA,NA,0
732,3,165,NA,NA,NA,0
733,3,165,NA,NA,NA,0
734,3,165,NA,NA,NA,0
735,6,166,NA,NA,NA,0
736,6,166,NA,NA,NA,0
737,6,166,NA,NA,NA,0
738,6,166,NA,NA,NA,0
739,6,166,NA,NA,NA,0
740,6,166,NA,NA,NA,0
741,5,167,"E",81,3,1
742,5,167,"H",133,2,0
743,5,167,NA,NA,NA,0
744,5,167,NA,NA,NA,0
745,5,167,"E",87,3,0
746,3,168,NA,NA,NA,0
747,3,168,NA,NA,NA,0
748,3,168,"E",330,2,0
749,3,169,NA,NA,NA,0
750,3,169,NA,NA,NA,0
751,3,169,NA,NA,NA,0
752,4,170,NA,NA,NA,0
753,4,170,"E",239,3,0
754,4,170,NA,NA,NA,0
755,4,170,NA,NA,NA,0
756,3,171,NA,NA,NA,0
757,3,171,NA,NA,NA,0
758,3,171,"E",NA,NA,0
759,3,172,NA,NA,NA,0
760,3,172,NA,NA,NA,0
761,3,172,"E",162,2,0
762,6,173,NA,NA,NA,0
763,6,173,NA,NA,NA,0
764,6,173,NA,NA,NA,0
765,6,173,NA,NA,NA,0
766,6,173,NA,NA,NA,0
767,6,173,"E",300,5,0
768,5,174,NA,NA,NA,0
769,5,174,NA,NA,NA,0
770,5,174,NA,NA,NA,0
771,5,174,NA,NA,NA,0
772,5,174,"E",37,4,0
773,4,175,NA,NA,NA,0
774,4,175,NA,NA,NA,0
775,4,175,"E",351,2,0
776,4,175,"E",41,3,0
777,6,176,"E",111,3,0
778,6,176,"H",101,3,0
779,6,176,NA,NA,NA,0
780,6,176,NA,NA,NA,0
781,6,176,"E",220,2,0
782,6,176,"E",77,5,1
783,4,177,NA,NA,NA,0
784,4,177,NA,NA,NA,0
785,4,177,NA,NA,NA,0
786,4,177,"E",99,3,0
787,3,178,NA,NA,NA,0
788,3,178,NA,NA,NA,0
789,3,178,NA,NA,NA,0
790,3,179,"H",149,1,0
791,3,179,NA,NA,NA,0
792,3,179,"E",127,2,1
793,5,180,NA,NA,NA,0
794,5,180,NA,NA,NA,0
795,5,180,"H",69,3,0
796,5,180,NA,NA,NA,0
797,5,180,"E",24,4,1
798,4,181,NA,NA,NA,0
799,4,181,NA,NA,NA,0
800,4,181,"E",15,3,0
801,4,181,NA,NA,NA,0
802,6,182,NA,NA,NA,0
803,6,182,"C",222,5,1
804,6,182,NA,NA,NA,0
805,6,182,NA,NA,NA,0
806,6,182,"H",261,4,0
807,6,182,NA,NA,NA,0
808,4,183,NA,NA,NA,0
809,4,183,"E",210,3,0
810,4,183,NA,NA,NA,0
811,4,183,NA,NA,NA,0
812,4,184,NA,NA,NA,0
813,4,184,NA,NA,NA,0
814,4,184,NA,NA,NA,0
815,4,184,NA,NA,NA,0
816,5,185,"E",71,4,0
817,5,185,NA,NA,NA,0
818,5,185,NA,NA,NA,0
819,5,185,NA,NA,NA,0
820,5,185,NA,NA,NA,0
821,6,186,"H",66,4,1
822,6,186,NA,NA,NA,0
823,6,186,"E",37,5,1
824,6,186,"E",NA,NA,0
825,6,186,NA,NA,NA,0
826,6,186,"H",97,3,0
827,6,187,NA,NA,NA,0
828,6,187,"H",122,4,0
829,6,187,"E",104,5,1
830,6,187,NA,NA,NA,0
831,6,187,"E",NA,NA,0
832,6,187,NA,NA,NA,0
833,5,188,NA,NA,NA,0
834,5,188,NA,NA,NA,0
835,5,188,NA,NA,NA,0
836,5,188,NA,NA,NA,0
837,5,188,NA,NA,NA,0
838,3,189,"E",333,2,0
839,3,189,NA,NA,NA,0
840,3,189,NA,NA,NA,0
841,6,190,NA,NA,NA,0
842,6,190,"E",135,5,0
843,6,190,NA,NA,NA,0
844,6,190,NA,NA,NA,0
845,6,190,NA,NA,NA,0
846,6,190,NA,NA,NA,0
847,4,191,NA,NA,NA,0
848,4,191,NA,NA,NA,0
849,4,191,"E",95,3,0
850,4,191,NA,NA,NA,0
851,3,192,"E",136,2,0
852,3,192,NA,NA,NA,0
853,3,192,NA,NA,NA,0
854,5,193,NA,NA,NA,0
855,5,193,NA,NA,NA,0
856,5,193,NA,NA,NA,0
857,5,193,NA,NA,NA,0
858,5,193,NA,NA,NA,0
859,4,194,NA,NA,NA,0
860,4,194,NA,NA,NA,0
861,4,194,NA,NA,NA,0
862,4,194,NA,NA,NA,0
863,5,195,NA,NA,NA,0
864,5,195,NA,NA,NA,0
865,5,195,NA,NA,NA,0
866,5,195,NA,NA,NA,0
867,5,195,NA,NA,NA,0
868,5,196,NA,NA,NA,0
869,5,196,NA,NA,NA,0
870,5,196,NA,NA,NA,0
871,5,196,NA,NA,NA,0
872,5,196,"E",291,4,0
873,5,197,"E",105,4,1
874,5,197,"H",143,3,0
875,5,197,"E",315,2,0
876,5,197,NA,NA,NA,0
877,5,197,NA,NA,NA,0
878,6,198,"E",NA,NA,0
879,6,198,NA,NA,NA,0
880,6,198,NA,NA,NA,0
881,6,198,"E",352,4,1
882,6,198,NA,NA,NA,0
883,6,198,"H",NA,NA,0
884,3,199,"E",292,2,0
885,3,199,NA,NA,NA,0
886,3,199,NA,NA,NA,0
887,5,200,NA,NA,NA,0
888,5,200,NA,NA,NA,0
889,5,200,NA,NA,NA,0
890,5,200,NA,NA,NA,0
891,5,200,NA,NA,NA,0
892,3,201,NA,NA,NA,0
893,3,201,NA,NA,NA,0
894,3,201,NA,NA,NA,0
895,3,202,NA,NA,NA,0
896,3,202,NA,NA,NA,0
897,3,202,NA,NA,NA,0
898,5,203,"E",NA,NA,0
899,5,203,NA,NA,NA,0
900,5,203,NA,NA,NA,0
901,5,203,NA,NA,NA,0
902,5,203,NA,NA,NA,0
903,3,204,NA,NA,NA,0
904,3,204,"E",122,2,0
905,3,204,NA,NA,NA,0
906,3,205,"E",164,1,0
907,3,205,"E",54,2,0
908,3,205,NA,NA,NA,0
909,6,206,NA,NA,NA,0
910,6,206,NA,NA,NA,0
911,6,206,NA,NA,NA,0
912,6,206,NA,NA,NA,0
913,6,206,"E",35,5,0
914,6,206,NA,NA,NA,0
915,3,207,NA,NA,NA,0
916,3,207,NA,NA,NA,0
917,3,207,NA,NA,NA,0
918,5,208,"E",107,4,1
919,5,208,NA,NA,NA,0
920,5,208,NA,NA,NA,0
921,5,208,NA,NA,NA,0
922,5,208,"H",140,3,0
923,3,209,NA,NA,NA,0
924,3,209,NA,NA,NA,0
925,3,209,"E",104,2,0
926,3,210,NA,NA,NA,0
927,3,210,NA,NA,NA,0
928,3,210,NA,NA,NA,0
929,6,211,NA,NA,NA,0
930,6,211,"E",140,5,0
931,6,211,NA,NA,NA,0
932,6,211,NA,NA,NA,0
933,6,211,NA,NA,NA,0
934,6,211,NA,NA,NA,0
935,3,212,NA,NA,NA,0
936,3,212,NA,NA,NA,0
937,3,212,"E",142,2,0
938,6,213,NA,NA,NA,0
939,6,213,"E",183,5,0
940,6,213,NA,NA,NA,0
941,6,213,NA,NA,NA,0
942,6,213,NA,NA,NA,0
943,6,213,NA,NA,NA,0
944,6,214,NA,NA,NA,0
945,6,214,NA,NA,NA,0
946,6,214,"E",72,5,0
947,6,214,NA,NA,NA,0
948,6,214,"E",281,4,0
949,6,214,NA,NA,NA,0
950,3,215,"E",208,2,0
951,3,215,NA,NA,NA,0
952,3,215,NA,NA,NA,0
953,3,216,"E",82,2,0
954,3,216,NA,NA,NA,0
955,3,216,NA,NA,NA,0
956,6,217,NA,NA,NA,0
957,6,217,"E",109,5,0
958,6,217,"H",277,2,0
959,6,217,"H",272,2,0
960,6,217,NA,NA,NA,0
961,6,217,"E",241,4,2
962,6,218,NA,NA,NA,0
963,6,218,"E",288,4,1
964,6,218,NA,NA,NA,0
965,6,218,"H",306,3,0
966,6,218,NA,NA,NA,0
967,6,218,"E",191,5,0
968,6,219,"E",NA,NA,0
969,6,219,"E",102,5,1
970,6,219,"H",132,4,0
971,6,219,NA,NA,NA,0
972,6,219,NA,NA,NA,0
973,6,219,NA,NA,NA,0
974,5,220,NA,NA,NA,0
975,5,220,NA,NA,NA,0
976,5,220,"H",143,3,0
977,5,220,"E",258,2,0
978,5,220,"E",86,4,1
979,5,221,NA,NA,NA,0
980,5,221,"E",164,3,0
981,5,221,"E",124,4,0
982,5,221,NA,NA,NA,0
983,5,221,NA,NA,NA,0
984,3,222,NA,NA,NA,0
985,3,222,NA,NA,NA,0
986,3,222,NA,NA,NA,0
987,5,223,NA,NA,NA,0
988,5,223,NA,NA,NA,0
989,5,223,"H",285,3,0
990,5,223,NA,NA,NA,0
991,5,223,"E",259,4,1
992,6,224,"H",92,2,1
993,6,224,"H",118,1,0
994,6,224,"E",72,5,3
995,6,224,"H",121,1,0
996,6,224,"H",109,1,0
997,6,224,NA,NA,NA,0
998,3,225,"C",281,1,0
999,3,225,"E",189,2,0
1000,3,225,NA,NA,NA,0
