"ID","SIZE","HH","TYPE","TIME","S_NUM","I_NUM"
1,4,1,"0",NA,NA,0
2,4,1,NA,NA,NA,0
3,4,1,NA,NA,NA,0
4,4,1,"E",65,2,0
5,4,2,NA,NA,NA,0
6,4,2,NA,NA,NA,0
7,4,2,NA,NA,NA,0
8,4,2,"E",212,3,0
9,3,3,NA,NA,NA,0
10,3,3,NA,NA,NA,0
11,3,3,NA,NA,NA,0
12,5,4,NA,NA,NA,0
13,5,4,"E",358,3,0
14,5,4,NA,NA,NA,0
15,5,4,"E",NA,NA,0
16,5,4,NA,NA,NA,0
17,6,5,NA,NA,NA,0
18,6,5,NA,NA,NA,0
19,6,5,NA,NA,NA,0
20,6,5,NA,NA,NA,0
21,6,5,NA,NA,NA,0
22,6,5,NA,NA,NA,0
23,4,6,NA,NA,NA,0
24,4,6,"C",179,3,1
25,4,6,"E",257,1,0
26,4,6,"H",200,2,0
27,5,7,NA,NA,NA,0
28,5,7,NA,NA,NA,0
29,5,7,NA,NA,NA,0
30,5,7,NA,NA,NA,0
31,5,7,NA,NA,NA,0
32,6,8,"H",194,3,0
33,6,8,NA,NA,NA,0
34,6,8,"H",150,4,1
35,6,8,NA,NA,NA,0
36,6,8,"E",119,5,1
37,6,8,NA,NA,NA,0
38,3,9,NA,NA,NA,0
39,3,9,"E",301,1,0
40,3,9,"E",274,2,0
41,4,10,NA,NA,NA,0
42,4,10,NA,NA,NA,0
43,4,10,NA,NA,NA,0
44,4,10,"E",192,3,0
45,3,11,NA,NA,NA,0
46,3,11,NA,NA,NA,0
47,3,11,"E",224,2,0
48,5,12,NA,NA,NA,0
49,5,12,NA,NA,NA,0
50,5,12,NA,NA,NA,0
51,5,12,"E",34,4,0
52,5,12,NA,NA,NA,0
53,5,13,"E",66,3,1
54,5,13,"E",87,2,0
55,5,13,"H",126,2,0
56,5,13,NA,NA,NA,0
57,5,13,NA,NA,NA,0
58,6,14,NA,NA,NA,0
59,6,14,NA,NA,NA,0
60,6,14,NA,NA,NA,0
61,6,14,"H",91,4,0
62,6,14,"E",52,5,1
63,6,14,NA,NA,NA,0
64,5,15,NA,NA,NA,0
65,5,15,NA,NA,NA,0
66,5,15,"E",NA,NA,0
67,5,15,NA,NA,NA,0
68,5,15,NA,NA,NA,0
69,3,16,NA,NA,NA,0
70,3,16,NA,NA,NA,0
71,3,16,NA,NA,NA,0
72,4,17,NA,NA,NA,0
73,4,17,NA,NA,NA,0
74,4,17,"E",70,3,0
75,4,17,NA,NA,NA,0
76,4,18,"E",283,2,0
77,4,18,NA,NA,NA,0
78,4,18,"E",106,3,0
79,4,18,NA,NA,NA,0
80,3,19,NA,NA,NA,0
81,3,19,NA,NA,NA,0
82,3,19,NA,NA,NA,0
83,6,20,"E",54,4,1
84,6,20,"H",94,3,0
85,6,20,"E",44,4,0
86,6,20,NA,NA,NA,0
87,6,20,NA,NA,NA,0
88,6,20,NA,NA,NA,0
89,3,21,"E",226,2,0
90,3,21,NA,NA,NA,0
91,3,21,NA,NA,NA,0
92,3,22,NA,NA,NA,0
93,3,22,"E",56,2,0
94,3,22,NA,NA,NA,0
95,4,23,NA,NA,NA,0
96,4,23,NA,NA,NA,0
97,4,23,NA,NA,NA,0
98,4,23,"E",257,3,0
99,4,24,NA,NA,NA,0
100,4,24,"E",83,2,0
101,4,24,"E",50,3,0
102,4,24,NA,NA,NA,0
103,3,25,NA,NA,NA,0
104,3,25,"E",225,2,0
105,3,25,NA,NA,NA,0
106,6,26,NA,NA,NA,0
107,6,26,NA,NA,NA,0
108,6,26,NA,NA,NA,0
109,6,26,NA,NA,NA,0
110,6,26,NA,NA,NA,0
111,6,26,NA,NA,NA,0
112,3,27,NA,NA,NA,0
113,3,27,NA,NA,NA,0
114,3,27,"E",NA,NA,0
115,4,28,"H",243,2,0
116,4,28,NA,NA,NA,0
117,4,28,"E",213,3,1
118,4,28,NA,NA,NA,0
119,6,29,NA,NA,NA,0
120,6,29,"H",348,3,0
121,6,29,NA,NA,NA,0
122,6,29,"E",332,5,2
123,6,29,NA,NA,NA,0
124,6,29,"H",NA,NA,0
125,3,30,"E",345,1,0
126,3,30,NA,NA,NA,0
127,3,30,"E",70,2,0
128,3,31,"E",268,1,0
129,3,31,NA,NA,NA,0
130,3,31,"E",153,2,0
131,4,32,NA,NA,NA,0
132,4,32,NA,NA,NA,0
133,4,32,NA,NA,NA,0
134,4,32,"E",185,3,0
135,6,33,"E",98,5,1
136,6,33,"E",346,3,1
137,6,33,NA,NA,NA,0
138,6,33,"H",NA,NA,0
139,6,33,"H",124,4,0
140,6,33,NA,NA,NA,0
141,3,34,NA,NA,NA,0
142,3,34,NA,NA,NA,0
143,3,34,NA,NA,NA,0
144,4,35,"E",213,3,0
145,4,35,NA,NA,NA,0
146,4,35,NA,NA,NA,0
147,4,35,NA,NA,NA,0
148,4,36,"E",44,3,0
149,4,36,NA,NA,NA,0
150,4,36,"E",283,2,0
151,4,36,NA,NA,NA,0
152,4,37,"H",NA,NA,0
153,4,37,"E",324,3,1
154,4,37,NA,NA,NA,0
155,4,37,NA,NA,NA,0
156,6,38,NA,NA,NA,0
157,6,38,NA,NA,NA,0
158,6,38,NA,NA,NA,0
159,6,38,NA,NA,NA,0
160,6,38,NA,NA,NA,0
161,6,38,NA,NA,NA,0
162,5,39,NA,NA,NA,0
163,5,39,NA,NA,NA,0
164,5,39,"E",67,4,0
165,5,39,NA,NA,NA,0
166,5,39,NA,NA,NA,0
167,4,40,NA,NA,NA,0
168,4,40,"E",53,3,0
169,4,40,NA,NA,NA,0
170,4,40,"E",162,2,0
171,4,41,"E",84,3,1
172,4,41,"H",143,0,0
173,4,41,"H",124,0,0
174,4,41,"H",111,2,2
175,4,42,"E",277,3,0
176,4,42,NA,NA,NA,0
177,4,42,NA,NA,NA,0
178,4,42,NA,NA,NA,0
179,6,43,"H",311,3,1
180,6,43,NA,NA,NA,0
181,6,43,"E",339,2,0
182,6,43,NA,NA,NA,0
183,6,43,"E",293,5,1
184,6,43,"H",345,2,0
185,5,44,"E",NA,NA,0
186,5,44,NA,NA,NA,0
187,5,44,NA,NA,NA,0
188,5,44,NA,NA,NA,0
189,5,44,NA,NA,NA,0
190,6,45,NA,NA,NA,0
191,6,45,"E",218,5,0
192,6,45,NA,NA,NA,0
193,6,45,NA,NA,NA,0
194,6,45,NA,NA,NA,0
195,6,45,NA,NA,NA,0
196,6,46,NA,NA,NA,0
197,6,46,NA,NA,NA,0
198,6,46,"E",NA,NA,0
199,6,46,NA,NA,NA,0
200,6,46,"E",85,5,1
201,6,46,"H",115,4,0
202,6,47,NA,NA,NA,0
203,6,47,NA,NA,NA,0
204,6,47,NA,NA,NA,0
205,6,47,NA,NA,NA,0
206,6,47,NA,NA,NA,0
207,6,47,NA,NA,NA,0
208,3,48,NA,NA,NA,0
209,3,48,"E",358,2,0
210,3,48,NA,NA,NA,0
211,6,49,NA,NA,NA,0
212,6,49,NA,NA,NA,0
213,6,49,"E",197,4,0
214,6,49,"E",183,4,0
215,6,49,NA,NA,NA,0
216,6,49,NA,NA,NA,0
217,3,50,NA,NA,NA,0
218,3,50,"E",87,1,0
219,3,50,"E",101,1,0
220,6,51,NA,NA,NA,0
221,6,51,"E",51,5,1
222,6,51,NA,NA,NA,0
223,6,51,NA,NA,NA,0
224,6,51,"H",72,4,0
225,6,51,NA,NA,NA,0
226,6,52,NA,NA,NA,0
227,6,52,NA,NA,NA,0
228,6,52,NA,NA,NA,0
229,6,52,NA,NA,NA,0
230,6,52,NA,NA,NA,0
231,6,52,"E",174,5,0
232,4,53,NA,NA,NA,0
233,4,53,NA,NA,NA,0
234,4,53,"E",158,2,0
235,4,53,"E",83,3,0
236,4,54,NA,NA,NA,0
237,4,54,NA,NA,NA,0
238,4,54,"E",277,3,0
239,4,54,NA,NA,NA,0
240,5,55,"E",73,4,0
241,5,55,NA,NA,NA,0
242,5,55,"E",140,3,0
243,5,55,"E",298,2,0
244,5,55,NA,NA,NA,0
245,6,56,"E",265,5,0
246,6,56,NA,NA,NA,0
247,6,56,NA,NA,NA,0
248,6,56,NA,NA,NA,0
249,6,56,NA,NA,NA,0
250,6,56,"E",346,4,0
251,6,57,"H",311,4,0
252,6,57,"E",278,5,1
253,6,57,NA,NA,NA,0
254,6,57,NA,NA,NA,0
255,6,57,NA,NA,NA,0
256,6,57,NA,NA,NA,0
257,4,58,NA,NA,NA,0
258,4,58,NA,NA,NA,0
259,4,58,"E",NA,NA,0
260,4,58,NA,NA,NA,0
261,4,59,"E",21,3,0
262,4,59,"E",311,2,0
263,4,59,NA,NA,NA,0
264,4,59,"E",349,1,0
265,4,60,NA,NA,NA,0
266,4,60,NA,NA,NA,0
267,4,60,NA,NA,NA,0
268,4,60,NA,NA,NA,0
269,4,61,NA,NA,NA,0
270,4,61,"H",115,2,0
271,4,61,NA,NA,NA,0
272,4,61,"E",56,3,1
273,6,62,NA,NA,NA,0
274,6,62,NA,NA,NA,0
275,6,62,NA,NA,NA,0
276,6,62,NA,NA,NA,0
277,6,62,NA,NA,NA,0
278,6,62,"E",349,5,0
279,3,63,NA,NA,NA,0
280,3,63,NA,NA,NA,0
281,3,63,NA,NA,NA,0
282,4,64,NA,NA,NA,0
283,4,64,"E",72,3,0
284,4,64,NA,NA,NA,0
285,4,64,NA,NA,NA,0
286,6,65,NA,NA,NA,0
287,6,65,NA,NA,NA,0
288,6,65,NA,NA,NA,0
289,6,65,NA,NA,NA,0
290,6,65,NA,NA,NA,0
291,6,65,NA,NA,NA,0
292,5,66,NA,NA,NA,0
293,5,66,NA,NA,NA,0
294,5,66,NA,NA,NA,0
295,5,66,NA,NA,NA,0
296,5,66,NA,NA,NA,0
297,6,67,NA,NA,NA,0
298,6,67,NA,NA,NA,0
299,6,67,NA,NA,NA,0
300,6,67,NA,NA,NA,0
301,6,67,NA,NA,NA,0
302,6,67,NA,NA,NA,0
303,4,68,NA,NA,NA,0
304,4,68,NA,NA,NA,0
305,4,68,"E",NA,NA,0
306,4,68,NA,NA,NA,0
307,3,69,NA,NA,NA,0
308,3,69,NA,NA,NA,0
309,3,69,NA,NA,NA,0
310,4,70,NA,NA,NA,0
311,4,70,"H",138,2,0
312,4,70,NA,NA,NA,0
313,4,70,"E",127,3,1
314,6,71,NA,NA,NA,0
315,6,71,NA,NA,NA,0
316,6,71,NA,NA,NA,0
317,6,71,NA,NA,NA,0
318,6,71,NA,NA,NA,0
319,6,71,NA,NA,NA,0
320,4,72,NA,NA,NA,0
321,4,72,NA,NA,NA,0
322,4,72,"E",188,3,0
323,4,72,NA,NA,NA,0
324,4,73,NA,NA,NA,0
325,4,73,NA,NA,NA,0
326,4,73,NA,NA,NA,0
327,4,73,NA,NA,NA,0
328,6,74,"E",320,4,0
329,6,74,NA,NA,NA,0
330,6,74,NA,NA,NA,0
331,6,74,NA,NA,NA,0
332,6,74,NA,NA,NA,0
333,6,74,"E",284,5,0
334,6,75,NA,NA,NA,0
335,6,75,"H",163,4,1
336,6,75,NA,NA,NA,0
337,6,75,"E",117,5,1
338,6,75,NA,NA,NA,0
339,6,75,"H",192,3,0
340,5,76,"E",64,3,0
341,5,76,"E",35,3,0
342,5,76,NA,NA,NA,0
343,5,76,NA,NA,NA,0
344,5,76,NA,NA,NA,0
345,5,77,NA,NA,NA,0
346,5,77,NA,NA,NA,0
347,5,77,NA,NA,NA,0
348,5,77,NA,NA,NA,0
349,5,77,"E",119,4,0
350,3,78,"E",197,2,0
351,3,78,NA,NA,NA,0
352,3,78,NA,NA,NA,0
353,3,79,NA,NA,NA,0
354,3,79,NA,NA,NA,0
355,3,79,NA,NA,NA,0
356,3,80,"E",261,1,0
357,3,80,"E",158,2,0
358,3,80,NA,NA,NA,0
359,4,81,"E",271,2,0
360,4,81,NA,NA,NA,0
361,4,81,NA,NA,NA,0
362,4,81,"E",70,3,0
363,3,82,"H",299,1,0
364,3,82,NA,NA,NA,0
365,3,82,"C",218,2,1
366,3,83,NA,NA,NA,0
367,3,83,NA,NA,NA,0
368,3,83,NA,NA,NA,0
369,5,84,"E",237,4,1
370,5,84,NA,NA,NA,0
371,5,84,"H",291,3,0
372,5,84,NA,NA,NA,0
373,5,84,NA,NA,NA,0
374,6,85,"H",301,3,0
375,6,85,NA,NA,NA,0
376,6,85,"H",273,4,1
377,6,85,NA,NA,NA,0
378,6,85,"E",229,5,1
379,6,85,NA,NA,NA,0
380,3,86,NA,NA,NA,0
381,3,86,NA,NA,NA,0
382,3,86,NA,NA,NA,0
383,5,87,NA,NA,NA,0
384,5,87,NA,NA,NA,0
385,5,87,NA,NA,NA,0
386,5,87,"E",113,4,0
387,5,87,NA,NA,NA,0
388,3,88,NA,NA,NA,0
389,3,88,NA,NA,NA,0
390,3,88,NA,NA,NA,0
391,4,89,NA,NA,NA,0
392,4,89,NA,NA,NA,0
393,4,89,NA,NA,NA,0
394,4,89,NA,NA,NA,0
395,4,90,NA,NA,NA,0
396,4,90,NA,NA,NA,0
397,4,90,NA,NA,NA,0
398,4,90,"E",NA,NA,0
399,3,91,NA,NA,NA,0
400,3,91,"H",NA,NA,0
401,3,91,"E",352,2,1
402,4,92,NA,NA,NA,0
403,4,92,NA,NA,NA,0
404,4,92,NA,NA,NA,0
405,4,92,"E",26,3,0
406,6,93,"E",161,4,0
407,6,93,NA,NA,NA,0
408,6,93,NA,NA,NA,0
409,6,93,"E",86,5,0
410,6,93,"E",186,3,0
411,6,93,NA,NA,NA,0
412,4,94,NA,NA,NA,0
413,4,94,"E",166,2,0
414,4,94,"E",341,1,0
415,4,94,"E",79,3,0
416,3,95,"E",199,2,0
417,3,95,NA,NA,NA,0
418,3,95,NA,NA,NA,0
419,5,96,NA,NA,NA,0
420,5,96,NA,NA,NA,0
421,5,96,"E",NA,NA,0
422,5,96,NA,NA,NA,0
423,5,96,NA,NA,NA,0
424,5,97,"E",180,4,0
425,5,97,NA,NA,NA,0
426,5,97,NA,NA,NA,0
427,5,97,NA,NA,NA,0
428,5,97,NA,NA,NA,0
429,3,98,"E",291,2,0
430,3,98,NA,NA,NA,0
431,3,98,"E",NA,NA,0
432,3,99,NA,NA,NA,0
433,3,99,"E",71,2,1
434,3,99,"H",123,1,0
435,3,100,NA,NA,NA,0
436,3,100,NA,NA,NA,0
437,3,100,NA,NA,NA,0
438,6,101,"E",299,4,0
439,6,101,"E",56,5,0
440,6,101,NA,NA,NA,0
441,6,101,NA,NA,NA,0
442,6,101,NA,NA,NA,0
443,6,101,NA,NA,NA,0
444,6,102,"E",104,5,0
445,6,102,NA,NA,NA,0
446,6,102,NA,NA,NA,0
447,6,102,NA,NA,NA,0
448,6,102,NA,NA,NA,0
449,6,102,NA,NA,NA,0
450,4,103,NA,NA,NA,0
451,4,103,NA,NA,NA,0
452,4,103,NA,NA,NA,0
453,4,103,NA,NA,NA,0
454,5,104,NA,NA,NA,0
455,5,104,"E",225,4,0
456,5,104,NA,NA,NA,0
457,5,104,NA,NA,NA,0
458,5,104,NA,NA,NA,0
459,6,105,NA,NA,NA,0
460,6,105,NA,NA,NA,0
461,6,105,NA,NA,NA,0
462,6,105,"E",18,5,0
463,6,105,NA,NA,NA,0
464,6,105,NA,NA,NA,0
465,3,106,NA,NA,NA,0
466,3,106,"E",NA,NA,0
467,3,106,NA,NA,NA,0
468,3,107,NA,NA,NA,0
469,3,107,NA,NA,NA,0
470,3,107,NA,NA,NA,0
471,3,108,NA,NA,NA,0
472,3,108,NA,NA,NA,0
473,3,108,NA,NA,NA,0
474,4,109,NA,NA,NA,0
475,4,109,NA,NA,NA,0
476,4,109,NA,NA,NA,0
477,4,109,"E",228,3,0
478,5,110,NA,NA,NA,0
479,5,110,NA,NA,NA,0
480,5,110,NA,NA,NA,0
481,5,110,"E",NA,NA,0
482,5,110,NA,NA,NA,0
483,6,111,NA,NA,NA,0
484,6,111,NA,NA,NA,0
485,6,111,NA,NA,NA,0
486,6,111,NA,NA,NA,0
487,6,111,NA,NA,NA,0
488,6,111,"E",191,5,0
489,3,112,"E",275,2,1
490,3,112,"H",303,1,0
491,3,112,NA,NA,NA,0
492,4,113,NA,NA,NA,0
493,4,113,NA,NA,NA,0
494,4,113,NA,NA,NA,0
495,4,113,NA,NA,NA,0
496,4,114,NA,NA,NA,0
497,4,114,NA,NA,NA,0
498,4,114,NA,NA,NA,0
499,4,114,NA,NA,NA,0
500,6,115,NA,NA,NA,0
501,6,115,NA,NA,NA,0
502,6,115,"H",NA,NA,0
503,6,115,NA,NA,NA,0
504,6,115,NA,NA,NA,0
505,6,115,"E",320,5,1
506,4,116,NA,NA,NA,0
507,4,116,"E",273,3,1
508,4,116,NA,NA,NA,0
509,4,116,"H",312,2,0
510,3,117,NA,NA,NA,0
511,3,117,"H",225,1,0
512,3,117,"E",177,2,1
513,3,118,NA,NA,NA,0
514,3,118,"E",205,1,0
515,3,118,"E",106,2,0
516,5,119,NA,NA,NA,0
517,5,119,NA,NA,NA,0
518,5,119,NA,NA,NA,0
519,5,119,"E",244,3,0
520,5,119,"E",156,4,0
521,5,120,NA,NA,NA,0
522,5,120,NA,NA,NA,0
523,5,120,NA,NA,NA,0
524,5,120,NA,NA,NA,0
525,5,120,NA,NA,NA,0
526,3,121,NA,NA,NA,0
527,3,121,NA,NA,NA,0
528,3,121,NA,NA,NA,0
529,3,122,NA,NA,NA,0
530,3,122,NA,NA,NA,0
531,3,122,NA,NA,NA,0
532,3,123,"H",268,0,0
533,3,123,"H",246,1,1
534,3,123,"E",219,2,1
535,4,124,NA,NA,NA,0
536,4,124,NA,NA,NA,0
537,4,124,NA,NA,NA,0
538,4,124,"E",251,3,0
539,3,125,"E",139,2,0
540,3,125,NA,NA,NA,0
541,3,125,"E",NA,NA,0
542,4,126,NA,NA,NA,0
543,4,126,"E",127,3,0
544,4,126,NA,NA,NA,0
545,4,126,NA,NA,NA,0
546,6,127,"E",230,4,0
547,6,127,NA,NA,NA,0
548,6,127,NA,NA,NA,0
549,6,127,NA,NA,NA,0
550,6,127,"E",227,4,0
551,6,127,NA,NA,NA,0
552,3,128,NA,NA,NA,0
553,3,128,NA,NA,NA,0
554,3,128,"E",115,2,0
555,4,129,NA,NA,NA,0
556,4,129,NA,NA,NA,0
557,4,129,NA,NA,NA,0
558,4,129,"E",184,3,0
559,5,130,"H",236,1,0
560,5,130,NA,NA,NA,0
561,5,130,"E",216,3,2
562,5,130,"E",27,4,0
563,5,130,"H",250,1,0
564,4,131,"E",354,2,0
565,4,131,NA,NA,NA,0
566,4,131,NA,NA,NA,0
567,4,131,"E",229,3,0
568,4,132,NA,NA,NA,0
569,4,132,NA,NA,NA,0
570,4,132,NA,NA,NA,0
571,4,132,NA,NA,NA,0
572,3,133,"E",297,1,0
573,3,133,"E",49,2,0
574,3,133,NA,NA,NA,0
575,5,134,NA,NA,NA,0
576,5,134,NA,NA,NA,0
577,5,134,NA,NA,NA,0
578,5,134,NA,NA,NA,0
579,5,134,"E",40,4,0
580,4,135,"E",284,2,0
581,4,135,NA,NA,NA,0
582,4,135,NA,NA,NA,0
583,4,135,"E",64,3,0
584,5,136,NA,NA,NA,0
585,5,136,NA,NA,NA,0
586,5,136,"E",140,4,0
587,5,136,NA,NA,NA,0
588,5,136,NA,NA,NA,0
589,6,137,NA,NA,NA,0
590,6,137,NA,NA,NA,0
591,6,137,"E",214,4,0
592,6,137,NA,NA,NA,0
593,6,137,NA,NA,NA,0
594,6,137,"E",50,5,0
595,6,138,"E",85,5,0
596,6,138,"E",130,4,1
597,6,138,"H",201,3,0
598,6,138,NA,NA,NA,0
599,6,138,NA,NA,NA,0
600,6,138,NA,NA,NA,0
601,6,139,"E",218,4,1
602,6,139,"E",205,4,0
603,6,139,"E",322,2,0
604,6,139,"H",249,3,0
605,6,139,NA,NA,NA,0
606,6,139,NA,NA,NA,0
607,3,140,NA,NA,NA,0
608,3,140,"E",161,2,0
609,3,140,NA,NA,NA,0
610,5,141,NA,NA,NA,0
611,5,141,NA,NA,NA,0
612,5,141,NA,NA,NA,0
613,5,141,"C",310,4,0
614,5,141,NA,NA,NA,0
615,5,142,NA,NA,NA,0
616,5,142,NA,NA,NA,0
617,5,142,NA,NA,NA,0
618,5,142,NA,NA,NA,0
619,5,142,"E",360,4,0
620,3,143,NA,NA,NA,0
621,3,143,NA,NA,NA,0
622,3,143,"E",329,2,0
623,6,144,NA,NA,NA,0
624,6,144,"E",249,5,0
625,6,144,NA,NA,NA,0
626,6,144,NA,NA,NA,0
627,6,144,NA,NA,NA,0
628,6,144,NA,NA,NA,0
629,6,145,NA,NA,NA,0
630,6,145,NA,NA,NA,0
631,6,145,NA,NA,NA,0
632,6,145,NA,NA,NA,0
633,6,145,NA,NA,NA,0
634,6,145,NA,NA,NA,0
635,5,146,"H",256,2,0
636,5,146,NA,NA,NA,0
637,5,146,NA,NA,NA,0
638,5,146,"E",124,4,0
639,5,146,"E",240,3,1
640,6,147,NA,NA,NA,0
641,6,147,NA,NA,NA,0
642,6,147,NA,NA,NA,0
643,6,147,NA,NA,NA,0
644,6,147,NA,NA,NA,0
645,6,147,"E",60,5,0
646,3,148,NA,NA,NA,0
647,3,148,NA,NA,NA,0
648,3,148,"E",327,2,0
649,5,149,"E",83,4,0
650,5,149,"E",155,2,1
651,5,149,"E",172,1,0
652,5,149,"H",181,1,0
653,5,149,NA,NA,NA,0
654,6,150,"E",151,5,0
655,6,150,"E",228,4,0
656,6,150,NA,NA,NA,0
657,6,150,NA,NA,NA,0
658,6,150,"E",NA,NA,0
659,6,150,NA,NA,NA,0
660,4,151,NA,NA,NA,0
661,4,151,"H",304,2,0
662,4,151,"E",268,3,1
663,4,151,NA,NA,NA,0
664,3,152,NA,NA,NA,0
665,3,152,NA,NA,NA,0
666,3,152,NA,NA,NA,0
667,5,153,NA,NA,NA,0
668,5,153,NA,NA,NA,0
669,5,153,NA,NA,NA,0
670,5,153,NA,NA,NA,0
671,5,153,NA,NA,NA,0
672,6,154,NA,NA,NA,0
673,6,154,NA,NA,NA,0
674,6,154,NA,NA,NA,0
675,6,154,NA,NA,NA,0
676,6,154,"E",132,5,0
677,6,154,NA,NA,NA,0
678,4,155,NA,NA,NA,0
679,4,155,NA,NA,NA,0
680,4,155,NA,NA,NA,0
681,4,155,NA,NA,NA,0
682,5,156,NA,NA,NA,0
683,5,156,"E",NA,NA,0
684,5,156,"E",110,3,0
685,5,156,NA,NA,NA,0
686,5,156,"E",134,3,0
687,3,157,NA,NA,NA,0
688,3,157,NA,NA,NA,0
689,3,157,NA,NA,NA,0
690,3,158,NA,NA,NA,0
691,3,158,NA,NA,NA,0
692,3,158,NA,NA,NA,0
693,6,159,NA,NA,NA,0
694,6,159,NA,NA,NA,0
695,6,159,"E",109,5,1
696,6,159,"E",164,3,0
697,6,159,"H",173,3,0
698,6,159,NA,NA,NA,0
699,3,160,NA,NA,NA,0
700,3,160,NA,NA,NA,0
701,3,160,"E",NA,NA,0
702,5,161,NA,NA,NA,0
703,5,161,NA,NA,NA,0
704,5,161,NA,NA,NA,0
705,5,161,"E",NA,NA,0
706,5,161,NA,NA,NA,0
707,4,162,NA,NA,NA,0
708,4,162,"E",326,3,0
709,4,162,NA,NA,NA,0
710,4,162,NA,NA,NA,0
711,3,163,NA,NA,NA,0
712,3,163,NA,NA,NA,0
713,3,163,NA,NA,NA,0
714,3,164,NA,NA,NA,0
715,3,164,NA,NA,NA,0
716,3,164,NA,NA,NA,0
717,5,165,"E",44,4,0
718,5,165,"E",311,3,1
719,5,165,"H",NA,NA,0
720,5,165,NA,NA,NA,0
721,5,165,"H",338,2,1
722,6,166,NA,NA,NA,0
723,6,166,"H",198,2,0
724,6,166,"H",170,3,1
725,6,166,"E",146,4,1
726,6,166,"E",111,4,0
727,6,166,NA,NA,NA,0
728,4,167,"E",48,3,0
729,4,167,NA,NA,NA,0
730,4,167,NA,NA,NA,0
731,4,167,NA,NA,NA,0
732,6,168,"H",185,4,0
733,6,168,NA,NA,NA,0
734,6,168,"E",165,5,1
735,6,168,NA,NA,NA,0
736,6,168,"H",263,2,0
737,6,168,"E",236,3,1
738,3,169,NA,NA,NA,0
739,3,169,NA,NA,NA,0
740,3,169,NA,NA,NA,0
741,6,170,NA,NA,NA,0
742,6,170,NA,NA,NA,0
743,6,170,"H",257,3,0
744,6,170,NA,NA,NA,0
745,6,170,"C",149,5,1
746,6,170,"H",202,4,1
747,4,171,NA,NA,NA,0
748,4,171,NA,NA,NA,0
749,4,171,NA,NA,NA,0
750,4,171,"E",245,3,0
751,6,172,"E",171,5,2
752,6,172,"H",192,3,0
753,6,172,NA,NA,NA,0
754,6,172,"E",351,2,0
755,6,172,"H",197,3,0
756,6,172,NA,NA,NA,0
757,6,173,NA,NA,NA,0
758,6,173,NA,NA,NA,0
759,6,173,NA,NA,NA,0
760,6,173,NA,NA,NA,0
761,6,173,NA,NA,NA,0
762,6,173,NA,NA,NA,0
763,4,174,"E",168,1,0
764,4,174,"H",154,1,0
765,4,174,"E",133,3,1
766,4,174,"E",288,0,0
767,6,175,NA,NA,NA,0
768,6,175,NA,NA,NA,0
769,6,175,"E",104,5,0
770,6,175,NA,NA,NA,0
771,6,175,"E",NA,NA,0
772,6,175,NA,NA,NA,0
773,6,176,"E",282,3,0
774,6,176,NA,NA,NA,0
775,6,176,"E",137,5,0
776,6,176,NA,NA,NA,0
777,6,176,"E",232,4,0
778,6,176,NA,NA,NA,0
779,3,177,NA,NA,NA,0
780,3,177,NA,NA,NA,0
781,3,177,"E",46,2,0
782,3,178,"E",223,0,0
783,3,178,"E",120,2,1
784,3,178,"H",183,0,0
785,6,179,"E",299,4,0
786,6,179,NA,NA,NA,0
787,6,179,NA,NA,NA,0
788,6,179,NA,NA,NA,0
789,6,179,NA,NA,NA,0
790,6,179,"E",250,5,0
791,5,180,"E",286,2,1
792,5,180,"E",131,4,0
793,5,180,NA,NA,NA,0
794,5,180,"E",269,2,0
795,5,180,"H",325,1,0
796,4,181,NA,NA,NA,0
797,4,181,"E",NA,NA,0
798,4,181,NA,NA,NA,0
799,4,181,NA,NA,NA,0
800,6,182,NA,NA,NA,0
801,6,182,"E",177,5,1
802,6,182,"H",204,4,0
803,6,182,"E",319,3,0
804,6,182,NA,NA,NA,0
805,6,182,NA,NA,NA,0
806,5,183,"E",158,3,1
807,5,183,NA,NA,NA,0
808,5,183,"E",181,2,0
809,5,183,NA,NA,NA,0
810,5,183,"H",198,2,0
811,3,184,NA,NA,NA,0
812,3,184,NA,NA,NA,0
813,3,184,NA,NA,NA,0
814,6,185,"H",341,2,0
815,6,185,"E",262,5,0
816,6,185,"H",335,2,0
817,6,185,"E",311,4,2
818,6,185,NA,NA,NA,0
819,6,185,NA,NA,NA,0
820,6,186,NA,NA,NA,0
821,6,186,NA,NA,NA,0
822,6,186,"E",328,4,0
823,6,186,"E",144,5,0
824,6,186,NA,NA,NA,0
825,6,186,NA,NA,NA,0
826,3,187,NA,NA,NA,0
827,3,187,NA,NA,NA,0
828,3,187,NA,NA,NA,0
829,6,188,NA,NA,NA,0
830,6,188,NA,NA,NA,0
831,6,188,NA,NA,NA,0
832,6,188,"E",149,5,0
833,6,188,NA,NA,NA,0
834,6,188,NA,NA,NA,0
835,5,189,"E",27,4,1
836,5,189,NA,NA,NA,0
837,5,189,NA,NA,NA,0
838,5,189,"H",59,3,0
839,5,189,"E",191,2,0
840,3,190,NA,NA,NA,0
841,3,190,NA,NA,NA,0
842,3,190,NA,NA,NA,0
843,5,191,NA,NA,NA,0
844,5,191,NA,NA,NA,0
845,5,191,"E",64,4,0
846,5,191,NA,NA,NA,0
847,5,191,NA,NA,NA,0
848,3,192,NA,NA,NA,0
849,3,192,NA,NA,NA,0
850,3,192,NA,NA,NA,0
851,3,193,NA,NA,NA,0
852,3,193,NA,NA,NA,0
853,3,193,NA,NA,NA,0
854,3,194,NA,NA,NA,0
855,3,194,NA,NA,NA,0
856,3,194,NA,NA,NA,0
857,6,195,"H",233,3,0
858,6,195,NA,NA,NA,0
859,6,195,"E",197,4,1
860,6,195,NA,NA,NA,0
861,6,195,NA,NA,NA,0
862,6,195,"E",242,3,0
863,4,196,NA,NA,NA,0
864,4,196,NA,NA,NA,0
865,4,196,NA,NA,NA,0
866,4,196,NA,NA,NA,0
867,4,197,"E",177,2,0
868,4,197,NA,NA,NA,0
869,4,197,NA,NA,NA,0
870,4,197,"E",33,3,0
871,3,198,NA,NA,NA,0
872,3,198,NA,NA,NA,0
873,3,198,"E",55,2,0
874,4,199,NA,NA,NA,0
875,4,199,NA,NA,NA,0
876,4,199,NA,NA,NA,0
877,4,199,NA,NA,NA,0
878,4,200,"E",159,3,1
879,4,200,NA,NA,NA,0
880,4,200,"H",186,2,0
881,4,200,NA,NA,NA,0
882,4,201,"H",164,2,0
883,4,201,NA,NA,NA,0
884,4,201,NA,NA,NA,0
885,4,201,"E",132,3,1
886,3,202,NA,NA,NA,0
887,3,202,"E",247,1,0
888,3,202,"E",221,2,0
889,6,203,NA,NA,NA,0
890,6,203,"E",178,5,2
891,6,203,NA,NA,NA,0
892,6,203,"H",248,2,0
893,6,203,"H",197,3,0
894,6,203,"H",205,3,1
895,6,204,NA,NA,NA,0
896,6,204,NA,NA,NA,0
897,6,204,NA,NA,NA,0
898,6,204,NA,NA,NA,0
899,6,204,NA,NA,NA,0
900,6,204,"E",63,5,0
901,6,205,NA,NA,NA,0
902,6,205,NA,NA,NA,0
903,6,205,NA,NA,NA,0
904,6,205,"E",74,5,0
905,6,205,NA,NA,NA,0
906,6,205,NA,NA,NA,0
907,4,206,"E",338,3,0
908,4,206,NA,NA,NA,0
909,4,206,NA,NA,NA,0
910,4,206,NA,NA,NA,0
911,5,207,NA,NA,NA,0
912,5,207,NA,NA,NA,0
913,5,207,NA,NA,NA,0
914,5,207,NA,NA,NA,0
915,5,207,NA,NA,NA,0
916,6,208,NA,NA,NA,0
917,6,208,NA,NA,NA,0
918,6,208,"E",358,4,0
919,6,208,"E",167,5,0
920,6,208,NA,NA,NA,0
921,6,208,NA,NA,NA,0
922,3,209,"E",272,2,1
923,3,209,NA,NA,NA,0
924,3,209,"H",291,1,0
925,4,210,NA,NA,NA,0
926,4,210,NA,NA,NA,0
927,4,210,NA,NA,NA,0
928,4,210,NA,NA,NA,0
929,5,211,NA,NA,NA,0
930,5,211,NA,NA,NA,0
931,5,211,NA,NA,NA,0
932,5,211,NA,NA,NA,0
933,5,211,"E",326,4,0
934,3,212,"E",344,2,1
935,3,212,NA,NA,NA,0
936,3,212,"H",NA,NA,0
937,4,213,"C",241,2,0
938,4,213,NA,NA,NA,0
939,4,213,NA,NA,NA,0
940,4,213,"E",28,3,0
941,5,214,NA,NA,NA,0
942,5,214,NA,NA,NA,0
943,5,214,NA,NA,NA,0
944,5,214,NA,NA,NA,0
945,5,214,NA,NA,NA,0
946,6,215,"H",294,2,0
947,6,215,"E",337,1,0
948,6,215,NA,NA,NA,0
949,6,215,"H",129,4,0
950,6,215,"E",259,3,1
951,6,215,"E",103,5,1
952,3,216,"E",48,2,0
953,3,216,"E",83,1,0
954,3,216,NA,NA,NA,0
955,6,217,NA,NA,NA,0
956,6,217,NA,NA,NA,0
957,6,217,"H",183,4,0
958,6,217,"E",119,5,1
959,6,217,NA,NA,NA,0
960,6,217,NA,NA,NA,0
961,3,218,NA,NA,NA,0
962,3,218,NA,NA,NA,0
963,3,218,NA,NA,NA,0
964,6,219,"E",229,3,1
965,6,219,NA,NA,NA,0
966,6,219,"E",194,5,1
967,6,219,"H",218,3,0
968,6,219,"H",264,2,0
969,6,219,NA,NA,NA,0
970,6,220,"H",137,3,0
971,6,220,"E",63,5,2
972,6,220,NA,NA,NA,0
973,6,220,NA,NA,NA,0
974,6,220,"H",93,3,0
975,6,220,"E",298,2,0
976,4,221,NA,NA,NA,0
977,4,221,NA,NA,NA,0
978,4,221,"E",239,3,0
979,4,221,NA,NA,NA,0
980,6,222,NA,NA,NA,0
981,6,222,NA,NA,NA,0
982,6,222,"E",71,5,1
983,6,222,"H",314,2,0
984,6,222,"E",255,3,1
985,6,222,"H",106,4,0
986,5,223,"E",68,4,0
987,5,223,NA,NA,NA,0
988,5,223,"E",272,3,0
989,5,223,NA,NA,NA,0
990,5,223,NA,NA,NA,0
991,5,224,NA,NA,NA,0
992,5,224,NA,NA,NA,0
993,5,224,NA,NA,NA,0
994,5,224,"C",212,4,0
995,5,224,NA,NA,NA,0
996,5,225,NA,NA,NA,0
997,5,225,"E",NA,NA,0
998,5,225,NA,NA,NA,0
999,5,225,NA,NA,NA,0
1000,5,225,NA,NA,NA,0
