"ID","SIZE","HH","TYPE","TIME","S_num","I_num"
1,5,1,"0",27,NA,0
2,5,1,NA,NA,NA,0
3,5,1,NA,NA,NA,0
4,5,1,NA,NA,NA,0
5,5,1,NA,NA,NA,0
6,4,2,NA,NA,NA,0
7,4,2,NA,NA,NA,0
8,4,2,NA,NA,NA,0
9,4,2,NA,NA,NA,0
10,3,3,NA,NA,NA,0
11,3,3,NA,NA,NA,0
12,3,3,NA,NA,NA,0
13,5,4,NA,NA,NA,0
14,5,4,NA,NA,NA,0
15,5,4,NA,NA,NA,0
16,5,4,NA,NA,NA,0
17,5,4,NA,NA,NA,0
18,5,5,NA,NA,NA,0
19,5,5,NA,NA,NA,0
20,5,5,NA,NA,NA,0
21,5,5,NA,NA,NA,0
22,5,5,NA,NA,NA,0
23,5,6,NA,NA,NA,0
24,5,6,NA,NA,NA,0
25,5,6,NA,NA,NA,0
26,5,6,NA,NA,NA,0
27,5,6,NA,NA,NA,0
28,4,7,NA,NA,NA,0
29,4,7,NA,NA,NA,0
30,4,7,NA,NA,NA,0
31,4,7,NA,NA,NA,0
32,4,8,NA,NA,NA,0
33,4,8,NA,NA,NA,0
34,4,8,NA,NA,NA,0
35,4,8,NA,NA,NA,0
36,4,9,NA,NA,NA,0
37,4,9,"E",NA,NA,0
38,4,9,NA,NA,NA,0
39,4,9,NA,NA,NA,0
40,4,10,NA,NA,NA,0
41,4,10,NA,NA,NA,0
42,4,10,NA,NA,NA,0
43,4,10,NA,NA,NA,0
44,5,11,NA,NA,NA,0
45,5,11,NA,NA,NA,0
46,5,11,NA,NA,NA,0
47,5,11,NA,NA,NA,0
48,5,11,NA,NA,NA,0
49,4,12,NA,NA,NA,0
50,4,12,NA,NA,NA,0
51,4,12,NA,NA,NA,0
52,4,12,NA,NA,NA,0
53,3,13,NA,NA,NA,0
54,3,13,NA,NA,NA,0
55,3,13,NA,NA,NA,0
56,4,14,NA,NA,NA,0
57,4,14,NA,NA,NA,0
58,4,14,NA,NA,NA,0
59,4,14,NA,NA,NA,0
60,6,15,NA,NA,NA,0
61,6,15,NA,NA,NA,0
62,6,15,NA,NA,NA,0
63,6,15,NA,NA,NA,0
64,6,15,NA,NA,NA,0
65,6,15,"E",182,NA,0
66,3,16,NA,NA,NA,0
67,3,16,NA,NA,NA,0
68,3,16,NA,NA,NA,0
69,5,17,NA,NA,NA,0
70,5,17,NA,NA,NA,0
71,5,17,NA,NA,NA,0
72,5,17,NA,NA,NA,0
73,5,17,NA,NA,NA,0
74,6,18,NA,NA,NA,0
75,6,18,NA,NA,NA,0
76,6,18,NA,NA,NA,0
77,6,18,NA,NA,NA,0
78,6,18,NA,NA,NA,0
79,6,18,NA,NA,NA,0
80,3,19,NA,NA,NA,0
81,3,19,NA,NA,NA,0
82,3,19,NA,NA,NA,0
83,3,20,NA,NA,NA,0
84,3,20,NA,NA,NA,0
85,3,20,NA,NA,NA,0
86,4,21,"E",NA,NA,0
87,4,21,NA,NA,NA,0
88,4,21,NA,NA,NA,0
89,4,21,"E",291,NA,0
90,4,22,NA,NA,NA,0
91,4,22,NA,NA,NA,0
92,4,22,NA,NA,NA,0
93,4,22,NA,NA,NA,0
94,3,23,NA,NA,NA,0
95,3,23,NA,NA,NA,0
96,3,23,NA,NA,NA,0
97,4,24,NA,NA,NA,0
98,4,24,NA,NA,NA,0
99,4,24,NA,NA,NA,0
100,4,24,NA,NA,NA,0
101,4,25,NA,NA,NA,0
102,4,25,NA,NA,NA,0
103,4,25,NA,NA,NA,0
104,4,25,NA,NA,NA,0
105,3,26,NA,NA,NA,0
106,3,26,NA,NA,NA,0
107,3,26,"E",79,NA,0
108,3,27,NA,NA,NA,0
109,3,27,NA,NA,NA,0
110,3,27,NA,NA,NA,0
111,5,28,NA,NA,NA,0
112,5,28,NA,NA,NA,0
113,5,28,NA,NA,NA,0
114,5,28,NA,NA,NA,0
115,5,28,"E",229,NA,0
116,5,29,NA,NA,NA,0
117,5,29,NA,NA,NA,0
118,5,29,NA,NA,NA,0
119,5,29,NA,NA,NA,0
120,5,29,NA,NA,NA,0
121,6,30,NA,NA,NA,0
122,6,30,NA,NA,NA,0
123,6,30,NA,NA,NA,0
124,6,30,NA,NA,NA,0
125,6,30,NA,NA,NA,0
126,6,30,NA,NA,NA,0
127,6,31,NA,NA,NA,0
128,6,31,NA,NA,NA,0
129,6,31,NA,NA,NA,0
130,6,31,NA,NA,NA,0
131,6,31,NA,NA,NA,0
132,6,31,NA,NA,NA,0
133,6,32,NA,NA,NA,0
134,6,32,NA,NA,NA,0
135,6,32,NA,NA,NA,0
136,6,32,NA,NA,NA,0
137,6,32,NA,NA,NA,0
138,6,32,NA,NA,NA,0
139,3,33,NA,NA,NA,0
140,3,33,NA,NA,NA,0
141,3,33,NA,NA,NA,0
142,6,34,NA,NA,NA,0
143,6,34,NA,NA,NA,0
144,6,34,NA,NA,NA,0
145,6,34,NA,NA,NA,0
146,6,34,NA,NA,NA,0
147,6,34,NA,NA,NA,0
148,4,35,NA,NA,NA,0
149,4,35,NA,NA,NA,0
150,4,35,NA,NA,NA,0
151,4,35,NA,NA,NA,0
152,3,36,NA,NA,NA,0
153,3,36,NA,NA,NA,0
154,3,36,NA,NA,NA,0
155,4,37,NA,NA,NA,0
156,4,37,NA,NA,NA,0
157,4,37,NA,NA,NA,0
158,4,37,NA,NA,NA,0
159,3,38,"E",271,NA,0
160,3,38,NA,NA,NA,0
161,3,38,NA,NA,NA,0
162,6,39,NA,NA,NA,0
163,6,39,NA,NA,NA,0
164,6,39,NA,NA,NA,0
165,6,39,NA,NA,NA,0
166,6,39,NA,NA,NA,0
167,6,39,NA,NA,NA,0
168,4,40,"E",248,NA,0
169,4,40,NA,NA,NA,0
170,4,40,NA,NA,NA,0
171,4,40,NA,NA,NA,0
172,4,41,NA,NA,NA,0
173,4,41,NA,NA,NA,0
174,4,41,NA,NA,NA,0
175,4,41,NA,NA,NA,0
176,4,42,NA,NA,NA,0
177,4,42,NA,NA,NA,0
178,4,42,NA,NA,NA,0
179,4,42,NA,NA,NA,0
180,6,43,NA,NA,NA,0
181,6,43,NA,NA,NA,0
182,6,43,NA,NA,NA,0
183,6,43,NA,NA,NA,0
184,6,43,NA,NA,NA,0
185,6,43,NA,NA,NA,0
186,4,44,"E",330,NA,0
187,4,44,NA,NA,NA,0
188,4,44,NA,NA,NA,0
189,4,44,NA,NA,NA,0
190,5,45,NA,NA,NA,0
191,5,45,NA,NA,NA,0
192,5,45,"E",317,NA,0
193,5,45,NA,NA,NA,0
194,5,45,"E",NA,NA,0
195,6,46,NA,NA,NA,0
196,6,46,NA,NA,NA,0
197,6,46,NA,NA,NA,0
198,6,46,NA,NA,NA,0
199,6,46,NA,NA,NA,0
200,6,46,NA,NA,NA,0
201,5,47,NA,NA,NA,0
202,5,47,"E",336,NA,0
203,5,47,NA,NA,NA,0
204,5,47,NA,NA,NA,0
205,5,47,NA,NA,NA,0
206,3,48,NA,NA,NA,0
207,3,48,NA,NA,NA,0
208,3,48,NA,NA,NA,0
209,6,49,NA,NA,NA,0
210,6,49,NA,NA,NA,0
211,6,49,NA,NA,NA,0
212,6,49,NA,NA,NA,0
213,6,49,NA,NA,NA,0
214,6,49,"E",238,NA,0
215,4,50,NA,NA,NA,0
216,4,50,"E",54,NA,0
217,4,50,NA,NA,NA,0
218,4,50,NA,NA,NA,0
219,4,51,NA,NA,NA,0
220,4,51,NA,NA,NA,0
221,4,51,NA,NA,NA,0
222,4,51,NA,NA,NA,0
223,4,52,NA,NA,NA,0
224,4,52,NA,NA,NA,0
225,4,52,NA,NA,NA,0
226,4,52,NA,NA,NA,0
227,5,53,NA,NA,NA,0
228,5,53,NA,NA,NA,0
229,5,53,NA,NA,NA,0
230,5,53,NA,NA,NA,0
231,5,53,NA,NA,NA,0
232,4,54,NA,NA,NA,0
233,4,54,NA,NA,NA,0
234,4,54,NA,NA,NA,0
235,4,54,NA,NA,NA,0
236,3,55,NA,NA,NA,0
237,3,55,"E",198,NA,0
238,3,55,NA,NA,NA,0
239,4,56,NA,NA,NA,0
240,4,56,NA,NA,NA,0
241,4,56,NA,NA,NA,0
242,4,56,NA,NA,NA,0
243,4,57,NA,NA,NA,0
244,4,57,NA,NA,NA,0
245,4,57,NA,NA,NA,0
246,4,57,NA,NA,NA,0
247,3,58,NA,NA,NA,0
248,3,58,NA,NA,NA,0
249,3,58,NA,NA,NA,0
250,4,59,NA,NA,NA,0
251,4,59,NA,NA,NA,0
252,4,59,NA,NA,NA,0
253,4,59,NA,NA,NA,0
254,6,60,NA,NA,NA,0
255,6,60,NA,NA,NA,0
256,6,60,NA,NA,NA,0
257,6,60,NA,NA,NA,0
258,6,60,NA,NA,NA,0
259,6,60,NA,NA,NA,0
260,3,61,NA,NA,NA,0
261,3,61,NA,NA,NA,0
262,3,61,NA,NA,NA,0
263,4,62,NA,NA,NA,0
264,4,62,NA,NA,NA,0
265,4,62,NA,NA,NA,0
266,4,62,NA,NA,NA,0
267,5,63,NA,NA,NA,0
268,5,63,NA,NA,NA,0
269,5,63,NA,NA,NA,0
270,5,63,NA,NA,NA,0
271,5,63,NA,NA,NA,0
272,5,64,NA,NA,NA,0
273,5,64,"E",146,NA,0
274,5,64,NA,NA,NA,0
275,5,64,NA,NA,NA,0
276,5,64,NA,NA,NA,0
277,4,65,NA,NA,NA,0
278,4,65,NA,NA,NA,0
279,4,65,NA,NA,NA,0
280,4,65,NA,NA,NA,0
281,3,66,NA,NA,NA,0
282,3,66,NA,NA,NA,0
283,3,66,NA,NA,NA,0
284,4,67,NA,NA,NA,0
285,4,67,NA,NA,NA,0
286,4,67,NA,NA,NA,0
287,4,67,NA,NA,NA,0
288,4,68,NA,NA,NA,0
289,4,68,"E",350,NA,0
290,4,68,NA,NA,NA,0
291,4,68,NA,NA,NA,0
292,3,69,NA,NA,NA,0
293,3,69,NA,NA,NA,0
294,3,69,NA,NA,NA,0
295,5,70,NA,NA,NA,0
296,5,70,NA,NA,NA,0
297,5,70,NA,NA,NA,0
298,5,70,NA,NA,NA,0
299,5,70,NA,NA,NA,0
300,5,71,NA,NA,NA,0
301,5,71,NA,NA,NA,0
302,5,71,NA,NA,NA,0
303,5,71,NA,NA,NA,0
304,5,71,NA,NA,NA,0
305,6,72,NA,NA,NA,0
306,6,72,NA,NA,NA,0
307,6,72,NA,NA,NA,0
308,6,72,NA,NA,NA,0
309,6,72,NA,NA,NA,0
310,6,72,NA,NA,NA,0
311,3,73,NA,NA,NA,0
312,3,73,"E",235,NA,0
313,3,73,"E",84,NA,0
314,5,74,NA,NA,NA,0
315,5,74,NA,NA,NA,0
316,5,74,NA,NA,NA,0
317,5,74,NA,NA,NA,0
318,5,74,NA,NA,NA,0
319,4,75,NA,NA,NA,0
320,4,75,NA,NA,NA,0
321,4,75,"E",247,NA,0
322,4,75,NA,NA,NA,0
323,5,76,NA,NA,NA,0
324,5,76,NA,NA,NA,0
325,5,76,NA,NA,NA,0
326,5,76,NA,NA,NA,0
327,5,76,NA,NA,NA,0
328,6,77,"E",311,NA,0
329,6,77,NA,NA,NA,0
330,6,77,NA,NA,NA,0
331,6,77,NA,NA,NA,0
332,6,77,NA,NA,NA,0
333,6,77,NA,NA,NA,0
334,3,78,NA,NA,NA,0
335,3,78,NA,NA,NA,0
336,3,78,NA,NA,NA,0
337,5,79,NA,NA,NA,0
338,5,79,NA,NA,NA,0
339,5,79,NA,NA,NA,0
340,5,79,NA,NA,NA,0
341,5,79,NA,NA,NA,0
342,6,80,NA,NA,NA,0
343,6,80,NA,NA,NA,0
344,6,80,NA,NA,NA,0
345,6,80,NA,NA,NA,0
346,6,80,NA,NA,NA,0
347,6,80,NA,NA,NA,0
348,3,81,NA,NA,NA,0
349,3,81,"E",351,NA,0
350,3,81,NA,NA,NA,0
351,5,82,NA,NA,NA,0
352,5,82,NA,NA,NA,0
353,5,82,NA,NA,NA,0
354,5,82,NA,NA,NA,0
355,5,82,NA,NA,NA,0
356,6,83,NA,NA,NA,0
357,6,83,NA,NA,NA,0
358,6,83,NA,NA,NA,0
359,6,83,NA,NA,NA,0
360,6,83,NA,NA,NA,0
361,6,83,NA,NA,NA,0
362,4,84,NA,NA,NA,0
363,4,84,NA,NA,NA,0
364,4,84,NA,NA,NA,0
365,4,84,NA,NA,NA,0
366,3,85,NA,NA,NA,0
367,3,85,"E",NA,NA,0
368,3,85,NA,NA,NA,0
369,5,86,NA,NA,NA,0
370,5,86,NA,NA,NA,0
371,5,86,NA,NA,NA,0
372,5,86,NA,NA,NA,0
373,5,86,NA,NA,NA,0
374,6,87,NA,NA,NA,0
375,6,87,NA,NA,NA,0
376,6,87,NA,NA,NA,0
377,6,87,NA,NA,NA,0
378,6,87,NA,NA,NA,0
379,6,87,NA,NA,NA,0
380,6,88,NA,NA,NA,0
381,6,88,NA,NA,NA,0
382,6,88,NA,NA,NA,0
383,6,88,NA,NA,NA,0
384,6,88,NA,NA,NA,0
385,6,88,NA,NA,NA,0
386,5,89,"E",294,NA,0
387,5,89,NA,NA,NA,0
388,5,89,NA,NA,NA,0
389,5,89,NA,NA,NA,0
390,5,89,NA,NA,NA,0
391,5,90,"E",NA,NA,0
392,5,90,NA,NA,NA,0
393,5,90,NA,NA,NA,0
394,5,90,NA,NA,NA,0
395,5,90,NA,NA,NA,0
396,6,91,NA,NA,NA,0
397,6,91,NA,NA,NA,0
398,6,91,NA,NA,NA,0
399,6,91,NA,NA,NA,0
400,6,91,NA,NA,NA,0
401,6,91,NA,NA,NA,0
402,6,92,NA,NA,NA,0
403,6,92,NA,NA,NA,0
404,6,92,NA,NA,NA,0
405,6,92,NA,NA,NA,0
406,6,92,NA,NA,NA,0
407,6,92,NA,NA,NA,0
408,6,93,NA,NA,NA,0
409,6,93,NA,NA,NA,0
410,6,93,NA,NA,NA,0
411,6,93,NA,NA,NA,0
412,6,93,NA,NA,NA,0
413,6,93,NA,NA,NA,0
414,3,94,NA,NA,NA,0
415,3,94,NA,NA,NA,0
416,3,94,NA,NA,NA,0
417,5,95,NA,NA,NA,0
418,5,95,NA,NA,NA,0
419,5,95,NA,NA,NA,0
420,5,95,NA,NA,NA,0
421,5,95,"E",NA,NA,0
422,6,96,NA,NA,NA,0
423,6,96,NA,NA,NA,0
424,6,96,NA,NA,NA,0
425,6,96,"E",316,NA,0
426,6,96,NA,NA,NA,0
427,6,96,NA,NA,NA,0
428,4,97,NA,NA,NA,0
429,4,97,NA,NA,NA,0
430,4,97,NA,NA,NA,0
431,4,97,NA,NA,NA,0
432,3,98,NA,NA,NA,0
433,3,98,NA,NA,NA,0
434,3,98,NA,NA,NA,0
435,3,99,NA,NA,NA,0
436,3,99,NA,NA,NA,0
437,3,99,NA,NA,NA,0
438,4,100,NA,NA,NA,0
439,4,100,NA,NA,NA,0
440,4,100,NA,NA,NA,0
441,4,100,NA,NA,NA,0
442,3,101,NA,NA,NA,0
443,3,101,NA,NA,NA,0
444,3,101,NA,NA,NA,0
445,6,102,NA,NA,NA,0
446,6,102,NA,NA,NA,0
447,6,102,NA,NA,NA,0
448,6,102,NA,NA,NA,0
449,6,102,NA,NA,NA,0
450,6,102,NA,NA,NA,0
451,3,103,NA,NA,NA,0
452,3,103,NA,NA,NA,0
453,3,103,NA,NA,NA,0
454,5,104,NA,NA,NA,0
455,5,104,NA,NA,NA,0
456,5,104,NA,NA,NA,0
457,5,104,NA,NA,NA,0
458,5,104,"E",308,NA,0
459,4,105,NA,NA,NA,0
460,4,105,NA,NA,NA,0
461,4,105,NA,NA,NA,0
462,4,105,NA,NA,NA,0
463,6,106,NA,NA,NA,0
464,6,106,NA,NA,NA,0
465,6,106,NA,NA,NA,0
466,6,106,NA,NA,NA,0
467,6,106,NA,NA,NA,0
468,6,106,NA,NA,NA,0
469,4,107,NA,NA,NA,0
470,4,107,NA,NA,NA,0
471,4,107,NA,NA,NA,0
472,4,107,NA,NA,NA,0
473,6,108,NA,NA,NA,0
474,6,108,NA,NA,NA,0
475,6,108,NA,NA,NA,0
476,6,108,NA,NA,NA,0
477,6,108,NA,NA,NA,0
478,6,108,NA,NA,NA,0
479,5,109,NA,NA,NA,0
480,5,109,NA,NA,NA,0
481,5,109,NA,NA,NA,0
482,5,109,NA,NA,NA,0
483,5,109,NA,NA,NA,0
484,6,110,NA,NA,NA,0
485,6,110,NA,NA,NA,0
486,6,110,NA,NA,NA,0
487,6,110,NA,NA,NA,0
488,6,110,NA,NA,NA,0
489,6,110,NA,NA,NA,0
490,6,111,NA,NA,NA,0
491,6,111,NA,NA,NA,0
492,6,111,NA,NA,NA,0
493,6,111,NA,NA,NA,0
494,6,111,NA,NA,NA,0
495,6,111,NA,NA,NA,0
496,3,112,NA,NA,NA,0
497,3,112,NA,NA,NA,0
498,3,112,NA,NA,NA,0
499,6,113,NA,NA,NA,0
500,6,113,NA,NA,NA,0
501,6,113,NA,NA,NA,0
502,6,113,NA,NA,NA,0
503,6,113,NA,NA,NA,0
504,6,113,NA,NA,NA,0
505,5,114,NA,NA,NA,0
506,5,114,NA,NA,NA,0
507,5,114,NA,NA,NA,0
508,5,114,NA,NA,NA,0
509,5,114,NA,NA,NA,0
510,4,115,"E",213,NA,0
511,4,115,NA,NA,NA,0
512,4,115,NA,NA,NA,0
513,4,115,NA,NA,NA,0
514,6,116,NA,NA,NA,0
515,6,116,NA,NA,NA,0
516,6,116,NA,NA,NA,0
517,6,116,NA,NA,NA,0
518,6,116,"E",167,NA,0
519,6,116,NA,NA,NA,0
520,6,117,NA,NA,NA,0
521,6,117,NA,NA,NA,0
522,6,117,NA,NA,NA,0
523,6,117,NA,NA,NA,0
524,6,117,NA,NA,NA,0
525,6,117,NA,NA,NA,0
526,5,118,NA,NA,NA,0
527,5,118,NA,NA,NA,0
528,5,118,NA,NA,NA,0
529,5,118,NA,NA,NA,0
530,5,118,NA,NA,NA,0
531,3,119,NA,NA,NA,0
532,3,119,NA,NA,NA,0
533,3,119,NA,NA,NA,0
534,3,120,NA,NA,NA,0
535,3,120,NA,NA,NA,0
536,3,120,NA,NA,NA,0
537,4,121,NA,NA,NA,0
538,4,121,NA,NA,NA,0
539,4,121,NA,NA,NA,0
540,4,121,NA,NA,NA,0
541,6,122,NA,NA,NA,0
542,6,122,"E",333,NA,0
543,6,122,NA,NA,NA,0
544,6,122,NA,NA,NA,0
545,6,122,NA,NA,NA,0
546,6,122,NA,NA,NA,0
547,4,123,NA,NA,NA,0
548,4,123,"E",75,NA,0
549,4,123,NA,NA,NA,0
550,4,123,NA,NA,NA,0
551,6,124,NA,NA,NA,0
552,6,124,NA,NA,NA,0
553,6,124,NA,NA,NA,0
554,6,124,NA,NA,NA,0
555,6,124,NA,NA,NA,0
556,6,124,"E",309,NA,0
557,6,125,NA,NA,NA,0
558,6,125,NA,NA,NA,0
559,6,125,NA,NA,NA,0
560,6,125,NA,NA,NA,0
561,6,125,"E",162,NA,0
562,6,125,NA,NA,NA,0
563,5,126,NA,NA,NA,0
564,5,126,NA,NA,NA,0
565,5,126,NA,NA,NA,0
566,5,126,NA,NA,NA,0
567,5,126,NA,NA,NA,0
568,6,127,NA,NA,NA,0
569,6,127,NA,NA,NA,0
570,6,127,"E",333,NA,0
571,6,127,NA,NA,NA,0
572,6,127,NA,NA,NA,0
573,6,127,NA,NA,NA,0
574,6,128,NA,NA,NA,0
575,6,128,NA,NA,NA,0
576,6,128,NA,NA,NA,0
577,6,128,NA,NA,NA,0
578,6,128,NA,NA,NA,0
579,6,128,NA,NA,NA,0
580,4,129,NA,NA,NA,0
581,4,129,NA,NA,NA,0
582,4,129,NA,NA,NA,0
583,4,129,NA,NA,NA,0
584,3,130,"E",238,NA,0
585,3,130,NA,NA,NA,0
586,3,130,NA,NA,NA,0
587,4,131,NA,NA,NA,0
588,4,131,NA,NA,NA,0
589,4,131,NA,NA,NA,0
590,4,131,NA,NA,NA,0
591,4,132,NA,NA,NA,0
592,4,132,NA,NA,NA,0
593,4,132,NA,NA,NA,0
594,4,132,NA,NA,NA,0
595,4,133,NA,NA,NA,0
596,4,133,NA,NA,NA,0
597,4,133,NA,NA,NA,0
598,4,133,NA,NA,NA,0
599,5,134,NA,NA,NA,0
600,5,134,NA,NA,NA,0
601,5,134,NA,NA,NA,0
602,5,134,NA,NA,NA,0
603,5,134,NA,NA,NA,0
604,3,135,NA,NA,NA,0
605,3,135,NA,NA,NA,0
606,3,135,"E",288,NA,0
607,5,136,NA,NA,NA,0
608,5,136,"E",178,NA,0
609,5,136,NA,NA,NA,0
610,5,136,NA,NA,NA,0
611,5,136,NA,NA,NA,0
612,3,137,NA,NA,NA,0
613,3,137,NA,NA,NA,0
614,3,137,NA,NA,NA,0
615,5,138,NA,NA,NA,0
616,5,138,NA,NA,NA,0
617,5,138,"E",349,NA,0
618,5,138,NA,NA,NA,0
619,5,138,NA,NA,NA,0
620,5,139,NA,NA,NA,0
621,5,139,NA,NA,NA,0
622,5,139,NA,NA,NA,0
623,5,139,NA,NA,NA,0
624,5,139,NA,NA,NA,0
625,3,140,NA,NA,NA,0
626,3,140,NA,NA,NA,0
627,3,140,NA,NA,NA,0
628,4,141,NA,NA,NA,0
629,4,141,NA,NA,NA,0
630,4,141,NA,NA,NA,0
631,4,141,NA,NA,NA,0
632,6,142,NA,NA,NA,0
633,6,142,NA,NA,NA,0
634,6,142,NA,NA,NA,0
635,6,142,NA,NA,NA,0
636,6,142,NA,NA,NA,0
637,6,142,NA,NA,NA,0
638,4,143,NA,NA,NA,0
639,4,143,NA,NA,NA,0
640,4,143,NA,NA,NA,0
641,4,143,NA,NA,NA,0
642,6,144,"E",346,NA,0
643,6,144,NA,NA,NA,0
644,6,144,NA,NA,NA,0
645,6,144,NA,NA,NA,0
646,6,144,NA,NA,NA,0
647,6,144,NA,NA,NA,0
648,3,145,NA,NA,NA,0
649,3,145,NA,NA,NA,0
650,3,145,NA,NA,NA,0
651,3,146,NA,NA,NA,0
652,3,146,NA,NA,NA,0
653,3,146,NA,NA,NA,0
654,3,147,NA,NA,NA,0
655,3,147,"E",336,NA,0
656,3,147,NA,NA,NA,0
657,5,148,NA,NA,NA,0
658,5,148,NA,NA,NA,0
659,5,148,NA,NA,NA,0
660,5,148,"E",273,NA,0
661,5,148,NA,NA,NA,0
662,4,149,"E",364,NA,0
663,4,149,"E",233,NA,0
664,4,149,NA,NA,NA,0
665,4,149,NA,NA,NA,0
666,4,150,NA,NA,NA,0
667,4,150,NA,NA,NA,0
668,4,150,NA,NA,NA,0
669,4,150,NA,NA,NA,0
670,6,151,NA,NA,NA,0
671,6,151,NA,NA,NA,0
672,6,151,NA,NA,NA,0
673,6,151,NA,NA,NA,0
674,6,151,"E",213,NA,0
675,6,151,NA,NA,NA,0
676,6,152,NA,NA,NA,0
677,6,152,NA,NA,NA,0
678,6,152,NA,NA,NA,0
679,6,152,NA,NA,NA,0
680,6,152,NA,NA,NA,0
681,6,152,NA,NA,NA,0
682,5,153,"E",215,NA,0
683,5,153,NA,NA,NA,0
684,5,153,NA,NA,NA,0
685,5,153,NA,NA,NA,0
686,5,153,NA,NA,NA,0
687,5,154,NA,NA,NA,0
688,5,154,NA,NA,NA,0
689,5,154,NA,NA,NA,0
690,5,154,NA,NA,NA,0
691,5,154,NA,NA,NA,0
692,5,155,NA,NA,NA,0
693,5,155,NA,NA,NA,0
694,5,155,NA,NA,NA,0
695,5,155,NA,NA,NA,0
696,5,155,NA,NA,NA,0
697,5,156,NA,NA,NA,0
698,5,156,NA,NA,NA,0
699,5,156,NA,NA,NA,0
700,5,156,NA,NA,NA,0
701,5,156,NA,NA,NA,0
702,5,157,NA,NA,NA,0
703,5,157,NA,NA,NA,0
704,5,157,NA,NA,NA,0
705,5,157,NA,NA,NA,0
706,5,157,NA,NA,NA,0
707,4,158,NA,NA,NA,0
708,4,158,NA,NA,NA,0
709,4,158,NA,NA,NA,0
710,4,158,NA,NA,NA,0
711,5,159,NA,NA,NA,0
712,5,159,NA,NA,NA,0
713,5,159,NA,NA,NA,0
714,5,159,NA,NA,NA,0
715,5,159,NA,NA,NA,0
716,6,160,NA,NA,NA,0
717,6,160,NA,NA,NA,0
718,6,160,NA,NA,NA,0
719,6,160,"E",196,NA,0
720,6,160,NA,NA,NA,0
721,6,160,NA,NA,NA,0
722,6,161,NA,NA,NA,0
723,6,161,NA,NA,NA,0
724,6,161,NA,NA,NA,0
725,6,161,NA,NA,NA,0
726,6,161,NA,NA,NA,0
727,6,161,NA,NA,NA,0
728,4,162,NA,NA,NA,0
729,4,162,NA,NA,NA,0
730,4,162,NA,NA,NA,0
731,4,162,NA,NA,NA,0
732,3,163,NA,NA,NA,0
733,3,163,NA,NA,NA,0
734,3,163,NA,NA,NA,0
735,4,164,NA,NA,NA,0
736,4,164,NA,NA,NA,0
737,4,164,NA,NA,NA,0
738,4,164,NA,NA,NA,0
739,3,165,NA,NA,NA,0
740,3,165,NA,NA,NA,0
741,3,165,NA,NA,NA,0
742,3,166,NA,NA,NA,0
743,3,166,NA,NA,NA,0
744,3,166,NA,NA,NA,0
745,4,167,"E",355,NA,0
746,4,167,NA,NA,NA,0
747,4,167,NA,NA,NA,0
748,4,167,NA,NA,NA,0
749,4,168,NA,NA,NA,0
750,4,168,NA,NA,NA,0
751,4,168,NA,NA,NA,0
752,4,168,NA,NA,NA,0
753,6,169,NA,NA,NA,0
754,6,169,NA,NA,NA,0
755,6,169,NA,NA,NA,0
756,6,169,NA,NA,NA,0
757,6,169,NA,NA,NA,0
758,6,169,NA,NA,NA,0
759,5,170,NA,NA,NA,0
760,5,170,NA,NA,NA,0
761,5,170,NA,NA,NA,0
762,5,170,NA,NA,NA,0
763,5,170,NA,NA,NA,0
764,3,171,NA,NA,NA,0
765,3,171,NA,NA,NA,0
766,3,171,NA,NA,NA,0
767,3,172,NA,NA,NA,0
768,3,172,NA,NA,NA,0
769,3,172,NA,NA,NA,0
770,3,173,NA,NA,NA,0
771,3,173,NA,NA,NA,0
772,3,173,NA,NA,NA,0
773,3,174,NA,NA,NA,0
774,3,174,NA,NA,NA,0
775,3,174,NA,NA,NA,0
776,4,175,NA,NA,NA,0
777,4,175,NA,NA,NA,0
778,4,175,NA,NA,NA,0
779,4,175,NA,NA,NA,0
780,6,176,NA,NA,NA,0
781,6,176,NA,NA,NA,0
782,6,176,NA,NA,NA,0
783,6,176,NA,NA,NA,0
784,6,176,NA,NA,NA,0
785,6,176,NA,NA,NA,0
786,6,177,NA,NA,NA,0
787,6,177,NA,NA,NA,0
788,6,177,NA,NA,NA,0
789,6,177,NA,NA,NA,0
790,6,177,NA,NA,NA,0
791,6,177,NA,NA,NA,0
792,6,178,NA,NA,NA,0
793,6,178,NA,NA,NA,0
794,6,178,NA,NA,NA,0
795,6,178,NA,NA,NA,0
796,6,178,NA,NA,NA,0
797,6,178,NA,NA,NA,0
798,5,179,NA,NA,NA,0
799,5,179,NA,NA,NA,0
800,5,179,NA,NA,NA,0
801,5,179,NA,NA,NA,0
802,5,179,NA,NA,NA,0
803,3,180,NA,NA,NA,0
804,3,180,NA,NA,NA,0
805,3,180,NA,NA,NA,0
806,5,181,NA,NA,NA,0
807,5,181,NA,NA,NA,0
808,5,181,NA,NA,NA,0
809,5,181,NA,NA,NA,0
810,5,181,NA,NA,NA,0
811,3,182,NA,NA,NA,0
812,3,182,NA,NA,NA,0
813,3,182,NA,NA,NA,0
814,4,183,NA,NA,NA,0
815,4,183,NA,NA,NA,0
816,4,183,NA,NA,NA,0
817,4,183,NA,NA,NA,0
818,4,184,NA,NA,NA,0
819,4,184,NA,NA,NA,0
820,4,184,NA,NA,NA,0
821,4,184,NA,NA,NA,0
822,4,185,NA,NA,NA,0
823,4,185,NA,NA,NA,0
824,4,185,NA,NA,NA,0
825,4,185,NA,NA,NA,0
826,6,186,NA,NA,NA,0
827,6,186,NA,NA,NA,0
828,6,186,NA,NA,NA,0
829,6,186,NA,NA,NA,0
830,6,186,NA,NA,NA,0
831,6,186,NA,NA,NA,0
832,3,187,NA,NA,NA,0
833,3,187,NA,NA,NA,0
834,3,187,NA,NA,NA,0
835,3,188,NA,NA,NA,0
836,3,188,NA,NA,NA,0
837,3,188,NA,NA,NA,0
838,4,189,NA,NA,NA,0
839,4,189,NA,NA,NA,0
840,4,189,NA,NA,NA,0
841,4,189,NA,NA,NA,0
842,4,190,NA,NA,NA,0
843,4,190,NA,NA,NA,0
844,4,190,NA,NA,NA,0
845,4,190,NA,NA,NA,0
846,5,191,NA,NA,NA,0
847,5,191,NA,NA,NA,0
848,5,191,NA,NA,NA,0
849,5,191,NA,NA,NA,0
850,5,191,NA,NA,NA,0
851,5,192,NA,NA,NA,0
852,5,192,NA,NA,NA,0
853,5,192,NA,NA,NA,0
854,5,192,NA,NA,NA,0
855,5,192,NA,NA,NA,0
856,3,193,NA,NA,NA,0
857,3,193,NA,NA,NA,0
858,3,193,NA,NA,NA,0
859,3,194,NA,NA,NA,0
860,3,194,NA,NA,NA,0
861,3,194,NA,NA,NA,0
862,4,195,"E",146,NA,0
863,4,195,NA,NA,NA,0
864,4,195,NA,NA,NA,0
865,4,195,NA,NA,NA,0
866,6,196,NA,NA,NA,0
867,6,196,NA,NA,NA,0
868,6,196,NA,NA,NA,0
869,6,196,NA,NA,NA,0
870,6,196,NA,NA,NA,0
871,6,196,NA,NA,NA,0
872,6,197,NA,NA,NA,0
873,6,197,NA,NA,NA,0
874,6,197,NA,NA,NA,0
875,6,197,NA,NA,NA,0
876,6,197,"E",54,NA,0
877,6,197,NA,NA,NA,0
878,4,198,"E",299,NA,0
879,4,198,NA,NA,NA,0
880,4,198,NA,NA,NA,0
881,4,198,"E",320,NA,0
882,4,199,NA,NA,NA,0
883,4,199,NA,NA,NA,0
884,4,199,NA,NA,NA,0
885,4,199,NA,NA,NA,0
886,3,200,NA,NA,NA,0
887,3,200,NA,NA,NA,0
888,3,200,NA,NA,NA,0
889,5,201,NA,NA,NA,0
890,5,201,NA,NA,NA,0
891,5,201,NA,NA,NA,0
892,5,201,NA,NA,NA,0
893,5,201,NA,NA,NA,0
894,3,202,NA,NA,NA,0
895,3,202,NA,NA,NA,0
896,3,202,NA,NA,NA,0
897,4,203,NA,NA,NA,0
898,4,203,NA,NA,NA,0
899,4,203,NA,NA,NA,0
900,4,203,NA,NA,NA,0
901,4,204,NA,NA,NA,0
902,4,204,NA,NA,NA,0
903,4,204,NA,NA,NA,0
904,4,204,NA,NA,NA,0
905,4,205,NA,NA,NA,0
906,4,205,NA,NA,NA,0
907,4,205,NA,NA,NA,0
908,4,205,NA,NA,NA,0
909,4,206,NA,NA,NA,0
910,4,206,NA,NA,NA,0
911,4,206,NA,NA,NA,0
912,4,206,NA,NA,NA,0
913,3,207,"E",347,NA,0
914,3,207,NA,NA,NA,0
915,3,207,NA,NA,NA,0
916,6,208,NA,NA,NA,0
917,6,208,NA,NA,NA,0
918,6,208,"E",108,NA,0
919,6,208,NA,NA,NA,0
920,6,208,NA,NA,NA,0
921,6,208,NA,NA,NA,0
922,5,209,NA,NA,NA,0
923,5,209,"E",339,NA,0
924,5,209,NA,NA,NA,0
925,5,209,NA,NA,NA,0
926,5,209,NA,NA,NA,0
927,4,210,NA,NA,NA,0
928,4,210,NA,NA,NA,0
929,4,210,NA,NA,NA,0
930,4,210,NA,NA,NA,0
931,5,211,NA,NA,NA,0
932,5,211,"E",NA,NA,0
933,5,211,NA,NA,NA,0
934,5,211,NA,NA,NA,0
935,5,211,NA,NA,NA,0
936,5,212,NA,NA,NA,0
937,5,212,NA,NA,NA,0
938,5,212,NA,NA,NA,0
939,5,212,NA,NA,NA,0
940,5,212,NA,NA,NA,0
941,5,213,NA,NA,NA,0
942,5,213,NA,NA,NA,0
943,5,213,NA,NA,NA,0
944,5,213,NA,NA,NA,0
945,5,213,NA,NA,NA,0
946,6,214,NA,NA,NA,0
947,6,214,NA,NA,NA,0
948,6,214,NA,NA,NA,0
949,6,214,NA,NA,NA,0
950,6,214,NA,NA,NA,0
951,6,214,NA,NA,NA,0
952,5,215,NA,NA,NA,0
953,5,215,NA,NA,NA,0
954,5,215,NA,NA,NA,0
955,5,215,NA,NA,NA,0
956,5,215,NA,NA,NA,0
957,3,216,NA,NA,NA,0
958,3,216,NA,NA,NA,0
959,3,216,NA,NA,NA,0
960,6,217,NA,NA,NA,0
961,6,217,NA,NA,NA,0
962,6,217,NA,NA,NA,0
963,6,217,NA,NA,NA,0
964,6,217,NA,NA,NA,0
965,6,217,"E",206,NA,0
966,5,218,NA,NA,NA,0
967,5,218,NA,NA,NA,0
968,5,218,NA,NA,NA,0
969,5,218,NA,NA,NA,0
970,5,218,NA,NA,NA,0
971,6,219,NA,NA,NA,0
972,6,219,NA,NA,NA,0
973,6,219,NA,NA,NA,0
974,6,219,NA,NA,NA,0
975,6,219,NA,NA,NA,0
976,6,219,NA,NA,NA,0
977,5,220,NA,NA,NA,0
978,5,220,NA,NA,NA,0
979,5,220,NA,NA,NA,0
980,5,220,NA,NA,NA,0
981,5,220,NA,NA,NA,0
982,6,221,NA,NA,NA,0
983,6,221,NA,NA,NA,0
984,6,221,NA,NA,NA,0
985,6,221,NA,NA,NA,0
986,6,221,NA,NA,NA,0
987,6,221,NA,NA,NA,0
988,4,222,NA,NA,NA,0
989,4,222,NA,NA,NA,0
990,4,222,NA,NA,NA,0
991,4,222,"E",291,NA,0
992,6,223,NA,NA,NA,0
993,6,223,NA,NA,NA,0
994,6,223,NA,NA,NA,0
995,6,223,NA,NA,NA,0
996,6,223,NA,NA,NA,0
997,6,223,NA,NA,NA,0
998,3,224,NA,NA,NA,0
999,3,224,NA,NA,NA,0
1000,3,224,NA,NA,NA,0
