"ID","SIZE","HH","TYPE","TIME","S_NUM","I_NUM"
1,6,1,"0",NA,NA,0
2,6,1,"C",273,4,3
3,6,1,"H",331,0,0
4,6,1,"H",290,1,1
5,6,1,"H",310,0,0
6,6,1,"H",312,0,0
7,3,2,NA,NA,NA,0
8,3,2,NA,NA,NA,0
9,3,2,NA,NA,NA,0
10,4,3,NA,NA,NA,0
11,4,3,NA,NA,NA,0
12,4,3,NA,NA,NA,0
13,4,3,"E",NA,NA,0
14,5,4,NA,NA,NA,0
15,5,4,NA,NA,NA,0
16,5,4,"E",97,4,1
17,5,4,"H",121,3,0
18,5,4,NA,NA,NA,0
19,4,5,"E",340,3,1
20,4,5,"H",NA,NA,0
21,4,5,NA,NA,NA,0
22,4,5,NA,NA,NA,0
23,3,6,NA,NA,NA,0
24,3,6,NA,NA,NA,0
25,3,6,NA,NA,NA,0
26,5,7,NA,NA,NA,0
27,5,7,NA,NA,NA,0
28,5,7,"C",212,3,0
29,5,7,NA,NA,NA,0
30,5,7,"C",102,4,0
31,4,8,"E",107,3,1
32,4,8,NA,NA,NA,0
33,4,8,"H",160,2,0
34,4,8,NA,NA,NA,0
35,3,9,"H",NA,NA,0
36,3,9,"E",333,2,1
37,3,9,NA,NA,NA,0
38,3,10,NA,NA,NA,0
39,3,10,NA,NA,NA,0
40,3,10,NA,NA,NA,0
41,3,11,NA,NA,NA,0
42,3,11,NA,NA,NA,0
43,3,11,NA,NA,NA,0
44,6,12,NA,NA,NA,0
45,6,12,NA,NA,NA,0
46,6,12,"C",173,5,1
47,6,12,"H",280,2,0
48,6,12,"H",199,4,2
49,6,12,"H",255,2,0
50,5,13,NA,NA,NA,0
51,5,13,NA,NA,NA,0
52,5,13,NA,NA,NA,0
53,5,13,NA,NA,NA,0
54,5,13,NA,NA,NA,0
55,5,14,"H",189,0,0
56,5,14,"H",164,2,2
57,5,14,"H",185,0,0
58,5,14,"H",207,0,0
59,5,14,"E",141,4,2
60,6,15,"H",291,2,2
61,6,15,"E",242,5,2
62,6,15,"H",312,0,0
63,6,15,"H",256,3,1
64,6,15,"H",335,0,0
65,6,15,"H",286,2,0
66,6,16,NA,NA,NA,0
67,6,16,NA,NA,NA,0
68,6,16,NA,NA,NA,0
69,6,16,"C",286,5,0
70,6,16,NA,NA,NA,0
71,6,16,NA,NA,NA,0
72,3,17,NA,NA,NA,0
73,3,17,NA,NA,NA,0
74,3,17,NA,NA,NA,0
75,4,18,"E",296,3,0
76,4,18,NA,NA,NA,0
77,4,18,NA,NA,NA,0
78,4,18,NA,NA,NA,0
79,4,19,NA,NA,NA,0
80,4,19,"H",353,2,0
81,4,19,"C",327,3,1
82,4,19,NA,NA,NA,0
83,4,20,NA,NA,NA,0
84,4,20,NA,NA,NA,0
85,4,20,NA,NA,NA,0
86,4,20,NA,NA,NA,0
87,4,21,"H",210,1,0
88,4,21,"C",163,2,0
89,4,21,"C",176,2,1
90,4,21,NA,NA,NA,0
91,4,22,"H",309,0,0
92,4,22,"E",268,3,2
93,4,22,"H",287,1,1
94,4,22,"H",314,0,0
95,3,23,NA,NA,NA,0
96,3,23,"H",140,1,0
97,3,23,"E",119,2,1
98,3,24,NA,NA,NA,0
99,3,24,NA,NA,NA,0
100,3,24,"C",90,2,0
101,5,25,NA,NA,NA,0
102,5,25,"C",302,3,0
103,5,25,"C",332,3,0
104,5,25,NA,NA,NA,0
105,5,25,NA,NA,NA,0
106,3,26,NA,NA,NA,0
107,3,26,"C",44,2,0
108,3,26,NA,NA,NA,0
109,4,27,NA,NA,NA,0
110,4,27,"C",347,3,1
111,4,27,NA,NA,NA,0
112,4,27,"H",NA,NA,0
113,5,28,"H",301,2,1
114,5,28,NA,NA,NA,0
115,5,28,"H",365,1,0
116,5,28,"H",257,3,1
117,5,28,"E",219,4,1
118,5,29,NA,NA,NA,0
119,5,29,NA,NA,NA,0
120,5,29,NA,NA,NA,0
121,5,29,NA,NA,NA,0
122,5,29,NA,NA,NA,0
123,5,30,NA,NA,NA,0
124,5,30,NA,NA,NA,0
125,5,30,NA,NA,NA,0
126,5,30,NA,NA,NA,0
127,5,30,NA,NA,NA,0
128,3,31,NA,NA,NA,0
129,3,31,NA,NA,NA,0
130,3,31,NA,NA,NA,0
131,6,32,NA,NA,NA,0
132,6,32,NA,NA,NA,0
133,6,32,"E",49,4,0
134,6,32,"H",76,2,0
135,6,32,"E",54,4,2
136,6,32,"H",71,2,0
137,6,33,"C",272,5,0
138,6,33,NA,NA,NA,0
139,6,33,NA,NA,NA,0
140,6,33,NA,NA,NA,0
141,6,33,NA,NA,NA,0
142,6,33,NA,NA,NA,0
143,5,34,"E",63,4,1
144,5,34,NA,NA,NA,0
145,5,34,NA,NA,NA,0
146,5,34,"H",113,3,0
147,5,34,NA,NA,NA,0
148,6,35,NA,NA,NA,0
149,6,35,NA,NA,NA,0
150,6,35,NA,NA,NA,0
151,6,35,"E",136,5,1
152,6,35,"H",199,4,0
153,6,35,NA,NA,NA,0
154,4,36,NA,NA,NA,0
155,4,36,"C",112,3,1
156,4,36,"H",138,2,0
157,4,36,NA,NA,NA,0
158,5,37,NA,NA,NA,0
159,5,37,"E",164,4,0
160,5,37,NA,NA,NA,0
161,5,37,NA,NA,NA,0
162,5,37,NA,NA,NA,0
163,4,38,NA,NA,NA,0
164,4,38,NA,NA,NA,0
165,4,38,NA,NA,NA,0
166,4,38,NA,NA,NA,0
167,5,39,"H",129,3,1
168,5,39,"E",114,4,1
169,5,39,"H",171,2,0
170,5,39,NA,NA,NA,0
171,5,39,NA,NA,NA,0
172,3,40,NA,NA,NA,0
173,3,40,NA,NA,NA,0
174,3,40,NA,NA,NA,0
175,4,41,"H",NA,NA,0
176,4,41,NA,NA,NA,0
177,4,41,NA,NA,NA,0
178,4,41,"C",306,3,1
179,5,42,"H",271,3,1
180,5,42,"C",218,4,1
181,5,42,"H",308,2,1
182,5,42,"H",333,1,0
183,5,42,NA,NA,NA,0
184,6,43,NA,NA,NA,0
185,6,43,NA,NA,NA,0
186,6,43,NA,NA,NA,0
187,6,43,NA,NA,NA,0
188,6,43,NA,NA,NA,0
189,6,43,NA,NA,NA,0
190,6,44,"E",255,4,0
191,6,44,"E",260,4,2
192,6,44,NA,NA,NA,0
193,6,44,"H",305,2,1
194,6,44,"H",NA,NA,0
195,6,44,"H",302,2,0
196,6,45,"E",212,5,2
197,6,45,"H",241,3,0
198,6,45,NA,NA,NA,0
199,6,45,"H",246,3,0
200,6,45,NA,NA,NA,0
201,6,45,NA,NA,NA,0
202,6,46,"E",132,5,1
203,6,46,NA,NA,NA,0
204,6,46,NA,NA,NA,0
205,6,46,"E",298,3,0
206,6,46,"H",193,4,0
207,6,46,NA,NA,NA,0
208,6,47,NA,NA,NA,0
209,6,47,NA,NA,NA,0
210,6,47,NA,NA,NA,0
211,6,47,NA,NA,NA,0
212,6,47,NA,NA,NA,0
213,6,47,NA,NA,NA,0
214,6,48,NA,NA,NA,0
215,6,48,NA,NA,NA,0
216,6,48,NA,NA,NA,0
217,6,48,NA,NA,NA,0
218,6,48,NA,NA,NA,0
219,6,48,NA,NA,NA,0
220,3,49,"H",222,1,1
221,3,49,"H",291,0,0
222,3,49,"C",185,2,1
223,3,50,NA,NA,NA,0
224,3,50,"H",NA,NA,0
225,3,50,"C",351,2,1
226,5,51,NA,NA,NA,0
227,5,51,NA,NA,NA,0
228,5,51,NA,NA,NA,0
229,5,51,"E",66,4,1
230,5,51,"H",101,3,0
231,5,52,NA,NA,NA,0
232,5,52,NA,NA,NA,0
233,5,52,NA,NA,NA,0
234,5,52,NA,NA,NA,0
235,5,52,NA,NA,NA,0
236,6,53,NA,NA,NA,0
237,6,53,NA,NA,NA,0
238,6,53,"H",308,4,0
239,6,53,NA,NA,NA,0
240,6,53,NA,NA,NA,0
241,6,53,"E",284,5,1
242,4,54,NA,NA,NA,0
243,4,54,NA,NA,NA,0
244,4,54,NA,NA,NA,0
245,4,54,NA,NA,NA,0
246,5,55,NA,NA,NA,0
247,5,55,NA,NA,NA,0
248,5,55,NA,NA,NA,0
249,5,55,NA,NA,NA,0
250,5,55,NA,NA,NA,0
251,4,56,NA,NA,NA,0
252,4,56,NA,NA,NA,0
253,4,56,NA,NA,NA,0
254,4,56,NA,NA,NA,0
255,6,57,NA,NA,NA,0
256,6,57,NA,NA,NA,0
257,6,57,"C",NA,NA,0
258,6,57,NA,NA,NA,0
259,6,57,NA,NA,NA,0
260,6,57,NA,NA,NA,0
261,4,58,NA,NA,NA,0
262,4,58,"C",144,3,1
263,4,58,"H",179,2,1
264,4,58,"H",215,1,0
265,4,59,NA,NA,NA,0
266,4,59,NA,NA,NA,0
267,4,59,NA,NA,NA,0
268,4,59,NA,NA,NA,0
269,3,60,NA,NA,NA,0
270,3,60,NA,NA,NA,0
271,3,60,NA,NA,NA,0
272,3,61,NA,NA,NA,0
273,3,61,NA,NA,NA,0
274,3,61,NA,NA,NA,0
275,4,62,NA,NA,NA,0
276,4,62,NA,NA,NA,0
277,4,62,NA,NA,NA,0
278,4,62,NA,NA,NA,0
279,3,63,NA,NA,NA,0
280,3,63,"C",195,2,1
281,3,63,"H",205,1,0
282,5,64,NA,NA,NA,0
283,5,64,"E",169,4,0
284,5,64,NA,NA,NA,0
285,5,64,NA,NA,NA,0
286,5,64,NA,NA,NA,0
287,3,65,NA,NA,NA,0
288,3,65,NA,NA,NA,0
289,3,65,NA,NA,NA,0
290,3,66,NA,NA,NA,0
291,3,66,NA,NA,NA,0
292,3,66,NA,NA,NA,0
293,5,67,"H",180,2,1
294,5,67,NA,NA,NA,0
295,5,67,"H",199,1,0
296,5,67,"C",119,4,1
297,5,67,"H",154,3,1
298,4,68,"C",245,3,0
299,4,68,NA,NA,NA,0
300,4,68,NA,NA,NA,0
301,4,68,NA,NA,NA,0
302,4,69,NA,NA,NA,0
303,4,69,NA,NA,NA,0
304,4,69,NA,NA,NA,0
305,4,69,NA,NA,NA,0
306,4,70,NA,NA,NA,0
307,4,70,NA,NA,NA,0
308,4,70,NA,NA,NA,0
309,4,70,NA,NA,NA,0
310,5,71,NA,NA,NA,0
311,5,71,NA,NA,NA,0
312,5,71,NA,NA,NA,0
313,5,71,"E",NA,NA,0
314,5,71,NA,NA,NA,0
315,4,72,NA,NA,NA,0
316,4,72,"H",119,2,0
317,4,72,NA,NA,NA,0
318,4,72,"C",84,3,1
319,6,73,NA,NA,NA,0
320,6,73,NA,NA,NA,0
321,6,73,NA,NA,NA,0
322,6,73,NA,NA,NA,0
323,6,73,NA,NA,NA,0
324,6,73,NA,NA,NA,0
325,3,74,NA,NA,NA,0
326,3,74,NA,NA,NA,0
327,3,74,NA,NA,NA,0
328,5,75,"E",36,4,1
329,5,75,"H",70,2,0
330,5,75,NA,NA,NA,0
331,5,75,NA,NA,NA,0
332,5,75,"C",85,2,0
333,5,76,"C",NA,NA,0
334,5,76,NA,NA,NA,0
335,5,76,NA,NA,NA,0
336,5,76,"H",169,3,0
337,5,76,"C",131,4,1
338,3,77,NA,NA,NA,0
339,3,77,NA,NA,NA,0
340,3,77,"C",279,2,0
341,5,78,"H",243,3,1
342,5,78,NA,NA,NA,0
343,5,78,"H",270,2,0
344,5,78,NA,NA,NA,0
345,5,78,"E",219,4,1
346,4,79,NA,NA,NA,0
347,4,79,NA,NA,NA,0
348,4,79,NA,NA,NA,0
349,4,79,NA,NA,NA,0
350,5,80,NA,NA,NA,0
351,5,80,"H",327,3,2
352,5,80,"H",355,1,0
353,5,80,"E",297,4,1
354,5,80,"H",NA,NA,0
355,6,81,NA,NA,NA,0
356,6,81,NA,NA,NA,0
357,6,81,NA,NA,NA,0
358,6,81,NA,NA,NA,0
359,6,81,NA,NA,NA,0
360,6,81,NA,NA,NA,0
361,6,82,NA,NA,NA,0
362,6,82,NA,NA,NA,0
363,6,82,NA,NA,NA,0
364,6,82,NA,NA,NA,0
365,6,82,NA,NA,NA,0
366,6,82,NA,NA,NA,0
367,3,83,NA,NA,NA,0
368,3,83,NA,NA,NA,0
369,3,83,NA,NA,NA,0
370,6,84,"H",364,2,0
371,6,84,"H",339,3,1
372,6,84,NA,NA,NA,0
373,6,84,"C",306,5,2
374,6,84,"H",334,3,0
375,6,84,NA,NA,NA,0
376,3,85,NA,NA,NA,0
377,3,85,NA,NA,NA,0
378,3,85,NA,NA,NA,0
379,5,86,"H",230,3,0
380,5,86,NA,NA,NA,0
381,5,86,NA,NA,NA,0
382,5,86,"C",185,4,1
383,5,86,NA,NA,NA,0
384,6,87,NA,NA,NA,0
385,6,87,NA,NA,NA,0
386,6,87,NA,NA,NA,0
387,6,87,NA,NA,NA,0
388,6,87,NA,NA,NA,0
389,6,87,NA,NA,NA,0
390,5,88,NA,NA,NA,0
391,5,88,NA,NA,NA,0
392,5,88,NA,NA,NA,0
393,5,88,NA,NA,NA,0
394,5,88,NA,NA,NA,0
395,4,89,"E",45,3,1
396,4,89,"H",125,1,1
397,4,89,"H",149,0,0
398,4,89,"H",81,2,1
399,5,90,"E",157,4,1
400,5,90,"H",201,3,1
401,5,90,"H",218,2,0
402,5,90,NA,NA,NA,0
403,5,90,NA,NA,NA,0
404,5,91,"H",365,0,0
405,5,91,"E",178,4,2
406,5,91,"C",302,1,1
407,5,91,"H",211,2,0
408,5,91,"H",204,2,0
409,5,92,NA,NA,NA,0
410,5,92,NA,NA,NA,0
411,5,92,NA,NA,NA,0
412,5,92,NA,NA,NA,0
413,5,92,NA,NA,NA,0
414,3,93,NA,NA,NA,0
415,3,93,NA,NA,NA,0
416,3,93,NA,NA,NA,0
417,4,94,NA,NA,NA,0
418,4,94,NA,NA,NA,0
419,4,94,"E",271,3,1
420,4,94,"H",285,2,0
421,6,95,"E",113,5,2
422,6,95,"H",168,0,0
423,6,95,"H",149,0,0
424,6,95,"H",133,3,3
425,6,95,"H",179,0,0
426,6,95,"H",139,1,0
427,5,96,NA,NA,NA,0
428,5,96,NA,NA,NA,0
429,5,96,NA,NA,NA,0
430,5,96,NA,NA,NA,0
431,5,96,NA,NA,NA,0
432,5,97,NA,NA,NA,0
433,5,97,NA,NA,NA,0
434,5,97,NA,NA,NA,0
435,5,97,NA,NA,NA,0
436,5,97,NA,NA,NA,0
437,4,98,NA,NA,NA,0
438,4,98,NA,NA,NA,0
439,4,98,NA,NA,NA,0
440,4,98,NA,NA,NA,0
441,4,99,NA,NA,NA,0
442,4,99,NA,NA,NA,0
443,4,99,NA,NA,NA,0
444,4,99,NA,NA,NA,0
445,3,100,"E",95,2,0
446,3,100,"C",223,1,0
447,3,100,NA,NA,NA,0
448,5,101,NA,NA,NA,0
449,5,101,"C",301,4,0
450,5,101,NA,NA,NA,0
451,5,101,NA,NA,NA,0
452,5,101,NA,NA,NA,0
453,6,102,NA,NA,NA,0
454,6,102,"E",336,4,1
455,6,102,NA,NA,NA,0
456,6,102,NA,NA,NA,0
457,6,102,"E",NA,NA,0
458,6,102,"H",NA,NA,0
459,3,103,NA,NA,NA,0
460,3,103,"C",292,2,1
461,3,103,"H",329,1,0
462,4,104,"C",324,2,1
463,4,104,"H",363,1,0
464,4,104,NA,NA,NA,0
465,4,104,"C",338,1,0
466,4,105,NA,NA,NA,0
467,4,105,"E",255,2,0
468,4,105,NA,NA,NA,0
469,4,105,"C",281,2,0
470,6,106,NA,NA,NA,0
471,6,106,NA,NA,NA,0
472,6,106,NA,NA,NA,0
473,6,106,NA,NA,NA,0
474,6,106,NA,NA,NA,0
475,6,106,"E",112,5,0
476,5,107,NA,NA,NA,0
477,5,107,NA,NA,NA,0
478,5,107,NA,NA,NA,0
479,5,107,"E",150,4,0
480,5,107,NA,NA,NA,0
481,6,108,NA,NA,NA,0
482,6,108,NA,NA,NA,0
483,6,108,NA,NA,NA,0
484,6,108,NA,NA,NA,0
485,6,108,NA,NA,NA,0
486,6,108,NA,NA,NA,0
487,6,109,NA,NA,NA,0
488,6,109,NA,NA,NA,0
489,6,109,"E",92,5,0
490,6,109,NA,NA,NA,0
491,6,109,NA,NA,NA,0
492,6,109,"C",NA,NA,0
493,4,110,NA,NA,NA,0
494,4,110,NA,NA,NA,0
495,4,110,NA,NA,NA,0
496,4,110,NA,NA,NA,0
497,4,111,"C",190,3,1
498,4,111,NA,NA,NA,0
499,4,111,"H",240,2,0
500,4,111,NA,NA,NA,0
501,6,112,NA,NA,NA,0
502,6,112,NA,NA,NA,0
503,6,112,NA,NA,NA,0
504,6,112,NA,NA,NA,0
505,6,112,NA,NA,NA,0
506,6,112,NA,NA,NA,0
507,6,113,NA,NA,NA,0
508,6,113,NA,NA,NA,0
509,6,113,NA,NA,NA,0
510,6,113,NA,NA,NA,0
511,6,113,NA,NA,NA,0
512,6,113,NA,NA,NA,0
513,4,114,NA,NA,NA,0
514,4,114,NA,NA,NA,0
515,4,114,NA,NA,NA,0
516,4,114,NA,NA,NA,0
517,5,115,NA,NA,NA,0
518,5,115,NA,NA,NA,0
519,5,115,"C",303,4,0
520,5,115,NA,NA,NA,0
521,5,115,NA,NA,NA,0
522,5,116,NA,NA,NA,0
523,5,116,NA,NA,NA,0
524,5,116,NA,NA,NA,0
525,5,116,NA,NA,NA,0
526,5,116,NA,NA,NA,0
527,5,117,NA,NA,NA,0
528,5,117,NA,NA,NA,0
529,5,117,NA,NA,NA,0
530,5,117,NA,NA,NA,0
531,5,117,NA,NA,NA,0
532,4,118,NA,NA,NA,0
533,4,118,NA,NA,NA,0
534,4,118,NA,NA,NA,0
535,4,118,NA,NA,NA,0
536,6,119,"E",187,5,1
537,6,119,"H",208,4,1
538,6,119,"H",313,0,0
539,6,119,"H",246,3,1
540,6,119,"H",313,0,0
541,6,119,"H",284,2,2
542,6,120,NA,NA,NA,0
543,6,120,NA,NA,NA,0
544,6,120,NA,NA,NA,0
545,6,120,NA,NA,NA,0
546,6,120,NA,NA,NA,0
547,6,120,NA,NA,NA,0
548,3,121,NA,NA,NA,0
549,3,121,NA,NA,NA,0
550,3,121,NA,NA,NA,0
551,3,122,"E",168,1,1
552,3,122,"H",189,0,0
553,3,122,"E",62,2,0
554,4,123,NA,NA,NA,0
555,4,123,NA,NA,NA,0
556,4,123,NA,NA,NA,0
557,4,123,NA,NA,NA,0
558,4,124,NA,NA,NA,0
559,4,124,"H",146,2,0
560,4,124,"E",110,3,1
561,4,124,NA,NA,NA,0
562,3,125,"E",160,2,0
563,3,125,NA,NA,NA,0
564,3,125,NA,NA,NA,0
565,6,126,NA,NA,NA,0
566,6,126,NA,NA,NA,0
567,6,126,NA,NA,NA,0
568,6,126,"H",119,4,0
569,6,126,"C",87,5,1
570,6,126,NA,NA,NA,0
571,6,127,"E",NA,NA,0
572,6,127,NA,NA,NA,0
573,6,127,NA,NA,NA,0
574,6,127,NA,NA,NA,0
575,6,127,NA,NA,NA,0
576,6,127,NA,NA,NA,0
577,5,128,NA,NA,NA,0
578,5,128,NA,NA,NA,0
579,5,128,NA,NA,NA,0
580,5,128,NA,NA,NA,0
581,5,128,"C",201,4,0
582,3,129,NA,NA,NA,0
583,3,129,NA,NA,NA,0
584,3,129,NA,NA,NA,0
585,4,130,NA,NA,NA,0
586,4,130,NA,NA,NA,0
587,4,130,NA,NA,NA,0
588,4,130,"E",NA,NA,0
589,5,131,"H",272,0,0
590,5,131,"C",219,4,1
591,5,131,"H",237,3,2
592,5,131,"H",260,1,1
593,5,131,"H",272,0,0
594,3,132,"E",58,2,1
595,3,132,NA,NA,NA,0
596,3,132,"H",96,1,0
597,6,133,"H",NA,NA,0
598,6,133,"H",NA,NA,0
599,6,133,"E",308,3,0
600,6,133,"H",349,3,2
601,6,133,"E",285,4,1
602,6,133,NA,NA,NA,0
603,5,134,NA,NA,NA,0
604,5,134,NA,NA,NA,0
605,5,134,NA,NA,NA,0
606,5,134,NA,NA,NA,0
607,5,134,"E",NA,NA,0
608,6,135,NA,NA,NA,0
609,6,135,NA,NA,NA,0
610,6,135,NA,NA,NA,0
611,6,135,NA,NA,NA,0
612,6,135,"E",54,5,0
613,6,135,NA,NA,NA,0
614,6,136,"C",155,5,3
615,6,136,"H",194,1,0
616,6,136,"H",173,2,1
617,6,136,"H",238,0,0
618,6,136,"H",177,2,0
619,6,136,"H",208,1,1
620,3,137,"C",328,2,1
621,3,137,"H",NA,NA,0
622,3,137,NA,NA,NA,0
623,6,138,"C",346,4,1
624,6,138,NA,NA,NA,0
625,6,138,NA,NA,NA,0
626,6,138,NA,NA,NA,0
627,6,138,"E",354,3,0
628,6,138,"H",NA,NA,0
629,6,139,"H",273,2,1
630,6,139,"E",221,4,2
631,6,139,"C",221,4,0
632,6,139,"H",261,2,0
633,6,139,NA,NA,NA,0
634,6,139,"H",301,1,0
635,6,140,NA,NA,NA,0
636,6,140,NA,NA,NA,0
637,6,140,NA,NA,NA,0
638,6,140,NA,NA,NA,0
639,6,140,NA,NA,NA,0
640,6,140,NA,NA,NA,0
641,5,141,NA,NA,NA,0
642,5,141,NA,NA,NA,0
643,5,141,NA,NA,NA,0
644,5,141,NA,NA,NA,0
645,5,141,NA,NA,NA,0
646,3,142,"C",NA,NA,0
647,3,142,NA,NA,NA,0
648,3,142,NA,NA,NA,0
649,6,143,"C",262,5,1
650,6,143,"H",318,1,0
651,6,143,"H",345,0,0
652,6,143,"H",286,4,3
653,6,143,"H",NA,NA,0
654,6,143,"H",338,1,1
655,3,144,NA,NA,NA,0
656,3,144,NA,NA,NA,0
657,3,144,"C",243,2,0
658,3,145,"C",325,2,1
659,3,145,"H",361,1,0
660,3,145,NA,NA,NA,0
661,5,146,"H",188,1,0
662,5,146,NA,NA,NA,0
663,5,146,"C",171,4,3
664,5,146,"H",204,1,0
665,5,146,"H",191,1,0
666,4,147,NA,NA,NA,0
667,4,147,NA,NA,NA,0
668,4,147,NA,NA,NA,0
669,4,147,"C",202,3,0
670,6,148,"C",175,2,1
671,6,148,"H",201,0,0
672,6,148,"H",199,0,0
673,6,148,"E",155,4,2
674,6,148,"H",201,0,0
675,6,148,"H",186,1,1
676,4,149,NA,NA,NA,0
677,4,149,NA,NA,NA,0
678,4,149,"E",325,3,0
679,4,149,NA,NA,NA,0
680,3,150,NA,NA,NA,0
681,3,150,NA,NA,NA,0
682,3,150,NA,NA,NA,0
683,6,151,NA,NA,NA,0
684,6,151,NA,NA,NA,0
685,6,151,NA,NA,NA,0
686,6,151,NA,NA,NA,0
687,6,151,NA,NA,NA,0
688,6,151,"E",NA,NA,0
689,5,152,"H",253,2,0
690,5,152,NA,NA,NA,0
691,5,152,"H",246,2,0
692,5,152,NA,NA,NA,0
693,5,152,"C",206,4,2
694,4,153,NA,NA,NA,0
695,4,153,NA,NA,NA,0
696,4,153,NA,NA,NA,0
697,4,153,NA,NA,NA,0
698,5,154,"H",336,0,0
699,5,154,"E",296,4,3
700,5,154,"H",328,1,1
701,5,154,"H",NA,NA,0
702,5,154,"H",351,0,0
703,4,155,NA,NA,NA,0
704,4,155,NA,NA,NA,0
705,4,155,NA,NA,NA,0
706,4,155,NA,NA,NA,0
707,3,156,NA,NA,NA,0
708,3,156,"E",290,2,1
709,3,156,"H",333,1,0
710,5,157,NA,NA,NA,0
711,5,157,NA,NA,NA,0
712,5,157,NA,NA,NA,0
713,5,157,NA,NA,NA,0
714,5,157,NA,NA,NA,0
715,4,158,NA,NA,NA,0
716,4,158,NA,NA,NA,0
717,4,158,NA,NA,NA,0
718,4,158,NA,NA,NA,0
719,6,159,NA,NA,NA,0
720,6,159,"E",NA,NA,0
721,6,159,NA,NA,NA,0
722,6,159,NA,NA,NA,0
723,6,159,NA,NA,NA,0
724,6,159,NA,NA,NA,0
725,4,160,NA,NA,NA,0
726,4,160,NA,NA,NA,0
727,4,160,NA,NA,NA,0
728,4,160,NA,NA,NA,0
729,3,161,NA,NA,NA,0
730,3,161,NA,NA,NA,0
731,3,161,NA,NA,NA,0
732,3,162,"E",19,2,2
733,3,162,"H",47,0,0
734,3,162,"H",70,0,0
735,3,163,NA,NA,NA,0
736,3,163,NA,NA,NA,0
737,3,163,NA,NA,NA,0
738,4,164,"H",247,1,1
739,4,164,"H",317,0,0
740,4,164,"H",283,0,0
741,4,164,"E",227,3,2
742,4,165,NA,NA,NA,0
743,4,165,"C",312,3,0
744,4,165,NA,NA,NA,0
745,4,165,NA,NA,NA,0
746,3,166,NA,NA,NA,0
747,3,166,"C",346,2,1
748,3,166,"H",NA,NA,0
749,5,167,"E",293,4,0
750,5,167,NA,NA,NA,0
751,5,167,NA,NA,NA,0
752,5,167,NA,NA,NA,0
753,5,167,NA,NA,NA,0
754,5,168,NA,NA,NA,0
755,5,168,NA,NA,NA,0
756,5,168,NA,NA,NA,0
757,5,168,NA,NA,NA,0
758,5,168,NA,NA,NA,0
759,6,169,NA,NA,NA,0
760,6,169,"E",103,5,1
761,6,169,NA,NA,NA,0
762,6,169,NA,NA,NA,0
763,6,169,"H",131,4,0
764,6,169,NA,NA,NA,0
765,3,170,NA,NA,NA,0
766,3,170,NA,NA,NA,0
767,3,170,NA,NA,NA,0
768,5,171,NA,NA,NA,0
769,5,171,NA,NA,NA,0
770,5,171,NA,NA,NA,0
771,5,171,NA,NA,NA,0
772,5,171,"C",220,4,0
773,5,172,NA,NA,NA,0
774,5,172,NA,NA,NA,0
775,5,172,NA,NA,NA,0
776,5,172,NA,NA,NA,0
777,5,172,"C",223,4,0
778,4,173,NA,NA,NA,0
779,4,173,NA,NA,NA,0
780,4,173,NA,NA,NA,0
781,4,173,NA,NA,NA,0
782,6,174,NA,NA,NA,0
783,6,174,NA,NA,NA,0
784,6,174,NA,NA,NA,0
785,6,174,NA,NA,NA,0
786,6,174,NA,NA,NA,0
787,6,174,NA,NA,NA,0
788,5,175,"E",214,4,0
789,5,175,NA,NA,NA,0
790,5,175,NA,NA,NA,0
791,5,175,NA,NA,NA,0
792,5,175,NA,NA,NA,0
793,4,176,"H",128,1,0
794,4,176,"E",80,3,2
795,4,176,NA,NA,NA,0
796,4,176,"H",113,1,0
797,4,177,NA,NA,NA,0
798,4,177,"C",266,3,0
799,4,177,NA,NA,NA,0
800,4,177,NA,NA,NA,0
801,6,178,NA,NA,NA,0
802,6,178,NA,NA,NA,0
803,6,178,NA,NA,NA,0
804,6,178,NA,NA,NA,0
805,6,178,NA,NA,NA,0
806,6,178,NA,NA,NA,0
807,3,179,"E",331,2,2
808,3,179,"H",365,0,0
809,3,179,"H",342,0,0
810,6,180,"H",326,3,2
811,6,180,"E",282,5,2
812,6,180,NA,NA,NA,0
813,6,180,"H",347,1,0
814,6,180,"H",325,3,0
815,6,180,"H",350,1,0
816,5,181,NA,NA,NA,0
817,5,181,NA,NA,NA,0
818,5,181,NA,NA,NA,0
819,5,181,NA,NA,NA,0
820,5,181,NA,NA,NA,0
821,6,182,NA,NA,NA,0
822,6,182,NA,NA,NA,0
823,6,182,NA,NA,NA,0
824,6,182,NA,NA,NA,0
825,6,182,NA,NA,NA,0
826,6,182,NA,NA,NA,0
827,3,183,NA,NA,NA,0
828,3,183,NA,NA,NA,0
829,3,183,NA,NA,NA,0
830,6,184,"H",359,2,0
831,6,184,NA,NA,NA,0
832,6,184,"E",329,5,3
833,6,184,"H",352,2,0
834,6,184,"H",NA,NA,0
835,6,184,NA,NA,NA,0
836,4,185,NA,NA,NA,0
837,4,185,NA,NA,NA,0
838,4,185,NA,NA,NA,0
839,4,185,NA,NA,NA,0
840,4,186,NA,NA,NA,0
841,4,186,NA,NA,NA,0
842,4,186,"C",269,3,0
843,4,186,NA,NA,NA,0
844,5,187,NA,NA,NA,0
845,5,187,NA,NA,NA,0
846,5,187,NA,NA,NA,0
847,5,187,NA,NA,NA,0
848,5,187,NA,NA,NA,0
849,4,188,NA,NA,NA,0
850,4,188,"E",NA,NA,0
851,4,188,NA,NA,NA,0
852,4,188,NA,NA,NA,0
853,5,189,NA,NA,NA,0
854,5,189,NA,NA,NA,0
855,5,189,NA,NA,NA,0
856,5,189,NA,NA,NA,0
857,5,189,NA,NA,NA,0
858,5,190,"H",286,0,0
859,5,190,"H",304,0,0
860,5,190,"C",207,4,1
861,5,190,"H",234,3,1
862,5,190,"H",260,2,2
863,3,191,NA,NA,NA,0
864,3,191,NA,NA,NA,0
865,3,191,NA,NA,NA,0
866,5,192,"E",49,4,0
867,5,192,NA,NA,NA,0
868,5,192,NA,NA,NA,0
869,5,192,NA,NA,NA,0
870,5,192,NA,NA,NA,0
871,6,193,"H",276,4,2
872,6,193,"H",310,2,0
873,6,193,NA,NA,NA,0
874,6,193,"C",245,5,1
875,6,193,"H",318,2,0
876,6,193,"C",352,1,0
877,3,194,NA,NA,NA,0
878,3,194,NA,NA,NA,0
879,3,194,NA,NA,NA,0
880,3,195,"C",278,2,0
881,3,195,NA,NA,NA,0
882,3,195,NA,NA,NA,0
883,6,196,NA,NA,NA,0
884,6,196,NA,NA,NA,0
885,6,196,NA,NA,NA,0
886,6,196,NA,NA,NA,0
887,6,196,NA,NA,NA,0
888,6,196,NA,NA,NA,0
889,3,197,NA,NA,NA,0
890,3,197,NA,NA,NA,0
891,3,197,NA,NA,NA,0
892,4,198,NA,NA,NA,0
893,4,198,NA,NA,NA,0
894,4,198,NA,NA,NA,0
895,4,198,NA,NA,NA,0
896,6,199,"H",217,3,1
897,6,199,"H",257,2,0
898,6,199,"H",214,3,0
899,6,199,NA,NA,NA,0
900,6,199,NA,NA,NA,0
901,6,199,"E",176,5,2
902,6,200,"E",243,5,1
903,6,200,NA,NA,NA,0
904,6,200,NA,NA,NA,0
905,6,200,NA,NA,NA,0
906,6,200,"H",NA,NA,0
907,6,200,"H",341,4,1
908,5,201,"E",72,4,1
909,5,201,NA,NA,NA,0
910,5,201,"H",157,1,0
911,5,201,"H",127,2,1
912,5,201,"H",117,3,1
913,3,202,NA,NA,NA,0
914,3,202,"E",208,2,0
915,3,202,NA,NA,NA,0
916,6,203,NA,NA,NA,0
917,6,203,NA,NA,NA,0
918,6,203,NA,NA,NA,0
919,6,203,NA,NA,NA,0
920,6,203,NA,NA,NA,0
921,6,203,NA,NA,NA,0
922,5,204,NA,NA,NA,0
923,5,204,NA,NA,NA,0
924,5,204,NA,NA,NA,0
925,5,204,NA,NA,NA,0
926,5,204,NA,NA,NA,0
927,4,205,"E",275,3,0
928,4,205,NA,NA,NA,0
929,4,205,NA,NA,NA,0
930,4,205,NA,NA,NA,0
931,6,206,NA,NA,NA,0
932,6,206,NA,NA,NA,0
933,6,206,NA,NA,NA,0
934,6,206,NA,NA,NA,0
935,6,206,NA,NA,NA,0
936,6,206,NA,NA,NA,0
937,5,207,NA,NA,NA,0
938,5,207,NA,NA,NA,0
939,5,207,NA,NA,NA,0
940,5,207,NA,NA,NA,0
941,5,207,NA,NA,NA,0
942,6,208,"H",88,2,0
943,6,208,"H",119,2,1
944,6,208,"H",152,1,0
945,6,208,"E",55,5,2
946,6,208,NA,NA,NA,0
947,6,208,"H",81,3,1
948,6,209,NA,NA,NA,0
949,6,209,NA,NA,NA,0
950,6,209,NA,NA,NA,0
951,6,209,NA,NA,NA,0
952,6,209,NA,NA,NA,0
953,6,209,NA,NA,NA,0
954,3,210,NA,NA,NA,0
955,3,210,NA,NA,NA,0
956,3,210,NA,NA,NA,0
957,4,211,NA,NA,NA,0
958,4,211,NA,NA,NA,0
959,4,211,NA,NA,NA,0
960,4,211,NA,NA,NA,0
961,6,212,NA,NA,NA,0
962,6,212,NA,NA,NA,0
963,6,212,NA,NA,NA,0
964,6,212,NA,NA,NA,0
965,6,212,NA,NA,NA,0
966,6,212,NA,NA,NA,0
967,6,213,NA,NA,NA,0
968,6,213,"H",94,3,0
969,6,213,NA,NA,NA,0
970,6,213,"E",55,5,1
971,6,213,NA,NA,NA,0
972,6,213,"C",123,3,0
973,6,214,NA,NA,NA,0
974,6,214,NA,NA,NA,0
975,6,214,NA,NA,NA,0
976,6,214,NA,NA,NA,0
977,6,214,NA,NA,NA,0
978,6,214,NA,NA,NA,0
979,4,215,"H",217,2,0
980,4,215,"C",181,3,1
981,4,215,NA,NA,NA,0
982,4,215,NA,NA,NA,0
983,3,216,NA,NA,NA,0
984,3,216,NA,NA,NA,0
985,3,216,NA,NA,NA,0
986,6,217,"C",309,0,0
987,6,217,"H",206,1,0
988,6,217,"H",225,1,0
989,6,217,"C",183,5,4
990,6,217,"H",203,1,0
991,6,217,"H",210,1,0
992,6,218,NA,NA,NA,0
993,6,218,NA,NA,NA,0
994,6,218,NA,NA,NA,0
995,6,218,NA,NA,NA,0
996,6,218,NA,NA,NA,0
997,6,218,NA,NA,NA,0
998,3,219,NA,NA,NA,0
999,3,219,NA,NA,NA,0
1000,3,219,NA,NA,NA,0
