"ID","SIZE","HH","TYPE","TIME","S_NUM","I_NUM"
1,3,1,NA,NA,NA,0
2,3,1,NA,NA,NA,0
3,3,1,NA,NA,NA,0
4,5,2,NA,NA,NA,0
5,5,2,NA,NA,NA,0
6,5,2,NA,NA,NA,0
7,5,2,"E",NA,NA,0
8,5,2,NA,NA,NA,0
9,5,3,NA,NA,NA,0
10,5,3,NA,NA,NA,0
11,5,3,NA,NA,NA,0
12,5,3,"E",NA,NA,0
13,5,3,NA,NA,NA,0
14,6,4,NA,NA,NA,0
15,6,4,NA,NA,NA,0
16,6,4,"E",NA,NA,0
17,6,4,NA,NA,NA,0
18,6,4,NA,NA,NA,0
19,6,4,NA,NA,NA,0
20,6,5,NA,NA,NA,0
21,6,5,NA,NA,NA,0
22,6,5,"E",NA,NA,0
23,6,5,"E",NA,NA,0
24,6,5,NA,NA,NA,0
25,6,5,NA,NA,NA,0
26,4,6,NA,NA,NA,0
27,4,6,NA,NA,NA,0
28,4,6,NA,NA,NA,0
29,4,6,NA,NA,NA,0
30,3,7,NA,NA,NA,0
31,3,7,NA,NA,NA,0
32,3,7,NA,NA,NA,0
33,6,8,NA,NA,NA,0
34,6,8,NA,NA,NA,0
35,6,8,NA,NA,NA,0
36,6,8,NA,NA,NA,0
37,6,8,NA,NA,NA,0
38,6,8,"E",NA,NA,0
39,3,9,NA,NA,NA,0
40,3,9,NA,NA,NA,0
41,3,9,"E",353,NA,0
42,3,10,NA,NA,NA,0
43,3,10,NA,NA,NA,0
44,3,10,NA,NA,NA,0
45,4,11,NA,NA,NA,0
46,4,11,NA,NA,NA,0
47,4,11,NA,NA,NA,0
48,4,11,NA,NA,NA,0
49,3,12,NA,NA,NA,0
50,3,12,NA,NA,NA,0
51,3,12,NA,NA,NA,0
52,3,13,NA,NA,NA,0
53,3,13,NA,NA,NA,0
54,3,13,NA,NA,NA,0
55,5,14,NA,NA,NA,0
56,5,14,NA,NA,NA,0
57,5,14,NA,NA,NA,0
58,5,14,NA,NA,NA,0
59,5,14,NA,NA,NA,0
60,4,15,"E",NA,NA,0
61,4,15,NA,NA,NA,0
62,4,15,NA,NA,NA,0
63,4,15,NA,NA,NA,0
64,6,16,NA,NA,NA,0
65,6,16,NA,NA,NA,0
66,6,16,NA,NA,NA,0
67,6,16,NA,NA,NA,0
68,6,16,NA,NA,NA,0
69,6,16,"E",266,NA,0
70,4,17,NA,NA,NA,0
71,4,17,NA,NA,NA,0
72,4,17,NA,NA,NA,0
73,4,17,NA,NA,NA,0
74,4,18,NA,NA,NA,0
75,4,18,NA,NA,NA,0
76,4,18,NA,NA,NA,0
77,4,18,NA,NA,NA,0
78,3,19,NA,NA,NA,0
79,3,19,NA,NA,NA,0
80,3,19,NA,NA,NA,0
81,6,20,NA,NA,NA,0
82,6,20,NA,NA,NA,0
83,6,20,NA,NA,NA,0
84,6,20,NA,NA,NA,0
85,6,20,NA,NA,NA,0
86,6,20,NA,NA,NA,0
87,4,21,NA,NA,NA,0
88,4,21,NA,NA,NA,0
89,4,21,"E",349,NA,0
90,4,21,NA,NA,NA,0
91,3,22,NA,NA,NA,0
92,3,22,NA,NA,NA,0
93,3,22,NA,NA,NA,0
94,5,23,NA,NA,NA,0
95,5,23,NA,NA,NA,0
96,5,23,NA,NA,NA,0
97,5,23,NA,NA,NA,0
98,5,23,NA,NA,NA,0
99,6,24,NA,NA,NA,0
100,6,24,NA,NA,NA,0
101,6,24,NA,NA,NA,0
102,6,24,NA,NA,NA,0
103,6,24,NA,NA,NA,0
104,6,24,NA,NA,NA,0
105,3,25,NA,NA,NA,0
106,3,25,NA,NA,NA,0
107,3,25,NA,NA,NA,0
108,4,26,NA,NA,NA,0
109,4,26,NA,NA,NA,0
110,4,26,NA,NA,NA,0
111,4,26,NA,NA,NA,0
112,3,27,NA,NA,NA,0
113,3,27,NA,NA,NA,0
114,3,27,NA,NA,NA,0
115,3,28,NA,NA,NA,0
116,3,28,NA,NA,NA,0
117,3,28,NA,NA,NA,0
118,4,29,NA,NA,NA,0
119,4,29,NA,NA,NA,0
120,4,29,NA,NA,NA,0
121,4,29,"E",260,NA,0
122,6,30,NA,NA,NA,0
123,6,30,NA,NA,NA,0
124,6,30,"E",335,NA,0
125,6,30,NA,NA,NA,0
126,6,30,NA,NA,NA,0
127,6,30,NA,NA,NA,0
128,5,31,NA,NA,NA,0
129,5,31,NA,NA,NA,0
130,5,31,NA,NA,NA,0
131,5,31,NA,NA,NA,0
132,5,31,NA,NA,NA,0
133,3,32,NA,NA,NA,0
134,3,32,NA,NA,NA,0
135,3,32,NA,NA,NA,0
136,6,33,NA,NA,NA,0
137,6,33,NA,NA,NA,0
138,6,33,NA,NA,NA,0
139,6,33,NA,NA,NA,0
140,6,33,"E",NA,NA,0
141,6,33,NA,NA,NA,0
142,3,34,NA,NA,NA,0
143,3,34,"E",NA,NA,0
144,3,34,NA,NA,NA,0
145,4,35,NA,NA,NA,0
146,4,35,NA,NA,NA,0
147,4,35,NA,NA,NA,0
148,4,35,"E",NA,NA,0
149,3,36,NA,NA,NA,0
150,3,36,NA,NA,NA,0
151,3,36,NA,NA,NA,0
152,5,37,NA,NA,NA,0
153,5,37,NA,NA,NA,0
154,5,37,NA,NA,NA,0
155,5,37,NA,NA,NA,0
156,5,37,NA,NA,NA,0
157,6,38,NA,NA,NA,0
158,6,38,NA,NA,NA,0
159,6,38,NA,NA,NA,0
160,6,38,NA,NA,NA,0
161,6,38,"E",190,NA,0
162,6,38,NA,NA,NA,0
163,5,39,NA,NA,NA,0
164,5,39,NA,NA,NA,0
165,5,39,NA,NA,NA,0
166,5,39,NA,NA,NA,0
167,5,39,NA,NA,NA,0
168,6,40,"E",239,NA,0
169,6,40,NA,NA,NA,0
170,6,40,NA,NA,NA,0
171,6,40,NA,NA,NA,0
172,6,40,NA,NA,NA,0
173,6,40,NA,NA,NA,0
174,4,41,"E",NA,NA,0
175,4,41,NA,NA,NA,0
176,4,41,NA,NA,NA,0
177,4,41,NA,NA,NA,0
178,3,42,NA,NA,NA,0
179,3,42,"E",205,NA,0
180,3,42,NA,NA,NA,0
181,3,43,NA,NA,NA,0
182,3,43,NA,NA,NA,0
183,3,43,NA,NA,NA,0
184,5,44,NA,NA,NA,0
185,5,44,NA,NA,NA,0
186,5,44,NA,NA,NA,0
187,5,44,NA,NA,NA,0
188,5,44,NA,NA,NA,0
189,3,45,"E",302,NA,0
190,3,45,NA,NA,NA,0
191,3,45,NA,NA,NA,0
192,3,46,NA,NA,NA,0
193,3,46,NA,NA,NA,0
194,3,46,NA,NA,NA,0
195,4,47,"E",59,NA,0
196,4,47,NA,NA,NA,0
197,4,47,NA,NA,NA,0
198,4,47,NA,NA,NA,0
199,5,48,"E",43,NA,0
200,5,48,NA,NA,NA,0
201,5,48,NA,NA,NA,0
202,5,48,NA,NA,NA,0
203,5,48,NA,NA,NA,0
204,5,49,NA,NA,NA,0
205,5,49,NA,NA,NA,0
206,5,49,NA,NA,NA,0
207,5,49,"E",NA,NA,0
208,5,49,NA,NA,NA,0
209,3,50,NA,NA,NA,0
210,3,50,NA,NA,NA,0
211,3,50,NA,NA,NA,0
212,4,51,NA,NA,NA,0
213,4,51,NA,NA,NA,0
214,4,51,NA,NA,NA,0
215,4,51,NA,NA,NA,0
216,5,52,NA,NA,NA,0
217,5,52,NA,NA,NA,0
218,5,52,NA,NA,NA,0
219,5,52,NA,NA,NA,0
220,5,52,NA,NA,NA,0
221,3,53,NA,NA,NA,0
222,3,53,NA,NA,NA,0
223,3,53,"E",218,NA,0
224,5,54,NA,NA,NA,0
225,5,54,NA,NA,NA,0
226,5,54,NA,NA,NA,0
227,5,54,"E",NA,NA,0
228,5,54,NA,NA,NA,0
229,6,55,NA,NA,NA,0
230,6,55,"E",92,NA,0
231,6,55,NA,NA,NA,0
232,6,55,NA,NA,NA,0
233,6,55,NA,NA,NA,0
234,6,55,NA,NA,NA,0
235,6,56,NA,NA,NA,0
236,6,56,NA,NA,NA,0
237,6,56,"E",271,NA,0
238,6,56,NA,NA,NA,0
239,6,56,NA,NA,NA,0
240,6,56,NA,NA,NA,0
241,5,57,"E",NA,NA,0
242,5,57,NA,NA,NA,0
243,5,57,NA,NA,NA,0
244,5,57,NA,NA,NA,0
245,5,57,NA,NA,NA,0
246,6,58,NA,NA,NA,0
247,6,58,NA,NA,NA,0
248,6,58,NA,NA,NA,0
249,6,58,"E",NA,NA,0
250,6,58,NA,NA,NA,0
251,6,58,NA,NA,NA,0
252,6,59,NA,NA,NA,0
253,6,59,NA,NA,NA,0
254,6,59,NA,NA,NA,0
255,6,59,NA,NA,NA,0
256,6,59,NA,NA,NA,0
257,6,59,NA,NA,NA,0
258,5,60,NA,NA,NA,0
259,5,60,NA,NA,NA,0
260,5,60,NA,NA,NA,0
261,5,60,NA,NA,NA,0
262,5,60,NA,NA,NA,0
263,6,61,NA,NA,NA,0
264,6,61,NA,NA,NA,0
265,6,61,NA,NA,NA,0
266,6,61,NA,NA,NA,0
267,6,61,"E",NA,NA,0
268,6,61,NA,NA,NA,0
269,5,62,NA,NA,NA,0
270,5,62,NA,NA,NA,0
271,5,62,NA,NA,NA,0
272,5,62,NA,NA,NA,0
273,5,62,NA,NA,NA,0
274,6,63,"E",NA,NA,0
275,6,63,NA,NA,NA,0
276,6,63,NA,NA,NA,0
277,6,63,NA,NA,NA,0
278,6,63,NA,NA,NA,0
279,6,63,NA,NA,NA,0
280,4,64,"E",NA,NA,0
281,4,64,NA,NA,NA,0
282,4,64,NA,NA,NA,0
283,4,64,NA,NA,NA,0
284,3,65,NA,NA,NA,0
285,3,65,NA,NA,NA,0
286,3,65,NA,NA,NA,0
287,4,66,NA,NA,NA,0
288,4,66,NA,NA,NA,0
289,4,66,NA,NA,NA,0
290,4,66,NA,NA,NA,0
291,5,67,NA,NA,NA,0
292,5,67,NA,NA,NA,0
293,5,67,NA,NA,NA,0
294,5,67,NA,NA,NA,0
295,5,67,NA,NA,NA,0
296,4,68,NA,NA,NA,0
297,4,68,NA,NA,NA,0
298,4,68,NA,NA,NA,0
299,4,68,NA,NA,NA,0
300,5,69,"E",79,NA,0
301,5,69,NA,NA,NA,0
302,5,69,NA,NA,NA,0
303,5,69,NA,NA,NA,0
304,5,69,"E",70,NA,0
305,3,70,NA,NA,NA,0
306,3,70,NA,NA,NA,0
307,3,70,NA,NA,NA,0
308,6,71,NA,NA,NA,0
309,6,71,NA,NA,NA,0
310,6,71,NA,NA,NA,0
311,6,71,NA,NA,NA,0
312,6,71,NA,NA,NA,0
313,6,71,NA,NA,NA,0
314,3,72,NA,NA,NA,0
315,3,72,NA,NA,NA,0
316,3,72,NA,NA,NA,0
317,4,73,NA,NA,NA,0
318,4,73,NA,NA,NA,0
319,4,73,NA,NA,NA,0
320,4,73,NA,NA,NA,0
321,3,74,NA,NA,NA,0
322,3,74,NA,NA,NA,0
323,3,74,NA,NA,NA,0
324,3,75,NA,NA,NA,0
325,3,75,NA,NA,NA,0
326,3,75,NA,NA,NA,0
327,5,76,NA,NA,NA,0
328,5,76,NA,NA,NA,0
329,5,76,NA,NA,NA,0
330,5,76,"E",106,NA,0
331,5,76,NA,NA,NA,0
332,5,77,NA,NA,NA,0
333,5,77,NA,NA,NA,0
334,5,77,NA,NA,NA,0
335,5,77,NA,NA,NA,0
336,5,77,NA,NA,NA,0
337,6,78,"E",NA,NA,0
338,6,78,NA,NA,NA,0
339,6,78,NA,NA,NA,0
340,6,78,NA,NA,NA,0
341,6,78,NA,NA,NA,0
342,6,78,NA,NA,NA,0
343,3,79,NA,NA,NA,0
344,3,79,NA,NA,NA,0
345,3,79,NA,NA,NA,0
346,5,80,NA,NA,NA,0
347,5,80,NA,NA,NA,0
348,5,80,NA,NA,NA,0
349,5,80,NA,NA,NA,0
350,5,80,NA,NA,NA,0
351,3,81,NA,NA,NA,0
352,3,81,NA,NA,NA,0
353,3,81,NA,NA,NA,0
354,4,82,NA,NA,NA,0
355,4,82,NA,NA,NA,0
356,4,82,NA,NA,NA,0
357,4,82,NA,NA,NA,0
358,4,83,NA,NA,NA,0
359,4,83,NA,NA,NA,0
360,4,83,NA,NA,NA,0
361,4,83,"E",110,NA,0
362,6,84,NA,NA,NA,0
363,6,84,"E",196,NA,0
364,6,84,NA,NA,NA,0
365,6,84,NA,NA,NA,0
366,6,84,NA,NA,NA,0
367,6,84,NA,NA,NA,0
368,3,85,NA,NA,NA,0
369,3,85,NA,NA,NA,0
370,3,85,NA,NA,NA,0
371,5,86,NA,NA,NA,0
372,5,86,"E",267,NA,0
373,5,86,NA,NA,NA,0
374,5,86,NA,NA,NA,0
375,5,86,NA,NA,NA,0
376,5,87,NA,NA,NA,0
377,5,87,NA,NA,NA,0
378,5,87,NA,NA,NA,0
379,5,87,NA,NA,NA,0
380,5,87,NA,NA,NA,0
381,6,88,NA,NA,NA,0
382,6,88,NA,NA,NA,0
383,6,88,NA,NA,NA,0
384,6,88,NA,NA,NA,0
385,6,88,NA,NA,NA,0
386,6,88,NA,NA,NA,0
387,3,89,NA,NA,NA,0
388,3,89,NA,NA,NA,0
389,3,89,"E",269,NA,0
390,4,90,NA,NA,NA,0
391,4,90,NA,NA,NA,0
392,4,90,NA,NA,NA,0
393,4,90,NA,NA,NA,0
394,5,91,NA,NA,NA,0
395,5,91,NA,NA,NA,0
396,5,91,NA,NA,NA,0
397,5,91,NA,NA,NA,0
398,5,91,NA,NA,NA,0
399,6,92,NA,NA,NA,0
400,6,92,NA,NA,NA,0
401,6,92,NA,NA,NA,0
402,6,92,NA,NA,NA,0
403,6,92,NA,NA,NA,0
404,6,92,NA,NA,NA,0
405,3,93,NA,NA,NA,0
406,3,93,NA,NA,NA,0
407,3,93,NA,NA,NA,0
408,3,94,"E",77,NA,0
409,3,94,NA,NA,NA,0
410,3,94,NA,NA,NA,0
411,6,95,NA,NA,NA,0
412,6,95,"E",NA,NA,0
413,6,95,NA,NA,NA,0
414,6,95,NA,NA,NA,0
415,6,95,NA,NA,NA,0
416,6,95,NA,NA,NA,0
417,5,96,NA,NA,NA,0
418,5,96,NA,NA,NA,0
419,5,96,NA,NA,NA,0
420,5,96,NA,NA,NA,0
421,5,96,NA,NA,NA,0
422,4,97,"E",110,NA,0
423,4,97,"E",NA,NA,0
424,4,97,NA,NA,NA,0
425,4,97,NA,NA,NA,0
426,4,98,NA,NA,NA,0
427,4,98,NA,NA,NA,0
428,4,98,NA,NA,NA,0
429,4,98,NA,NA,NA,0
430,4,99,NA,NA,NA,0
431,4,99,NA,NA,NA,0
432,4,99,NA,NA,NA,0
433,4,99,NA,NA,NA,0
434,4,100,NA,NA,NA,0
435,4,100,NA,NA,NA,0
436,4,100,NA,NA,NA,0
437,4,100,NA,NA,NA,0
438,4,101,"E",325,NA,0
439,4,101,NA,NA,NA,0
440,4,101,NA,NA,NA,0
441,4,101,"E",NA,NA,0
442,3,102,NA,NA,NA,0
443,3,102,NA,NA,NA,0
444,3,102,NA,NA,NA,0
445,3,103,NA,NA,NA,0
446,3,103,NA,NA,NA,0
447,3,103,NA,NA,NA,0
448,5,104,NA,NA,NA,0
449,5,104,NA,NA,NA,0
450,5,104,NA,NA,NA,0
451,5,104,NA,NA,NA,0
452,5,104,NA,NA,NA,0
453,5,105,NA,NA,NA,0
454,5,105,NA,NA,NA,0
455,5,105,"E",NA,NA,0
456,5,105,NA,NA,NA,0
457,5,105,NA,NA,NA,0
458,5,106,NA,NA,NA,0
459,5,106,NA,NA,NA,0
460,5,106,NA,NA,NA,0
461,5,106,"E",277,NA,0
462,5,106,NA,NA,NA,0
463,6,107,NA,NA,NA,0
464,6,107,"E",216,NA,0
465,6,107,NA,NA,NA,0
466,6,107,NA,NA,NA,0
467,6,107,NA,NA,NA,0
468,6,107,NA,NA,NA,0
469,3,108,NA,NA,NA,0
470,3,108,"E",NA,NA,0
471,3,108,NA,NA,NA,0
472,6,109,NA,NA,NA,0
473,6,109,NA,NA,NA,0
474,6,109,NA,NA,NA,0
475,6,109,NA,NA,NA,0
476,6,109,NA,NA,NA,0
477,6,109,NA,NA,NA,0
478,3,110,NA,NA,NA,0
479,3,110,NA,NA,NA,0
480,3,110,"E",157,NA,0
481,6,111,NA,NA,NA,0
482,6,111,NA,NA,NA,0
483,6,111,"E",NA,NA,0
484,6,111,NA,NA,NA,0
485,6,111,NA,NA,NA,0
486,6,111,NA,NA,NA,0
487,5,112,NA,NA,NA,0
488,5,112,NA,NA,NA,0
489,5,112,"E",132,NA,0
490,5,112,NA,NA,NA,0
491,5,112,NA,NA,NA,0
492,6,113,NA,NA,NA,0
493,6,113,NA,NA,NA,0
494,6,113,NA,NA,NA,0
495,6,113,NA,NA,NA,0
496,6,113,NA,NA,NA,0
497,6,113,NA,NA,NA,0
498,6,114,NA,NA,NA,0
499,6,114,NA,NA,NA,0
500,6,114,NA,NA,NA,0
501,6,114,NA,NA,NA,0
502,6,114,NA,NA,NA,0
503,6,114,NA,NA,NA,0
504,5,115,NA,NA,NA,0
505,5,115,NA,NA,NA,0
506,5,115,NA,NA,NA,0
507,5,115,NA,NA,NA,0
508,5,115,NA,NA,NA,0
509,4,116,NA,NA,NA,0
510,4,116,NA,NA,NA,0
511,4,116,NA,NA,NA,0
512,4,116,NA,NA,NA,0
513,3,117,NA,NA,NA,0
514,3,117,NA,NA,NA,0
515,3,117,NA,NA,NA,0
516,5,118,NA,NA,NA,0
517,5,118,NA,NA,NA,0
518,5,118,NA,NA,NA,0
519,5,118,NA,NA,NA,0
520,5,118,NA,NA,NA,0
521,3,119,NA,NA,NA,0
522,3,119,"E",NA,NA,0
523,3,119,"E",NA,NA,0
524,3,120,NA,NA,NA,0
525,3,120,NA,NA,NA,0
526,3,120,NA,NA,NA,0
527,3,121,NA,NA,NA,0
528,3,121,NA,NA,NA,0
529,3,121,NA,NA,NA,0
530,4,122,NA,NA,NA,0
531,4,122,NA,NA,NA,0
532,4,122,NA,NA,NA,0
533,4,122,NA,NA,NA,0
534,4,123,NA,NA,NA,0
535,4,123,NA,NA,NA,0
536,4,123,NA,NA,NA,0
537,4,123,NA,NA,NA,0
538,6,124,NA,NA,NA,0
539,6,124,NA,NA,NA,0
540,6,124,NA,NA,NA,0
541,6,124,NA,NA,NA,0
542,6,124,NA,NA,NA,0
543,6,124,NA,NA,NA,0
544,5,125,NA,NA,NA,0
545,5,125,NA,NA,NA,0
546,5,125,NA,NA,NA,0
547,5,125,NA,NA,NA,0
548,5,125,NA,NA,NA,0
549,5,126,NA,NA,NA,0
550,5,126,NA,NA,NA,0
551,5,126,NA,NA,NA,0
552,5,126,NA,NA,NA,0
553,5,126,NA,NA,NA,0
554,4,127,NA,NA,NA,0
555,4,127,"E",272,NA,0
556,4,127,NA,NA,NA,0
557,4,127,NA,NA,NA,0
558,5,128,NA,NA,NA,0
559,5,128,NA,NA,NA,0
560,5,128,NA,NA,NA,0
561,5,128,NA,NA,NA,0
562,5,128,NA,NA,NA,0
563,5,129,NA,NA,NA,0
564,5,129,NA,NA,NA,0
565,5,129,NA,NA,NA,0
566,5,129,NA,NA,NA,0
567,5,129,NA,NA,NA,0
568,6,130,NA,NA,NA,0
569,6,130,NA,NA,NA,0
570,6,130,NA,NA,NA,0
571,6,130,NA,NA,NA,0
572,6,130,NA,NA,NA,0
573,6,130,NA,NA,NA,0
574,5,131,NA,NA,NA,0
575,5,131,NA,NA,NA,0
576,5,131,"E",NA,NA,0
577,5,131,NA,NA,NA,0
578,5,131,NA,NA,NA,0
579,6,132,"E",NA,NA,0
580,6,132,NA,NA,NA,0
581,6,132,"E",NA,NA,0
582,6,132,NA,NA,NA,0
583,6,132,NA,NA,NA,0
584,6,132,NA,NA,NA,0
585,5,133,NA,NA,NA,0
586,5,133,NA,NA,NA,0
587,5,133,NA,NA,NA,0
588,5,133,NA,NA,NA,0
589,5,133,NA,NA,NA,0
590,3,134,NA,NA,NA,0
591,3,134,"E",NA,NA,0
592,3,134,NA,NA,NA,0
593,3,135,NA,NA,NA,0
594,3,135,NA,NA,NA,0
595,3,135,NA,NA,NA,0
596,4,136,NA,NA,NA,0
597,4,136,"E",NA,NA,0
598,4,136,NA,NA,NA,0
599,4,136,NA,NA,NA,0
600,6,137,NA,NA,NA,0
601,6,137,NA,NA,NA,0
602,6,137,"E",NA,NA,0
603,6,137,NA,NA,NA,0
604,6,137,NA,NA,NA,0
605,6,137,NA,NA,NA,0
606,3,138,NA,NA,NA,0
607,3,138,NA,NA,NA,0
608,3,138,NA,NA,NA,0
609,4,139,NA,NA,NA,0
610,4,139,"E",130,NA,0
611,4,139,"E",176,NA,0
612,4,139,NA,NA,NA,0
613,3,140,NA,NA,NA,0
614,3,140,NA,NA,NA,0
615,3,140,NA,NA,NA,0
616,4,141,NA,NA,NA,0
617,4,141,NA,NA,NA,0
618,4,141,NA,NA,NA,0
619,4,141,NA,NA,NA,0
620,4,142,NA,NA,NA,0
621,4,142,NA,NA,NA,0
622,4,142,NA,NA,NA,0
623,4,142,NA,NA,NA,0
624,4,143,NA,NA,NA,0
625,4,143,NA,NA,NA,0
626,4,143,NA,NA,NA,0
627,4,143,NA,NA,NA,0
628,3,144,NA,NA,NA,0
629,3,144,NA,NA,NA,0
630,3,144,NA,NA,NA,0
631,3,145,NA,NA,NA,0
632,3,145,NA,NA,NA,0
633,3,145,NA,NA,NA,0
634,5,146,NA,NA,NA,0
635,5,146,NA,NA,NA,0
636,5,146,NA,NA,NA,0
637,5,146,NA,NA,NA,0
638,5,146,NA,NA,NA,0
639,6,147,NA,NA,NA,0
640,6,147,NA,NA,NA,0
641,6,147,NA,NA,NA,0
642,6,147,NA,NA,NA,0
643,6,147,NA,NA,NA,0
644,6,147,NA,NA,NA,0
645,5,148,NA,NA,NA,0
646,5,148,NA,NA,NA,0
647,5,148,NA,NA,NA,0
648,5,148,NA,NA,NA,0
649,5,148,NA,NA,NA,0
650,6,149,NA,NA,NA,0
651,6,149,NA,NA,NA,0
652,6,149,NA,NA,NA,0
653,6,149,NA,NA,NA,0
654,6,149,NA,NA,NA,0
655,6,149,NA,NA,NA,0
656,4,150,NA,NA,NA,0
657,4,150,NA,NA,NA,0
658,4,150,NA,NA,NA,0
659,4,150,NA,NA,NA,0
660,4,151,NA,NA,NA,0
661,4,151,NA,NA,NA,0
662,4,151,NA,NA,NA,0
663,4,151,NA,NA,NA,0
664,6,152,NA,NA,NA,0
665,6,152,NA,NA,NA,0
666,6,152,NA,NA,NA,0
667,6,152,NA,NA,NA,0
668,6,152,NA,NA,NA,0
669,6,152,NA,NA,NA,0
670,6,153,NA,NA,NA,0
671,6,153,NA,NA,NA,0
672,6,153,NA,NA,NA,0
673,6,153,NA,NA,NA,0
674,6,153,NA,NA,NA,0
675,6,153,NA,NA,NA,0
676,6,154,NA,NA,NA,0
677,6,154,"E",NA,NA,0
678,6,154,NA,NA,NA,0
679,6,154,"E",NA,NA,0
680,6,154,NA,NA,NA,0
681,6,154,NA,NA,NA,0
682,5,155,NA,NA,NA,0
683,5,155,NA,NA,NA,0
684,5,155,NA,NA,NA,0
685,5,155,NA,NA,NA,0
686,5,155,NA,NA,NA,0
687,6,156,NA,NA,NA,0
688,6,156,NA,NA,NA,0
689,6,156,NA,NA,NA,0
690,6,156,NA,NA,NA,0
691,6,156,NA,NA,NA,0
692,6,156,NA,NA,NA,0
693,4,157,NA,NA,NA,0
694,4,157,NA,NA,NA,0
695,4,157,NA,NA,NA,0
696,4,157,NA,NA,NA,0
697,4,158,NA,NA,NA,0
698,4,158,NA,NA,NA,0
699,4,158,NA,NA,NA,0
700,4,158,NA,NA,NA,0
701,5,159,NA,NA,NA,0
702,5,159,NA,NA,NA,0
703,5,159,NA,NA,NA,0
704,5,159,NA,NA,NA,0
705,5,159,NA,NA,NA,0
706,4,160,NA,NA,NA,0
707,4,160,NA,NA,NA,0
708,4,160,"E",151,NA,0
709,4,160,NA,NA,NA,0
710,6,161,NA,NA,NA,0
711,6,161,"E",68,NA,0
712,6,161,NA,NA,NA,0
713,6,161,NA,NA,NA,0
714,6,161,NA,NA,NA,0
715,6,161,NA,NA,NA,0
716,3,162,NA,NA,NA,0
717,3,162,NA,NA,NA,0
718,3,162,"E",299,NA,0
719,5,163,"E",NA,NA,0
720,5,163,NA,NA,NA,0
721,5,163,NA,NA,NA,0
722,5,163,NA,NA,NA,0
723,5,163,NA,NA,NA,0
724,6,164,NA,NA,NA,0
725,6,164,NA,NA,NA,0
726,6,164,NA,NA,NA,0
727,6,164,NA,NA,NA,0
728,6,164,NA,NA,NA,0
729,6,164,NA,NA,NA,0
730,3,165,NA,NA,NA,0
731,3,165,NA,NA,NA,0
732,3,165,NA,NA,NA,0
733,4,166,NA,NA,NA,0
734,4,166,NA,NA,NA,0
735,4,166,NA,NA,NA,0
736,4,166,NA,NA,NA,0
737,6,167,NA,NA,NA,0
738,6,167,NA,NA,NA,0
739,6,167,NA,NA,NA,0
740,6,167,NA,NA,NA,0
741,6,167,NA,NA,NA,0
742,6,167,NA,NA,NA,0
743,6,168,NA,NA,NA,0
744,6,168,NA,NA,NA,0
745,6,168,NA,NA,NA,0
746,6,168,NA,NA,NA,0
747,6,168,NA,NA,NA,0
748,6,168,NA,NA,NA,0
749,5,169,NA,NA,NA,0
750,5,169,NA,NA,NA,0
751,5,169,NA,NA,NA,0
752,5,169,NA,NA,NA,0
753,5,169,NA,NA,NA,0
754,6,170,NA,NA,NA,0
755,6,170,NA,NA,NA,0
756,6,170,NA,NA,NA,0
757,6,170,NA,NA,NA,0
758,6,170,NA,NA,NA,0
759,6,170,"E",NA,NA,0
760,5,171,NA,NA,NA,0
761,5,171,NA,NA,NA,0
762,5,171,NA,NA,NA,0
763,5,171,NA,NA,NA,0
764,5,171,NA,NA,NA,0
765,6,172,NA,NA,NA,0
766,6,172,NA,NA,NA,0
767,6,172,NA,NA,NA,0
768,6,172,NA,NA,NA,0
769,6,172,NA,NA,NA,0
770,6,172,NA,NA,NA,0
771,3,173,NA,NA,NA,0
772,3,173,NA,NA,NA,0
773,3,173,NA,NA,NA,0
774,6,174,NA,NA,NA,0
775,6,174,NA,NA,NA,0
776,6,174,NA,NA,NA,0
777,6,174,NA,NA,NA,0
778,6,174,NA,NA,NA,0
779,6,174,NA,NA,NA,0
780,5,175,"E",261,NA,0
781,5,175,NA,NA,NA,0
782,5,175,"E",NA,NA,0
783,5,175,NA,NA,NA,0
784,5,175,NA,NA,NA,0
785,3,176,NA,NA,NA,0
786,3,176,NA,NA,NA,0
787,3,176,NA,NA,NA,0
788,5,177,NA,NA,NA,0
789,5,177,NA,NA,NA,0
790,5,177,NA,NA,NA,0
791,5,177,NA,NA,NA,0
792,5,177,NA,NA,NA,0
793,5,178,NA,NA,NA,0
794,5,178,NA,NA,NA,0
795,5,178,NA,NA,NA,0
796,5,178,NA,NA,NA,0
797,5,178,NA,NA,NA,0
798,4,179,NA,NA,NA,0
799,4,179,NA,NA,NA,0
800,4,179,NA,NA,NA,0
801,4,179,NA,NA,NA,0
802,3,180,NA,NA,NA,0
803,3,180,NA,NA,NA,0
804,3,180,NA,NA,NA,0
805,4,181,"E",148,NA,0
806,4,181,"E",129,NA,0
807,4,181,NA,NA,NA,0
808,4,181,"E",NA,NA,0
809,6,182,NA,NA,NA,0
810,6,182,NA,NA,NA,0
811,6,182,NA,NA,NA,0
812,6,182,NA,NA,NA,0
813,6,182,"E",302,NA,0
814,6,182,NA,NA,NA,0
815,4,183,"E",NA,NA,0
816,4,183,NA,NA,NA,0
817,4,183,NA,NA,NA,0
818,4,183,NA,NA,NA,0
819,3,184,"E",NA,NA,0
820,3,184,NA,NA,NA,0
821,3,184,NA,NA,NA,0
822,3,185,NA,NA,NA,0
823,3,185,NA,NA,NA,0
824,3,185,NA,NA,NA,0
825,5,186,NA,NA,NA,0
826,5,186,NA,NA,NA,0
827,5,186,"E",NA,NA,0
828,5,186,NA,NA,NA,0
829,5,186,NA,NA,NA,0
830,3,187,NA,NA,NA,0
831,3,187,NA,NA,NA,0
832,3,187,"E",NA,NA,0
833,6,188,NA,NA,NA,0
834,6,188,"E",144,NA,0
835,6,188,NA,NA,NA,0
836,6,188,NA,NA,NA,0
837,6,188,NA,NA,NA,0
838,6,188,NA,NA,NA,0
839,3,189,"E",215,NA,0
840,3,189,NA,NA,NA,0
841,3,189,NA,NA,NA,0
842,3,190,NA,NA,NA,0
843,3,190,NA,NA,NA,0
844,3,190,NA,NA,NA,0
845,5,191,NA,NA,NA,0
846,5,191,NA,NA,NA,0
847,5,191,"E",290,NA,0
848,5,191,NA,NA,NA,0
849,5,191,NA,NA,NA,0
850,5,192,NA,NA,NA,0
851,5,192,NA,NA,NA,0
852,5,192,NA,NA,NA,0
853,5,192,NA,NA,NA,0
854,5,192,NA,NA,NA,0
855,5,193,NA,NA,NA,0
856,5,193,NA,NA,NA,0
857,5,193,NA,NA,NA,0
858,5,193,NA,NA,NA,0
859,5,193,NA,NA,NA,0
860,4,194,NA,NA,NA,0
861,4,194,NA,NA,NA,0
862,4,194,NA,NA,NA,0
863,4,194,NA,NA,NA,0
864,6,195,NA,NA,NA,0
865,6,195,"E",183,NA,0
866,6,195,NA,NA,NA,0
867,6,195,NA,NA,NA,0
868,6,195,NA,NA,NA,0
869,6,195,NA,NA,NA,0
870,5,196,NA,NA,NA,0
871,5,196,NA,NA,NA,0
872,5,196,NA,NA,NA,0
873,5,196,NA,NA,NA,0
874,5,196,NA,NA,NA,0
875,6,197,NA,NA,NA,0
876,6,197,NA,NA,NA,0
877,6,197,NA,NA,NA,0
878,6,197,NA,NA,NA,0
879,6,197,NA,NA,NA,0
880,6,197,"E",213,NA,0
881,5,198,NA,NA,NA,0
882,5,198,"E",275,NA,0
883,5,198,NA,NA,NA,0
884,5,198,NA,NA,NA,0
885,5,198,"E",206,NA,0
886,4,199,NA,NA,NA,0
887,4,199,NA,NA,NA,0
888,4,199,NA,NA,NA,0
889,4,199,NA,NA,NA,0
890,3,200,NA,NA,NA,0
891,3,200,NA,NA,NA,0
892,3,200,"E",244,NA,0
893,5,201,NA,NA,NA,0
894,5,201,NA,NA,NA,0
895,5,201,NA,NA,NA,0
896,5,201,NA,NA,NA,0
897,5,201,NA,NA,NA,0
898,4,202,"E",151,NA,0
899,4,202,NA,NA,NA,0
900,4,202,NA,NA,NA,0
901,4,202,NA,NA,NA,0
902,5,203,NA,NA,NA,0
903,5,203,NA,NA,NA,0
904,5,203,NA,NA,NA,0
905,5,203,"E",NA,NA,0
906,5,203,NA,NA,NA,0
907,5,204,NA,NA,NA,0
908,5,204,NA,NA,NA,0
909,5,204,NA,NA,NA,0
910,5,204,NA,NA,NA,0
911,5,204,NA,NA,NA,0
912,6,205,NA,NA,NA,0
913,6,205,NA,NA,NA,0
914,6,205,NA,NA,NA,0
915,6,205,NA,NA,NA,0
916,6,205,NA,NA,NA,0
917,6,205,NA,NA,NA,0
918,4,206,NA,NA,NA,0
919,4,206,NA,NA,NA,0
920,4,206,"E",NA,NA,0
921,4,206,NA,NA,NA,0
922,4,207,NA,NA,NA,0
923,4,207,NA,NA,NA,0
924,4,207,NA,NA,NA,0
925,4,207,NA,NA,NA,0
926,3,208,NA,NA,NA,0
927,3,208,NA,NA,NA,0
928,3,208,"E",94,NA,0
929,5,209,NA,NA,NA,0
930,5,209,NA,NA,NA,0
931,5,209,NA,NA,NA,0
932,5,209,NA,NA,NA,0
933,5,209,NA,NA,NA,0
934,6,210,NA,NA,NA,0
935,6,210,NA,NA,NA,0
936,6,210,NA,NA,NA,0
937,6,210,NA,NA,NA,0
938,6,210,NA,NA,NA,0
939,6,210,NA,NA,NA,0
940,3,211,NA,NA,NA,0
941,3,211,NA,NA,NA,0
942,3,211,NA,NA,NA,0
943,5,212,NA,NA,NA,0
944,5,212,NA,NA,NA,0
945,5,212,NA,NA,NA,0
946,5,212,NA,NA,NA,0
947,5,212,NA,NA,NA,0
948,5,213,NA,NA,NA,0
949,5,213,NA,NA,NA,0
950,5,213,NA,NA,NA,0
951,5,213,"E",215,NA,0
952,5,213,NA,NA,NA,0
953,3,214,NA,NA,NA,0
954,3,214,NA,NA,NA,0
955,3,214,NA,NA,NA,0
956,5,215,NA,NA,NA,0
957,5,215,NA,NA,NA,0
958,5,215,NA,NA,NA,0
959,5,215,NA,NA,NA,0
960,5,215,NA,NA,NA,0
961,4,216,NA,NA,NA,0
962,4,216,NA,NA,NA,0
963,4,216,NA,NA,NA,0
964,4,216,NA,NA,NA,0
965,4,217,"E",350,NA,0
966,4,217,NA,NA,NA,0
967,4,217,NA,NA,NA,0
968,4,217,NA,NA,NA,0
969,5,218,NA,NA,NA,0
970,5,218,"E",83,NA,0
971,5,218,NA,NA,NA,0
972,5,218,NA,NA,NA,0
973,5,218,NA,NA,NA,0
974,3,219,NA,NA,NA,0
975,3,219,NA,NA,NA,0
976,3,219,"E",NA,NA,0
977,5,220,NA,NA,NA,0
978,5,220,NA,NA,NA,0
979,5,220,NA,NA,NA,0
980,5,220,NA,NA,NA,0
981,5,220,NA,NA,NA,0
982,4,221,NA,NA,NA,0
983,4,221,NA,NA,NA,0
984,4,221,NA,NA,NA,0
985,4,221,NA,NA,NA,0
986,6,222,NA,NA,NA,0
987,6,222,NA,NA,NA,0
988,6,222,NA,NA,NA,0
989,6,222,NA,NA,NA,0
990,6,222,NA,NA,NA,0
991,6,222,NA,NA,NA,0
992,4,223,NA,NA,NA,0
993,4,223,NA,NA,NA,0
994,4,223,NA,NA,NA,0
995,4,223,NA,NA,NA,0
996,5,224,NA,NA,NA,0
997,5,224,NA,NA,NA,0
998,5,224,NA,NA,NA,0
999,5,224,NA,NA,NA,0
1000,5,224,"E",150,NA,0
