"ID","SIZE","HH","TYPE","TIME","S_num","I_num"
1,6,1,"0",55,5,2
2,6,1,"H",83,3,1
3,6,1,"H",166,2,1
4,6,1,"H",277,0,0
5,6,1,"H",203,1,1
6,6,1,"H",78,3,0
7,3,2,NA,NA,NA,0
8,3,2,NA,NA,NA,0
9,3,2,NA,NA,NA,0
10,4,3,NA,NA,NA,0
11,4,3,NA,NA,NA,0
12,4,3,NA,NA,NA,0
13,4,3,NA,NA,NA,0
14,5,4,NA,NA,NA,0
15,5,4,NA,NA,NA,0
16,5,4,NA,NA,NA,0
17,5,4,NA,NA,NA,0
18,5,4,NA,NA,NA,0
19,4,5,NA,NA,NA,0
20,4,5,NA,NA,NA,0
21,4,5,NA,NA,NA,0
22,4,5,NA,NA,NA,0
23,4,6,NA,NA,NA,0
24,4,6,NA,NA,NA,0
25,4,6,NA,NA,NA,0
26,4,6,NA,NA,NA,0
27,4,7,NA,NA,NA,0
28,4,7,NA,NA,NA,0
29,4,7,NA,NA,NA,0
30,4,7,NA,NA,NA,0
31,5,8,NA,NA,NA,0
32,5,8,NA,NA,NA,0
33,5,8,NA,NA,NA,0
34,5,8,NA,NA,NA,0
35,5,8,NA,NA,NA,0
36,6,9,NA,NA,NA,0
37,6,9,NA,NA,NA,0
38,6,9,NA,NA,NA,0
39,6,9,NA,NA,NA,0
40,6,9,NA,NA,NA,0
41,6,9,NA,NA,NA,0
42,6,10,"H",141,4,1
43,6,10,"C",108,5,1
44,6,10,"H",176,3,1
45,6,10,"H",229,2,0
46,6,10,NA,NA,NA,0
47,6,10,NA,NA,NA,0
48,4,11,NA,NA,NA,0
49,4,11,NA,NA,NA,0
50,4,11,NA,NA,NA,0
51,4,11,NA,NA,NA,0
52,5,12,NA,NA,NA,0
53,5,12,NA,NA,NA,0
54,5,12,NA,NA,NA,0
55,5,12,NA,NA,NA,0
56,5,12,NA,NA,NA,0
57,5,13,"H",309,3,2
58,5,13,"C",270,4,1
59,5,13,"H",354,1,0
60,5,13,NA,NA,NA,0
61,5,13,"H",324,1,0
62,4,14,NA,NA,NA,0
63,4,14,NA,NA,NA,0
64,4,14,NA,NA,NA,0
65,4,14,NA,NA,NA,0
66,5,15,NA,NA,NA,0
67,5,15,NA,NA,NA,0
68,5,15,NA,NA,NA,0
69,5,15,NA,NA,NA,0
70,5,15,NA,NA,NA,0
71,6,16,NA,NA,NA,0
72,6,16,NA,NA,NA,0
73,6,16,NA,NA,NA,0
74,6,16,NA,NA,NA,0
75,6,16,NA,NA,NA,0
76,6,16,NA,NA,NA,0
77,4,17,NA,NA,NA,0
78,4,17,NA,NA,NA,0
79,4,17,NA,NA,NA,0
80,4,17,NA,NA,NA,0
81,5,18,NA,NA,NA,0
82,5,18,NA,NA,NA,0
83,5,18,NA,NA,NA,0
84,5,18,"C",137,4,0
85,5,18,NA,NA,NA,0
86,5,19,NA,NA,NA,0
87,5,19,NA,NA,NA,0
88,5,19,NA,NA,NA,0
89,5,19,NA,NA,NA,0
90,5,19,NA,NA,NA,0
91,6,20,"H",352,2,0
92,6,20,"H",NA,NA,0
93,6,20,NA,NA,NA,0
94,6,20,"C",328,4,2
95,6,20,"C",330,4,0
96,6,20,NA,NA,NA,0
97,4,21,NA,NA,NA,0
98,4,21,NA,NA,NA,0
99,4,21,NA,NA,NA,0
100,4,21,NA,NA,NA,0
101,3,22,NA,NA,NA,0
102,3,22,NA,NA,NA,0
103,3,22,NA,NA,NA,0
104,4,23,NA,NA,NA,0
105,4,23,NA,NA,NA,0
106,4,23,NA,NA,NA,0
107,4,23,NA,NA,NA,0
108,4,24,NA,NA,NA,0
109,4,24,NA,NA,NA,0
110,4,24,NA,NA,NA,0
111,4,24,NA,NA,NA,0
112,5,25,"H",279,2,1
113,5,25,"C",253,4,2
114,5,25,NA,NA,NA,0
115,5,25,"H",289,1,0
116,5,25,"H",317,1,0
117,4,26,NA,NA,NA,0
118,4,26,NA,NA,NA,0
119,4,26,NA,NA,NA,0
120,4,26,NA,NA,NA,0
121,4,27,NA,NA,NA,0
122,4,27,NA,NA,NA,0
123,4,27,NA,NA,NA,0
124,4,27,NA,NA,NA,0
125,3,28,NA,NA,NA,0
126,3,28,NA,NA,NA,0
127,3,28,NA,NA,NA,0
128,6,29,NA,NA,NA,0
129,6,29,NA,NA,NA,0
130,6,29,NA,NA,NA,0
131,6,29,NA,NA,NA,0
132,6,29,NA,NA,NA,0
133,6,29,NA,NA,NA,0
134,3,30,NA,NA,NA,0
135,3,30,NA,NA,NA,0
136,3,30,NA,NA,NA,0
137,4,31,NA,NA,NA,0
138,4,31,NA,NA,NA,0
139,4,31,NA,NA,NA,0
140,4,31,NA,NA,NA,0
141,5,32,NA,NA,NA,0
142,5,32,NA,NA,NA,0
143,5,32,NA,NA,NA,0
144,5,32,NA,NA,NA,0
145,5,32,NA,NA,NA,0
146,4,33,NA,NA,NA,0
147,4,33,NA,NA,NA,0
148,4,33,NA,NA,NA,0
149,4,33,NA,NA,NA,0
150,6,34,NA,NA,NA,0
151,6,34,NA,NA,NA,0
152,6,34,NA,NA,NA,0
153,6,34,NA,NA,NA,0
154,6,34,NA,NA,NA,0
155,6,34,NA,NA,NA,0
156,5,35,NA,NA,NA,0
157,5,35,NA,NA,NA,0
158,5,35,NA,NA,NA,0
159,5,35,NA,NA,NA,0
160,5,35,NA,NA,NA,0
161,5,36,NA,NA,NA,0
162,5,36,NA,NA,NA,0
163,5,36,NA,NA,NA,0
164,5,36,NA,NA,NA,0
165,5,36,NA,NA,NA,0
166,6,37,NA,NA,NA,0
167,6,37,NA,NA,NA,0
168,6,37,NA,NA,NA,0
169,6,37,NA,NA,NA,0
170,6,37,NA,NA,NA,0
171,6,37,NA,NA,NA,0
172,4,38,NA,NA,NA,0
173,4,38,NA,NA,NA,0
174,4,38,NA,NA,NA,0
175,4,38,NA,NA,NA,0
176,5,39,"C",159,4,2
177,5,39,"H",293,0,0
178,5,39,"H",242,2,1
179,5,39,"H",212,2,0
180,5,39,"H",268,1,1
181,3,40,NA,NA,NA,0
182,3,40,NA,NA,NA,0
183,3,40,NA,NA,NA,0
184,3,41,NA,NA,NA,0
185,3,41,NA,NA,NA,0
186,3,41,NA,NA,NA,0
187,6,42,NA,NA,NA,0
188,6,42,NA,NA,NA,0
189,6,42,NA,NA,NA,0
190,6,42,NA,NA,NA,0
191,6,42,NA,NA,NA,0
192,6,42,NA,NA,NA,0
193,5,43,NA,NA,NA,0
194,5,43,NA,NA,NA,0
195,5,43,NA,NA,NA,0
196,5,43,NA,NA,NA,0
197,5,43,NA,NA,NA,0
198,5,44,NA,NA,NA,0
199,5,44,NA,NA,NA,0
200,5,44,NA,NA,NA,0
201,5,44,NA,NA,NA,0
202,5,44,NA,NA,NA,0
203,5,45,NA,NA,NA,0
204,5,45,NA,NA,NA,0
205,5,45,NA,NA,NA,0
206,5,45,NA,NA,NA,0
207,5,45,NA,NA,NA,0
208,5,46,NA,NA,NA,0
209,5,46,NA,NA,NA,0
210,5,46,NA,NA,NA,0
211,5,46,NA,NA,NA,0
212,5,46,NA,NA,NA,0
213,3,47,NA,NA,NA,0
214,3,47,NA,NA,NA,0
215,3,47,NA,NA,NA,0
216,4,48,NA,NA,NA,0
217,4,48,NA,NA,NA,0
218,4,48,NA,NA,NA,0
219,4,48,NA,NA,NA,0
220,6,49,NA,NA,NA,0
221,6,49,NA,NA,NA,0
222,6,49,NA,NA,NA,0
223,6,49,NA,NA,NA,0
224,6,49,NA,NA,NA,0
225,6,49,NA,NA,NA,0
226,4,50,NA,NA,NA,0
227,4,50,NA,NA,NA,0
228,4,50,NA,NA,NA,0
229,4,50,NA,NA,NA,0
230,6,51,NA,NA,NA,0
231,6,51,NA,NA,NA,0
232,6,51,NA,NA,NA,0
233,6,51,NA,NA,NA,0
234,6,51,NA,NA,NA,0
235,6,51,NA,NA,NA,0
236,6,52,"C",258,5,0
237,6,52,NA,NA,NA,0
238,6,52,NA,NA,NA,0
239,6,52,NA,NA,NA,0
240,6,52,NA,NA,NA,0
241,6,52,NA,NA,NA,0
242,4,53,NA,NA,NA,0
243,4,53,NA,NA,NA,0
244,4,53,NA,NA,NA,0
245,4,53,NA,NA,NA,0
246,6,54,NA,NA,NA,0
247,6,54,NA,NA,NA,0
248,6,54,NA,NA,NA,0
249,6,54,NA,NA,NA,0
250,6,54,NA,NA,NA,0
251,6,54,"C",NA,NA,0
252,3,55,NA,NA,NA,0
253,3,55,NA,NA,NA,0
254,3,55,NA,NA,NA,0
255,4,56,"C",NA,NA,0
256,4,56,NA,NA,NA,0
257,4,56,NA,NA,NA,0
258,4,56,NA,NA,NA,0
259,5,57,NA,NA,NA,0
260,5,57,NA,NA,NA,0
261,5,57,NA,NA,NA,0
262,5,57,NA,NA,NA,0
263,5,57,NA,NA,NA,0
264,3,58,NA,NA,NA,0
265,3,58,NA,NA,NA,0
266,3,58,NA,NA,NA,0
267,4,59,NA,NA,NA,0
268,4,59,NA,NA,NA,0
269,4,59,NA,NA,NA,0
270,4,59,NA,NA,NA,0
271,4,60,NA,NA,NA,0
272,4,60,NA,NA,NA,0
273,4,60,NA,NA,NA,0
274,4,60,NA,NA,NA,0
275,5,61,"C",NA,NA,0
276,5,61,NA,NA,NA,0
277,5,61,NA,NA,NA,0
278,5,61,NA,NA,NA,0
279,5,61,NA,NA,NA,0
280,5,62,NA,NA,NA,0
281,5,62,NA,NA,NA,0
282,5,62,NA,NA,NA,0
283,5,62,NA,NA,NA,0
284,5,62,NA,NA,NA,0
285,3,63,NA,NA,NA,0
286,3,63,NA,NA,NA,0
287,3,63,NA,NA,NA,0
288,3,64,NA,NA,NA,0
289,3,64,NA,NA,NA,0
290,3,64,NA,NA,NA,0
291,3,65,NA,NA,NA,0
292,3,65,NA,NA,NA,0
293,3,65,NA,NA,NA,0
294,4,66,NA,NA,NA,0
295,4,66,NA,NA,NA,0
296,4,66,NA,NA,NA,0
297,4,66,NA,NA,NA,0
298,5,67,NA,NA,NA,0
299,5,67,NA,NA,NA,0
300,5,67,NA,NA,NA,0
301,5,67,NA,NA,NA,0
302,5,67,NA,NA,NA,0
303,3,68,NA,NA,NA,0
304,3,68,NA,NA,NA,0
305,3,68,NA,NA,NA,0
306,6,69,NA,NA,NA,0
307,6,69,NA,NA,NA,0
308,6,69,NA,NA,NA,0
309,6,69,NA,NA,NA,0
310,6,69,NA,NA,NA,0
311,6,69,NA,NA,NA,0
312,4,70,NA,NA,NA,0
313,4,70,NA,NA,NA,0
314,4,70,NA,NA,NA,0
315,4,70,NA,NA,NA,0
316,4,71,NA,NA,NA,0
317,4,71,NA,NA,NA,0
318,4,71,NA,NA,NA,0
319,4,71,NA,NA,NA,0
320,4,72,NA,NA,NA,0
321,4,72,NA,NA,NA,0
322,4,72,NA,NA,NA,0
323,4,72,NA,NA,NA,0
324,6,73,NA,NA,NA,0
325,6,73,NA,NA,NA,0
326,6,73,NA,NA,NA,0
327,6,73,NA,NA,NA,0
328,6,73,NA,NA,NA,0
329,6,73,NA,NA,NA,0
330,3,74,NA,NA,NA,0
331,3,74,"C",345,2,0
332,3,74,NA,NA,NA,0
333,5,75,NA,NA,NA,0
334,5,75,NA,NA,NA,0
335,5,75,NA,NA,NA,0
336,5,75,NA,NA,NA,0
337,5,75,NA,NA,NA,0
338,5,76,NA,NA,NA,0
339,5,76,NA,NA,NA,0
340,5,76,NA,NA,NA,0
341,5,76,NA,NA,NA,0
342,5,76,NA,NA,NA,0
343,6,77,NA,NA,NA,0
344,6,77,NA,NA,NA,0
345,6,77,NA,NA,NA,0
346,6,77,NA,NA,NA,0
347,6,77,NA,NA,NA,0
348,6,77,NA,NA,NA,0
349,3,78,NA,NA,NA,0
350,3,78,NA,NA,NA,0
351,3,78,NA,NA,NA,0
352,6,79,NA,NA,NA,0
353,6,79,NA,NA,NA,0
354,6,79,NA,NA,NA,0
355,6,79,NA,NA,NA,0
356,6,79,NA,NA,NA,0
357,6,79,NA,NA,NA,0
358,3,80,NA,NA,NA,0
359,3,80,NA,NA,NA,0
360,3,80,NA,NA,NA,0
361,5,81,NA,NA,NA,0
362,5,81,NA,NA,NA,0
363,5,81,NA,NA,NA,0
364,5,81,NA,NA,NA,0
365,5,81,NA,NA,NA,0
366,4,82,NA,NA,NA,0
367,4,82,NA,NA,NA,0
368,4,82,NA,NA,NA,0
369,4,82,"C",NA,NA,0
370,5,83,NA,NA,NA,0
371,5,83,NA,NA,NA,0
372,5,83,NA,NA,NA,0
373,5,83,NA,NA,NA,0
374,5,83,NA,NA,NA,0
375,6,84,NA,NA,NA,0
376,6,84,NA,NA,NA,0
377,6,84,NA,NA,NA,0
378,6,84,NA,NA,NA,0
379,6,84,NA,NA,NA,0
380,6,84,NA,NA,NA,0
381,4,85,NA,NA,NA,0
382,4,85,NA,NA,NA,0
383,4,85,NA,NA,NA,0
384,4,85,NA,NA,NA,0
385,6,86,NA,NA,NA,0
386,6,86,NA,NA,NA,0
387,6,86,NA,NA,NA,0
388,6,86,NA,NA,NA,0
389,6,86,NA,NA,NA,0
390,6,86,NA,NA,NA,0
391,3,87,NA,NA,NA,0
392,3,87,NA,NA,NA,0
393,3,87,NA,NA,NA,0
394,6,88,NA,NA,NA,0
395,6,88,NA,NA,NA,0
396,6,88,NA,NA,NA,0
397,6,88,NA,NA,NA,0
398,6,88,NA,NA,NA,0
399,6,88,NA,NA,NA,0
400,6,89,NA,NA,NA,0
401,6,89,NA,NA,NA,0
402,6,89,NA,NA,NA,0
403,6,89,NA,NA,NA,0
404,6,89,NA,NA,NA,0
405,6,89,NA,NA,NA,0
406,6,90,NA,NA,NA,0
407,6,90,NA,NA,NA,0
408,6,90,NA,NA,NA,0
409,6,90,NA,NA,NA,0
410,6,90,NA,NA,NA,0
411,6,90,NA,NA,NA,0
412,3,91,NA,NA,NA,0
413,3,91,NA,NA,NA,0
414,3,91,NA,NA,NA,0
415,4,92,NA,NA,NA,0
416,4,92,NA,NA,NA,0
417,4,92,NA,NA,NA,0
418,4,92,NA,NA,NA,0
419,4,93,NA,NA,NA,0
420,4,93,NA,NA,NA,0
421,4,93,NA,NA,NA,0
422,4,93,NA,NA,NA,0
423,6,94,NA,NA,NA,0
424,6,94,NA,NA,NA,0
425,6,94,NA,NA,NA,0
426,6,94,NA,NA,NA,0
427,6,94,NA,NA,NA,0
428,6,94,NA,NA,NA,0
429,5,95,NA,NA,NA,0
430,5,95,NA,NA,NA,0
431,5,95,NA,NA,NA,0
432,5,95,NA,NA,NA,0
433,5,95,NA,NA,NA,0
434,6,96,NA,NA,NA,0
435,6,96,NA,NA,NA,0
436,6,96,NA,NA,NA,0
437,6,96,NA,NA,NA,0
438,6,96,NA,NA,NA,0
439,6,96,NA,NA,NA,0
440,4,97,NA,NA,NA,0
441,4,97,NA,NA,NA,0
442,4,97,NA,NA,NA,0
443,4,97,NA,NA,NA,0
444,3,98,NA,NA,NA,0
445,3,98,NA,NA,NA,0
446,3,98,NA,NA,NA,0
447,6,99,NA,NA,NA,0
448,6,99,NA,NA,NA,0
449,6,99,NA,NA,NA,0
450,6,99,NA,NA,NA,0
451,6,99,NA,NA,NA,0
452,6,99,NA,NA,NA,0
453,6,100,"C",176,5,0
454,6,100,NA,NA,NA,0
455,6,100,NA,NA,NA,0
456,6,100,NA,NA,NA,0
457,6,100,NA,NA,NA,0
458,6,100,NA,NA,NA,0
459,6,101,NA,NA,NA,0
460,6,101,NA,NA,NA,0
461,6,101,NA,NA,NA,0
462,6,101,NA,NA,NA,0
463,6,101,NA,NA,NA,0
464,6,101,NA,NA,NA,0
465,5,102,NA,NA,NA,0
466,5,102,NA,NA,NA,0
467,5,102,NA,NA,NA,0
468,5,102,NA,NA,NA,0
469,5,102,NA,NA,NA,0
470,6,103,NA,NA,NA,0
471,6,103,NA,NA,NA,0
472,6,103,NA,NA,NA,0
473,6,103,NA,NA,NA,0
474,6,103,NA,NA,NA,0
475,6,103,NA,NA,NA,0
476,5,104,NA,NA,NA,0
477,5,104,NA,NA,NA,0
478,5,104,NA,NA,NA,0
479,5,104,NA,NA,NA,0
480,5,104,NA,NA,NA,0
481,4,105,NA,NA,NA,0
482,4,105,NA,NA,NA,0
483,4,105,NA,NA,NA,0
484,4,105,NA,NA,NA,0
485,5,106,NA,NA,NA,0
486,5,106,NA,NA,NA,0
487,5,106,NA,NA,NA,0
488,5,106,NA,NA,NA,0
489,5,106,"C",NA,NA,0
490,3,107,NA,NA,NA,0
491,3,107,NA,NA,NA,0
492,3,107,NA,NA,NA,0
493,6,108,NA,NA,NA,0
494,6,108,NA,NA,NA,0
495,6,108,NA,NA,NA,0
496,6,108,NA,NA,NA,0
497,6,108,NA,NA,NA,0
498,6,108,NA,NA,NA,0
499,6,109,NA,NA,NA,0
500,6,109,NA,NA,NA,0
501,6,109,NA,NA,NA,0
502,6,109,NA,NA,NA,0
503,6,109,NA,NA,NA,0
504,6,109,NA,NA,NA,0
505,6,110,NA,NA,NA,0
506,6,110,NA,NA,NA,0
507,6,110,NA,NA,NA,0
508,6,110,NA,NA,NA,0
509,6,110,NA,NA,NA,0
510,6,110,NA,NA,NA,0
511,5,111,NA,NA,NA,0
512,5,111,NA,NA,NA,0
513,5,111,NA,NA,NA,0
514,5,111,NA,NA,NA,0
515,5,111,NA,NA,NA,0
516,4,112,NA,NA,NA,0
517,4,112,NA,NA,NA,0
518,4,112,NA,NA,NA,0
519,4,112,NA,NA,NA,0
520,6,113,NA,NA,NA,0
521,6,113,NA,NA,NA,0
522,6,113,NA,NA,NA,0
523,6,113,NA,NA,NA,0
524,6,113,NA,NA,NA,0
525,6,113,NA,NA,NA,0
526,6,114,NA,NA,NA,0
527,6,114,NA,NA,NA,0
528,6,114,NA,NA,NA,0
529,6,114,NA,NA,NA,0
530,6,114,NA,NA,NA,0
531,6,114,NA,NA,NA,0
532,5,115,NA,NA,NA,0
533,5,115,NA,NA,NA,0
534,5,115,NA,NA,NA,0
535,5,115,NA,NA,NA,0
536,5,115,NA,NA,NA,0
537,3,116,NA,NA,NA,0
538,3,116,NA,NA,NA,0
539,3,116,NA,NA,NA,0
540,4,117,NA,NA,NA,0
541,4,117,NA,NA,NA,0
542,4,117,NA,NA,NA,0
543,4,117,NA,NA,NA,0
544,6,118,NA,NA,NA,0
545,6,118,NA,NA,NA,0
546,6,118,NA,NA,NA,0
547,6,118,NA,NA,NA,0
548,6,118,NA,NA,NA,0
549,6,118,NA,NA,NA,0
550,4,119,NA,NA,NA,0
551,4,119,NA,NA,NA,0
552,4,119,NA,NA,NA,0
553,4,119,NA,NA,NA,0
554,3,120,NA,NA,NA,0
555,3,120,NA,NA,NA,0
556,3,120,NA,NA,NA,0
557,5,121,NA,NA,NA,0
558,5,121,NA,NA,NA,0
559,5,121,NA,NA,NA,0
560,5,121,NA,NA,NA,0
561,5,121,NA,NA,NA,0
562,6,122,NA,NA,NA,0
563,6,122,NA,NA,NA,0
564,6,122,NA,NA,NA,0
565,6,122,NA,NA,NA,0
566,6,122,NA,NA,NA,0
567,6,122,NA,NA,NA,0
568,3,123,NA,NA,NA,0
569,3,123,NA,NA,NA,0
570,3,123,NA,NA,NA,0
571,5,124,NA,NA,NA,0
572,5,124,NA,NA,NA,0
573,5,124,NA,NA,NA,0
574,5,124,NA,NA,NA,0
575,5,124,NA,NA,NA,0
576,5,125,NA,NA,NA,0
577,5,125,NA,NA,NA,0
578,5,125,NA,NA,NA,0
579,5,125,NA,NA,NA,0
580,5,125,NA,NA,NA,0
581,5,126,"H",NA,NA,0
582,5,126,NA,NA,NA,0
583,5,126,"H",NA,NA,0
584,5,126,NA,NA,NA,0
585,5,126,"C",360,4,2
586,5,127,NA,NA,NA,0
587,5,127,NA,NA,NA,0
588,5,127,NA,NA,NA,0
589,5,127,NA,NA,NA,0
590,5,127,NA,NA,NA,0
591,3,128,NA,NA,NA,0
592,3,128,NA,NA,NA,0
593,3,128,NA,NA,NA,0
594,4,129,NA,NA,NA,0
595,4,129,NA,NA,NA,0
596,4,129,NA,NA,NA,0
597,4,129,NA,NA,NA,0
598,3,130,NA,NA,NA,0
599,3,130,NA,NA,NA,0
600,3,130,NA,NA,NA,0
601,3,131,NA,NA,NA,0
602,3,131,NA,NA,NA,0
603,3,131,NA,NA,NA,0
604,5,132,NA,NA,NA,0
605,5,132,NA,NA,NA,0
606,5,132,NA,NA,NA,0
607,5,132,NA,NA,NA,0
608,5,132,NA,NA,NA,0
609,6,133,NA,NA,NA,0
610,6,133,NA,NA,NA,0
611,6,133,NA,NA,NA,0
612,6,133,NA,NA,NA,0
613,6,133,NA,NA,NA,0
614,6,133,NA,NA,NA,0
615,3,134,NA,NA,NA,0
616,3,134,"C",324,2,1
617,3,134,"H",NA,NA,0
618,5,135,NA,NA,NA,0
619,5,135,NA,NA,NA,0
620,5,135,NA,NA,NA,0
621,5,135,NA,NA,NA,0
622,5,135,NA,NA,NA,0
623,3,136,NA,NA,NA,0
624,3,136,NA,NA,NA,0
625,3,136,NA,NA,NA,0
626,3,137,NA,NA,NA,0
627,3,137,NA,NA,NA,0
628,3,137,NA,NA,NA,0
629,6,138,NA,NA,NA,0
630,6,138,NA,NA,NA,0
631,6,138,NA,NA,NA,0
632,6,138,NA,NA,NA,0
633,6,138,NA,NA,NA,0
634,6,138,NA,NA,NA,0
635,6,139,NA,NA,NA,0
636,6,139,NA,NA,NA,0
637,6,139,NA,NA,NA,0
638,6,139,NA,NA,NA,0
639,6,139,NA,NA,NA,0
640,6,139,NA,NA,NA,0
641,4,140,"C",279,3,1
642,4,140,"H",315,2,0
643,4,140,NA,NA,NA,0
644,4,140,NA,NA,NA,0
645,6,141,NA,NA,NA,0
646,6,141,NA,NA,NA,0
647,6,141,NA,NA,NA,0
648,6,141,NA,NA,NA,0
649,6,141,NA,NA,NA,0
650,6,141,NA,NA,NA,0
651,4,142,NA,NA,NA,0
652,4,142,NA,NA,NA,0
653,4,142,NA,NA,NA,0
654,4,142,NA,NA,NA,0
655,6,143,NA,NA,NA,0
656,6,143,NA,NA,NA,0
657,6,143,NA,NA,NA,0
658,6,143,NA,NA,NA,0
659,6,143,NA,NA,NA,0
660,6,143,NA,NA,NA,0
661,6,144,NA,NA,NA,0
662,6,144,NA,NA,NA,0
663,6,144,NA,NA,NA,0
664,6,144,NA,NA,NA,0
665,6,144,NA,NA,NA,0
666,6,144,NA,NA,NA,0
667,5,145,NA,NA,NA,0
668,5,145,NA,NA,NA,0
669,5,145,NA,NA,NA,0
670,5,145,NA,NA,NA,0
671,5,145,NA,NA,NA,0
672,4,146,NA,NA,NA,0
673,4,146,"C",NA,NA,0
674,4,146,NA,NA,NA,0
675,4,146,NA,NA,NA,0
676,6,147,NA,NA,NA,0
677,6,147,"C",303,5,0
678,6,147,NA,NA,NA,0
679,6,147,NA,NA,NA,0
680,6,147,NA,NA,NA,0
681,6,147,NA,NA,NA,0
682,4,148,NA,NA,NA,0
683,4,148,NA,NA,NA,0
684,4,148,NA,NA,NA,0
685,4,148,NA,NA,NA,0
686,3,149,NA,NA,NA,0
687,3,149,NA,NA,NA,0
688,3,149,NA,NA,NA,0
689,3,150,NA,NA,NA,0
690,3,150,NA,NA,NA,0
691,3,150,NA,NA,NA,0
692,4,151,NA,NA,NA,0
693,4,151,NA,NA,NA,0
694,4,151,NA,NA,NA,0
695,4,151,NA,NA,NA,0
696,3,152,NA,NA,NA,0
697,3,152,NA,NA,NA,0
698,3,152,NA,NA,NA,0
699,3,153,NA,NA,NA,0
700,3,153,NA,NA,NA,0
701,3,153,NA,NA,NA,0
702,4,154,NA,NA,NA,0
703,4,154,NA,NA,NA,0
704,4,154,NA,NA,NA,0
705,4,154,NA,NA,NA,0
706,4,155,NA,NA,NA,0
707,4,155,NA,NA,NA,0
708,4,155,NA,NA,NA,0
709,4,155,NA,NA,NA,0
710,3,156,NA,NA,NA,0
711,3,156,NA,NA,NA,0
712,3,156,NA,NA,NA,0
713,6,157,NA,NA,NA,0
714,6,157,NA,NA,NA,0
715,6,157,NA,NA,NA,0
716,6,157,NA,NA,NA,0
717,6,157,NA,NA,NA,0
718,6,157,NA,NA,NA,0
719,5,158,NA,NA,NA,0
720,5,158,NA,NA,NA,0
721,5,158,NA,NA,NA,0
722,5,158,NA,NA,NA,0
723,5,158,NA,NA,NA,0
724,3,159,NA,NA,NA,0
725,3,159,NA,NA,NA,0
726,3,159,NA,NA,NA,0
727,4,160,NA,NA,NA,0
728,4,160,NA,NA,NA,0
729,4,160,NA,NA,NA,0
730,4,160,NA,NA,NA,0
731,6,161,NA,NA,NA,0
732,6,161,NA,NA,NA,0
733,6,161,NA,NA,NA,0
734,6,161,NA,NA,NA,0
735,6,161,NA,NA,NA,0
736,6,161,NA,NA,NA,0
737,3,162,NA,NA,NA,0
738,3,162,NA,NA,NA,0
739,3,162,NA,NA,NA,0
740,6,163,NA,NA,NA,0
741,6,163,NA,NA,NA,0
742,6,163,NA,NA,NA,0
743,6,163,NA,NA,NA,0
744,6,163,NA,NA,NA,0
745,6,163,NA,NA,NA,0
746,4,164,NA,NA,NA,0
747,4,164,NA,NA,NA,0
748,4,164,NA,NA,NA,0
749,4,164,NA,NA,NA,0
750,4,165,"C",242,3,1
751,4,165,"H",260,2,1
752,4,165,"H",294,1,0
753,4,165,NA,NA,NA,0
754,3,166,NA,NA,NA,0
755,3,166,NA,NA,NA,0
756,3,166,NA,NA,NA,0
757,5,167,NA,NA,NA,0
758,5,167,NA,NA,NA,0
759,5,167,NA,NA,NA,0
760,5,167,NA,NA,NA,0
761,5,167,NA,NA,NA,0
762,4,168,"H",360,1,1
763,4,168,"C",339,3,2
764,4,168,"H",361,1,0
765,4,168,"H",NA,NA,0
766,5,169,NA,NA,NA,0
767,5,169,NA,NA,NA,0
768,5,169,NA,NA,NA,0
769,5,169,NA,NA,NA,0
770,5,169,NA,NA,NA,0
771,6,170,NA,NA,NA,0
772,6,170,NA,NA,NA,0
773,6,170,NA,NA,NA,0
774,6,170,NA,NA,NA,0
775,6,170,NA,NA,NA,0
776,6,170,NA,NA,NA,0
777,5,171,NA,NA,NA,0
778,5,171,NA,NA,NA,0
779,5,171,NA,NA,NA,0
780,5,171,NA,NA,NA,0
781,5,171,NA,NA,NA,0
782,6,172,NA,NA,NA,0
783,6,172,NA,NA,NA,0
784,6,172,NA,NA,NA,0
785,6,172,NA,NA,NA,0
786,6,172,NA,NA,NA,0
787,6,172,NA,NA,NA,0
788,6,173,NA,NA,NA,0
789,6,173,NA,NA,NA,0
790,6,173,NA,NA,NA,0
791,6,173,NA,NA,NA,0
792,6,173,NA,NA,NA,0
793,6,173,NA,NA,NA,0
794,6,174,NA,NA,NA,0
795,6,174,NA,NA,NA,0
796,6,174,NA,NA,NA,0
797,6,174,NA,NA,NA,0
798,6,174,NA,NA,NA,0
799,6,174,NA,NA,NA,0
800,5,175,NA,NA,NA,0
801,5,175,NA,NA,NA,0
802,5,175,NA,NA,NA,0
803,5,175,NA,NA,NA,0
804,5,175,NA,NA,NA,0
805,5,176,"H",NA,NA,0
806,5,176,"C",359,1,1
807,5,176,"H",346,1,0
808,5,176,"C",320,3,2
809,5,176,"H",356,1,0
810,5,177,NA,NA,NA,0
811,5,177,NA,NA,NA,0
812,5,177,NA,NA,NA,0
813,5,177,NA,NA,NA,0
814,5,177,NA,NA,NA,0
815,4,178,NA,NA,NA,0
816,4,178,NA,NA,NA,0
817,4,178,NA,NA,NA,0
818,4,178,NA,NA,NA,0
819,4,179,NA,NA,NA,0
820,4,179,NA,NA,NA,0
821,4,179,NA,NA,NA,0
822,4,179,NA,NA,NA,0
823,6,180,NA,NA,NA,0
824,6,180,NA,NA,NA,0
825,6,180,NA,NA,NA,0
826,6,180,NA,NA,NA,0
827,6,180,NA,NA,NA,0
828,6,180,NA,NA,NA,0
829,5,181,NA,NA,NA,0
830,5,181,NA,NA,NA,0
831,5,181,NA,NA,NA,0
832,5,181,NA,NA,NA,0
833,5,181,NA,NA,NA,0
834,3,182,NA,NA,NA,0
835,3,182,NA,NA,NA,0
836,3,182,NA,NA,NA,0
837,5,183,NA,NA,NA,0
838,5,183,NA,NA,NA,0
839,5,183,NA,NA,NA,0
840,5,183,NA,NA,NA,0
841,5,183,NA,NA,NA,0
842,3,184,NA,NA,NA,0
843,3,184,NA,NA,NA,0
844,3,184,NA,NA,NA,0
845,4,185,NA,NA,NA,0
846,4,185,NA,NA,NA,0
847,4,185,NA,NA,NA,0
848,4,185,NA,NA,NA,0
849,5,186,NA,NA,NA,0
850,5,186,NA,NA,NA,0
851,5,186,NA,NA,NA,0
852,5,186,NA,NA,NA,0
853,5,186,NA,NA,NA,0
854,5,187,NA,NA,NA,0
855,5,187,NA,NA,NA,0
856,5,187,NA,NA,NA,0
857,5,187,NA,NA,NA,0
858,5,187,NA,NA,NA,0
859,4,188,NA,NA,NA,0
860,4,188,NA,NA,NA,0
861,4,188,NA,NA,NA,0
862,4,188,NA,NA,NA,0
863,4,189,NA,NA,NA,0
864,4,189,NA,NA,NA,0
865,4,189,"C",NA,NA,0
866,4,189,NA,NA,NA,0
867,6,190,NA,NA,NA,0
868,6,190,NA,NA,NA,0
869,6,190,NA,NA,NA,0
870,6,190,NA,NA,NA,0
871,6,190,NA,NA,NA,0
872,6,190,NA,NA,NA,0
873,5,191,NA,NA,NA,0
874,5,191,NA,NA,NA,0
875,5,191,NA,NA,NA,0
876,5,191,NA,NA,NA,0
877,5,191,NA,NA,NA,0
878,3,192,NA,NA,NA,0
879,3,192,NA,NA,NA,0
880,3,192,NA,NA,NA,0
881,6,193,NA,NA,NA,0
882,6,193,NA,NA,NA,0
883,6,193,NA,NA,NA,0
884,6,193,NA,NA,NA,0
885,6,193,NA,NA,NA,0
886,6,193,NA,NA,NA,0
887,3,194,NA,NA,NA,0
888,3,194,NA,NA,NA,0
889,3,194,NA,NA,NA,0
890,6,195,NA,NA,NA,0
891,6,195,NA,NA,NA,0
892,6,195,NA,NA,NA,0
893,6,195,NA,NA,NA,0
894,6,195,NA,NA,NA,0
895,6,195,NA,NA,NA,0
896,3,196,NA,NA,NA,0
897,3,196,NA,NA,NA,0
898,3,196,NA,NA,NA,0
899,4,197,NA,NA,NA,0
900,4,197,NA,NA,NA,0
901,4,197,NA,NA,NA,0
902,4,197,NA,NA,NA,0
903,5,198,NA,NA,NA,0
904,5,198,NA,NA,NA,0
905,5,198,NA,NA,NA,0
906,5,198,NA,NA,NA,0
907,5,198,NA,NA,NA,0
908,4,199,NA,NA,NA,0
909,4,199,NA,NA,NA,0
910,4,199,NA,NA,NA,0
911,4,199,NA,NA,NA,0
912,6,200,"H",240,3,1
913,6,200,"H",242,3,0
914,6,200,NA,NA,NA,0
915,6,200,"H",278,2,0
916,6,200,NA,NA,NA,0
917,6,200,"C",208,5,2
918,4,201,NA,NA,NA,0
919,4,201,NA,NA,NA,0
920,4,201,NA,NA,NA,0
921,4,201,NA,NA,NA,0
922,4,202,NA,NA,NA,0
923,4,202,NA,NA,NA,0
924,4,202,"C",197,3,0
925,4,202,NA,NA,NA,0
926,6,203,NA,NA,NA,0
927,6,203,NA,NA,NA,0
928,6,203,NA,NA,NA,0
929,6,203,NA,NA,NA,0
930,6,203,NA,NA,NA,0
931,6,203,NA,NA,NA,0
932,5,204,NA,NA,NA,0
933,5,204,NA,NA,NA,0
934,5,204,NA,NA,NA,0
935,5,204,NA,NA,NA,0
936,5,204,NA,NA,NA,0
937,5,205,NA,NA,NA,0
938,5,205,NA,NA,NA,0
939,5,205,NA,NA,NA,0
940,5,205,NA,NA,NA,0
941,5,205,NA,NA,NA,0
942,5,206,NA,NA,NA,0
943,5,206,"C",NA,NA,0
944,5,206,NA,NA,NA,0
945,5,206,NA,NA,NA,0
946,5,206,NA,NA,NA,0
947,3,207,NA,NA,NA,0
948,3,207,NA,NA,NA,0
949,3,207,NA,NA,NA,0
950,6,208,NA,NA,NA,0
951,6,208,NA,NA,NA,0
952,6,208,NA,NA,NA,0
953,6,208,NA,NA,NA,0
954,6,208,NA,NA,NA,0
955,6,208,NA,NA,NA,0
956,5,209,NA,NA,NA,0
957,5,209,NA,NA,NA,0
958,5,209,NA,NA,NA,0
959,5,209,NA,NA,NA,0
960,5,209,NA,NA,NA,0
961,5,210,NA,NA,NA,0
962,5,210,NA,NA,NA,0
963,5,210,NA,NA,NA,0
964,5,210,NA,NA,NA,0
965,5,210,NA,NA,NA,0
966,3,211,NA,NA,NA,0
967,3,211,NA,NA,NA,0
968,3,211,NA,NA,NA,0
969,4,212,NA,NA,NA,0
970,4,212,NA,NA,NA,0
971,4,212,NA,NA,NA,0
972,4,212,NA,NA,NA,0
973,3,213,NA,NA,NA,0
974,3,213,NA,NA,NA,0
975,3,213,NA,NA,NA,0
976,6,214,NA,NA,NA,0
977,6,214,NA,NA,NA,0
978,6,214,NA,NA,NA,0
979,6,214,NA,NA,NA,0
980,6,214,NA,NA,NA,0
981,6,214,NA,NA,NA,0
982,6,215,NA,NA,NA,0
983,6,215,NA,NA,NA,0
984,6,215,NA,NA,NA,0
985,6,215,NA,NA,NA,0
986,6,215,NA,NA,NA,0
987,6,215,NA,NA,NA,0
988,4,216,NA,NA,NA,0
989,4,216,NA,NA,NA,0
990,4,216,NA,NA,NA,0
991,4,216,NA,NA,NA,0
992,4,217,NA,NA,NA,0
993,4,217,NA,NA,NA,0
994,4,217,NA,NA,NA,0
995,4,217,NA,NA,NA,0
996,5,218,NA,NA,NA,0
997,5,218,NA,NA,NA,0
998,5,218,NA,NA,NA,0
999,5,218,NA,NA,NA,0
1000,5,218,NA,NA,NA,0
