"ID","SIZE","HH","TYPE","TIME","S_num","I_num"
1,4,1,"0",22,3,1
2,4,1,NA,NA,NA,0
3,4,1,"H",60,2,0
4,4,1,NA,NA,NA,0
5,4,2,NA,NA,NA,0
6,4,2,NA,NA,NA,0
7,4,2,NA,NA,NA,0
8,4,2,NA,NA,NA,0
9,6,3,NA,NA,NA,0
10,6,3,NA,NA,NA,0
11,6,3,NA,NA,NA,0
12,6,3,NA,NA,NA,0
13,6,3,NA,NA,NA,0
14,6,3,NA,NA,NA,0
15,4,4,NA,NA,NA,0
16,4,4,NA,NA,NA,0
17,4,4,NA,NA,NA,0
18,4,4,NA,NA,NA,0
19,3,5,NA,NA,NA,0
20,3,5,NA,NA,NA,0
21,3,5,NA,NA,NA,0
22,6,6,NA,NA,NA,0
23,6,6,NA,NA,NA,0
24,6,6,NA,NA,NA,0
25,6,6,NA,NA,NA,0
26,6,6,NA,NA,NA,0
27,6,6,NA,NA,NA,0
28,5,7,NA,NA,NA,0
29,5,7,NA,NA,NA,0
30,5,7,NA,NA,NA,0
31,5,7,NA,NA,NA,0
32,5,7,NA,NA,NA,0
33,5,8,NA,NA,NA,0
34,5,8,NA,NA,NA,0
35,5,8,NA,NA,NA,0
36,5,8,NA,NA,NA,0
37,5,8,NA,NA,NA,0
38,3,9,NA,NA,NA,0
39,3,9,NA,NA,NA,0
40,3,9,NA,NA,NA,0
41,5,10,NA,NA,NA,0
42,5,10,NA,NA,NA,0
43,5,10,NA,NA,NA,0
44,5,10,NA,NA,NA,0
45,5,10,"C",NA,NA,0
46,4,11,NA,NA,NA,0
47,4,11,NA,NA,NA,0
48,4,11,NA,NA,NA,0
49,4,11,NA,NA,NA,0
50,3,12,NA,NA,NA,0
51,3,12,NA,NA,NA,0
52,3,12,NA,NA,NA,0
53,6,13,"H",205,1,0
54,6,13,"H",179,3,2
55,6,13,"H",216,1,0
56,6,13,"C",154,5,2
57,6,13,"H",186,1,0
58,6,13,NA,NA,NA,0
59,5,14,NA,NA,NA,0
60,5,14,NA,NA,NA,0
61,5,14,NA,NA,NA,0
62,5,14,NA,NA,NA,0
63,5,14,NA,NA,NA,0
64,5,15,NA,NA,NA,0
65,5,15,NA,NA,NA,0
66,5,15,NA,NA,NA,0
67,5,15,NA,NA,NA,0
68,5,15,NA,NA,NA,0
69,3,16,NA,NA,NA,0
70,3,16,NA,NA,NA,0
71,3,16,NA,NA,NA,0
72,5,17,NA,NA,NA,0
73,5,17,NA,NA,NA,0
74,5,17,NA,NA,NA,0
75,5,17,NA,NA,NA,0
76,5,17,NA,NA,NA,0
77,3,18,NA,NA,NA,0
78,3,18,NA,NA,NA,0
79,3,18,NA,NA,NA,0
80,5,19,NA,NA,NA,0
81,5,19,NA,NA,NA,0
82,5,19,NA,NA,NA,0
83,5,19,NA,NA,NA,0
84,5,19,NA,NA,NA,0
85,4,20,"H",234,2,1
86,4,20,"C",203,3,1
87,4,20,"H",256,1,0
88,4,20,NA,NA,NA,0
89,5,21,NA,NA,NA,0
90,5,21,NA,NA,NA,0
91,5,21,NA,NA,NA,0
92,5,21,NA,NA,NA,0
93,5,21,NA,NA,NA,0
94,4,22,NA,NA,NA,0
95,4,22,NA,NA,NA,0
96,4,22,NA,NA,NA,0
97,4,22,NA,NA,NA,0
98,3,23,NA,NA,NA,0
99,3,23,NA,NA,NA,0
100,3,23,NA,NA,NA,0
101,3,24,NA,NA,NA,0
102,3,24,NA,NA,NA,0
103,3,24,NA,NA,NA,0
104,4,25,NA,NA,NA,0
105,4,25,NA,NA,NA,0
106,4,25,NA,NA,NA,0
107,4,25,NA,NA,NA,0
108,4,26,NA,NA,NA,0
109,4,26,NA,NA,NA,0
110,4,26,NA,NA,NA,0
111,4,26,NA,NA,NA,0
112,4,27,NA,NA,NA,0
113,4,27,NA,NA,NA,0
114,4,27,NA,NA,NA,0
115,4,27,NA,NA,NA,0
116,3,28,NA,NA,NA,0
117,3,28,NA,NA,NA,0
118,3,28,NA,NA,NA,0
119,5,29,NA,NA,NA,0
120,5,29,NA,NA,NA,0
121,5,29,NA,NA,NA,0
122,5,29,NA,NA,NA,0
123,5,29,NA,NA,NA,0
124,3,30,NA,NA,NA,0
125,3,30,NA,NA,NA,0
126,3,30,NA,NA,NA,0
127,4,31,NA,NA,NA,0
128,4,31,NA,NA,NA,0
129,4,31,NA,NA,NA,0
130,4,31,NA,NA,NA,0
131,4,32,"H",100,2,0
132,4,32,NA,NA,NA,0
133,4,32,NA,NA,NA,0
134,4,32,"C",72,3,1
135,6,33,NA,NA,NA,0
136,6,33,NA,NA,NA,0
137,6,33,NA,NA,NA,0
138,6,33,NA,NA,NA,0
139,6,33,NA,NA,NA,0
140,6,33,NA,NA,NA,0
141,5,34,NA,NA,NA,0
142,5,34,NA,NA,NA,0
143,5,34,NA,NA,NA,0
144,5,34,NA,NA,NA,0
145,5,34,NA,NA,NA,0
146,4,35,NA,NA,NA,0
147,4,35,NA,NA,NA,0
148,4,35,NA,NA,NA,0
149,4,35,NA,NA,NA,0
150,3,36,NA,NA,NA,0
151,3,36,NA,NA,NA,0
152,3,36,NA,NA,NA,0
153,5,37,NA,NA,NA,0
154,5,37,NA,NA,NA,0
155,5,37,NA,NA,NA,0
156,5,37,NA,NA,NA,0
157,5,37,NA,NA,NA,0
158,6,38,NA,NA,NA,0
159,6,38,NA,NA,NA,0
160,6,38,NA,NA,NA,0
161,6,38,NA,NA,NA,0
162,6,38,NA,NA,NA,0
163,6,38,NA,NA,NA,0
164,4,39,NA,NA,NA,0
165,4,39,NA,NA,NA,0
166,4,39,NA,NA,NA,0
167,4,39,NA,NA,NA,0
168,4,40,NA,NA,NA,0
169,4,40,NA,NA,NA,0
170,4,40,NA,NA,NA,0
171,4,40,NA,NA,NA,0
172,6,41,NA,NA,NA,0
173,6,41,NA,NA,NA,0
174,6,41,NA,NA,NA,0
175,6,41,NA,NA,NA,0
176,6,41,NA,NA,NA,0
177,6,41,NA,NA,NA,0
178,3,42,NA,NA,NA,0
179,3,42,NA,NA,NA,0
180,3,42,NA,NA,NA,0
181,3,43,NA,NA,NA,0
182,3,43,NA,NA,NA,0
183,3,43,NA,NA,NA,0
184,5,44,NA,NA,NA,0
185,5,44,NA,NA,NA,0
186,5,44,NA,NA,NA,0
187,5,44,NA,NA,NA,0
188,5,44,NA,NA,NA,0
189,4,45,NA,NA,NA,0
190,4,45,NA,NA,NA,0
191,4,45,NA,NA,NA,0
192,4,45,NA,NA,NA,0
193,6,46,NA,NA,NA,0
194,6,46,NA,NA,NA,0
195,6,46,NA,NA,NA,0
196,6,46,"C",NA,NA,0
197,6,46,NA,NA,NA,0
198,6,46,NA,NA,NA,0
199,3,47,NA,NA,NA,0
200,3,47,NA,NA,NA,0
201,3,47,NA,NA,NA,0
202,3,48,NA,NA,NA,0
203,3,48,NA,NA,NA,0
204,3,48,NA,NA,NA,0
205,3,49,"C",351,1,0
206,3,49,"C",341,1,0
207,3,49,NA,NA,NA,0
208,5,50,NA,NA,NA,0
209,5,50,NA,NA,NA,0
210,5,50,NA,NA,NA,0
211,5,50,NA,NA,NA,0
212,5,50,NA,NA,NA,0
213,5,51,NA,NA,NA,0
214,5,51,NA,NA,NA,0
215,5,51,NA,NA,NA,0
216,5,51,NA,NA,NA,0
217,5,51,NA,NA,NA,0
218,4,52,NA,NA,NA,0
219,4,52,NA,NA,NA,0
220,4,52,NA,NA,NA,0
221,4,52,NA,NA,NA,0
222,4,53,NA,NA,NA,0
223,4,53,NA,NA,NA,0
224,4,53,NA,NA,NA,0
225,4,53,NA,NA,NA,0
226,5,54,NA,NA,NA,0
227,5,54,NA,NA,NA,0
228,5,54,NA,NA,NA,0
229,5,54,NA,NA,NA,0
230,5,54,NA,NA,NA,0
231,6,55,NA,NA,NA,0
232,6,55,NA,NA,NA,0
233,6,55,NA,NA,NA,0
234,6,55,NA,NA,NA,0
235,6,55,NA,NA,NA,0
236,6,55,NA,NA,NA,0
237,4,56,NA,NA,NA,0
238,4,56,"C",NA,NA,0
239,4,56,NA,NA,NA,0
240,4,56,NA,NA,NA,0
241,5,57,NA,NA,NA,0
242,5,57,NA,NA,NA,0
243,5,57,NA,NA,NA,0
244,5,57,NA,NA,NA,0
245,5,57,NA,NA,NA,0
246,4,58,NA,NA,NA,0
247,4,58,NA,NA,NA,0
248,4,58,NA,NA,NA,0
249,4,58,NA,NA,NA,0
250,4,59,NA,NA,NA,0
251,4,59,NA,NA,NA,0
252,4,59,NA,NA,NA,0
253,4,59,NA,NA,NA,0
254,4,60,NA,NA,NA,0
255,4,60,NA,NA,NA,0
256,4,60,NA,NA,NA,0
257,4,60,NA,NA,NA,0
258,3,61,NA,NA,NA,0
259,3,61,NA,NA,NA,0
260,3,61,NA,NA,NA,0
261,3,62,NA,NA,NA,0
262,3,62,NA,NA,NA,0
263,3,62,NA,NA,NA,0
264,4,63,NA,NA,NA,0
265,4,63,NA,NA,NA,0
266,4,63,NA,NA,NA,0
267,4,63,NA,NA,NA,0
268,4,64,NA,NA,NA,0
269,4,64,NA,NA,NA,0
270,4,64,NA,NA,NA,0
271,4,64,NA,NA,NA,0
272,5,65,NA,NA,NA,0
273,5,65,NA,NA,NA,0
274,5,65,NA,NA,NA,0
275,5,65,NA,NA,NA,0
276,5,65,NA,NA,NA,0
277,4,66,NA,NA,NA,0
278,4,66,NA,NA,NA,0
279,4,66,NA,NA,NA,0
280,4,66,NA,NA,NA,0
281,3,67,NA,NA,NA,0
282,3,67,NA,NA,NA,0
283,3,67,NA,NA,NA,0
284,4,68,NA,NA,NA,0
285,4,68,NA,NA,NA,0
286,4,68,NA,NA,NA,0
287,4,68,NA,NA,NA,0
288,3,69,NA,NA,NA,0
289,3,69,NA,NA,NA,0
290,3,69,NA,NA,NA,0
291,4,70,NA,NA,NA,0
292,4,70,NA,NA,NA,0
293,4,70,"C",359,3,0
294,4,70,NA,NA,NA,0
295,5,71,NA,NA,NA,0
296,5,71,NA,NA,NA,0
297,5,71,NA,NA,NA,0
298,5,71,"C",NA,NA,0
299,5,71,NA,NA,NA,0
300,3,72,NA,NA,NA,0
301,3,72,NA,NA,NA,0
302,3,72,NA,NA,NA,0
303,3,73,NA,NA,NA,0
304,3,73,NA,NA,NA,0
305,3,73,NA,NA,NA,0
306,6,74,NA,NA,NA,0
307,6,74,NA,NA,NA,0
308,6,74,NA,NA,NA,0
309,6,74,NA,NA,NA,0
310,6,74,NA,NA,NA,0
311,6,74,NA,NA,NA,0
312,4,75,NA,NA,NA,0
313,4,75,NA,NA,NA,0
314,4,75,NA,NA,NA,0
315,4,75,NA,NA,NA,0
316,6,76,NA,NA,NA,0
317,6,76,NA,NA,NA,0
318,6,76,NA,NA,NA,0
319,6,76,NA,NA,NA,0
320,6,76,NA,NA,NA,0
321,6,76,NA,NA,NA,0
322,6,77,NA,NA,NA,0
323,6,77,NA,NA,NA,0
324,6,77,NA,NA,NA,0
325,6,77,NA,NA,NA,0
326,6,77,NA,NA,NA,0
327,6,77,NA,NA,NA,0
328,3,78,NA,NA,NA,0
329,3,78,"C",NA,NA,0
330,3,78,NA,NA,NA,0
331,6,79,NA,NA,NA,0
332,6,79,NA,NA,NA,0
333,6,79,NA,NA,NA,0
334,6,79,NA,NA,NA,0
335,6,79,NA,NA,NA,0
336,6,79,NA,NA,NA,0
337,5,80,NA,NA,NA,0
338,5,80,NA,NA,NA,0
339,5,80,NA,NA,NA,0
340,5,80,NA,NA,NA,0
341,5,80,NA,NA,NA,0
342,5,81,NA,NA,NA,0
343,5,81,NA,NA,NA,0
344,5,81,NA,NA,NA,0
345,5,81,NA,NA,NA,0
346,5,81,NA,NA,NA,0
347,4,82,NA,NA,NA,0
348,4,82,NA,NA,NA,0
349,4,82,NA,NA,NA,0
350,4,82,NA,NA,NA,0
351,4,83,NA,NA,NA,0
352,4,83,NA,NA,NA,0
353,4,83,"H",NA,NA,0
354,4,83,"C",318,3,1
355,4,84,NA,NA,NA,0
356,4,84,NA,NA,NA,0
357,4,84,NA,NA,NA,0
358,4,84,NA,NA,NA,0
359,3,85,NA,NA,NA,0
360,3,85,NA,NA,NA,0
361,3,85,NA,NA,NA,0
362,3,86,"H",NA,NA,0
363,3,86,"H",353,1,1
364,3,86,"C",335,2,1
365,3,87,NA,NA,NA,0
366,3,87,NA,NA,NA,0
367,3,87,NA,NA,NA,0
368,6,88,NA,NA,NA,0
369,6,88,NA,NA,NA,0
370,6,88,NA,NA,NA,0
371,6,88,NA,NA,NA,0
372,6,88,NA,NA,NA,0
373,6,88,NA,NA,NA,0
374,5,89,NA,NA,NA,0
375,5,89,NA,NA,NA,0
376,5,89,NA,NA,NA,0
377,5,89,NA,NA,NA,0
378,5,89,NA,NA,NA,0
379,6,90,NA,NA,NA,0
380,6,90,NA,NA,NA,0
381,6,90,NA,NA,NA,0
382,6,90,NA,NA,NA,0
383,6,90,NA,NA,NA,0
384,6,90,NA,NA,NA,0
385,4,91,NA,NA,NA,0
386,4,91,"C",169,3,1
387,4,91,"H",215,2,0
388,4,91,NA,NA,NA,0
389,4,92,NA,NA,NA,0
390,4,92,NA,NA,NA,0
391,4,92,NA,NA,NA,0
392,4,92,NA,NA,NA,0
393,4,93,NA,NA,NA,0
394,4,93,NA,NA,NA,0
395,4,93,NA,NA,NA,0
396,4,93,NA,NA,NA,0
397,4,94,NA,NA,NA,0
398,4,94,NA,NA,NA,0
399,4,94,NA,NA,NA,0
400,4,94,NA,NA,NA,0
401,5,95,NA,NA,NA,0
402,5,95,NA,NA,NA,0
403,5,95,NA,NA,NA,0
404,5,95,NA,NA,NA,0
405,5,95,NA,NA,NA,0
406,4,96,NA,NA,NA,0
407,4,96,NA,NA,NA,0
408,4,96,NA,NA,NA,0
409,4,96,NA,NA,NA,0
410,6,97,NA,NA,NA,0
411,6,97,NA,NA,NA,0
412,6,97,NA,NA,NA,0
413,6,97,NA,NA,NA,0
414,6,97,NA,NA,NA,0
415,6,97,NA,NA,NA,0
416,4,98,NA,NA,NA,0
417,4,98,NA,NA,NA,0
418,4,98,NA,NA,NA,0
419,4,98,NA,NA,NA,0
420,6,99,NA,NA,NA,0
421,6,99,"C",264,5,0
422,6,99,NA,NA,NA,0
423,6,99,NA,NA,NA,0
424,6,99,NA,NA,NA,0
425,6,99,NA,NA,NA,0
426,4,100,NA,NA,NA,0
427,4,100,NA,NA,NA,0
428,4,100,NA,NA,NA,0
429,4,100,NA,NA,NA,0
430,3,101,NA,NA,NA,0
431,3,101,NA,NA,NA,0
432,3,101,NA,NA,NA,0
433,6,102,NA,NA,NA,0
434,6,102,NA,NA,NA,0
435,6,102,"C",258,5,0
436,6,102,NA,NA,NA,0
437,6,102,NA,NA,NA,0
438,6,102,NA,NA,NA,0
439,4,103,NA,NA,NA,0
440,4,103,NA,NA,NA,0
441,4,103,NA,NA,NA,0
442,4,103,NA,NA,NA,0
443,6,104,NA,NA,NA,0
444,6,104,NA,NA,NA,0
445,6,104,NA,NA,NA,0
446,6,104,NA,NA,NA,0
447,6,104,NA,NA,NA,0
448,6,104,NA,NA,NA,0
449,4,105,NA,NA,NA,0
450,4,105,NA,NA,NA,0
451,4,105,NA,NA,NA,0
452,4,105,NA,NA,NA,0
453,6,106,NA,NA,NA,0
454,6,106,NA,NA,NA,0
455,6,106,NA,NA,NA,0
456,6,106,NA,NA,NA,0
457,6,106,NA,NA,NA,0
458,6,106,NA,NA,NA,0
459,4,107,NA,NA,NA,0
460,4,107,NA,NA,NA,0
461,4,107,"C",352,3,1
462,4,107,"H",NA,NA,0
463,6,108,NA,NA,NA,0
464,6,108,NA,NA,NA,0
465,6,108,NA,NA,NA,0
466,6,108,NA,NA,NA,0
467,6,108,NA,NA,NA,0
468,6,108,NA,NA,NA,0
469,4,109,NA,NA,NA,0
470,4,109,NA,NA,NA,0
471,4,109,NA,NA,NA,0
472,4,109,NA,NA,NA,0
473,3,110,NA,NA,NA,0
474,3,110,NA,NA,NA,0
475,3,110,NA,NA,NA,0
476,3,111,NA,NA,NA,0
477,3,111,NA,NA,NA,0
478,3,111,NA,NA,NA,0
479,6,112,NA,NA,NA,0
480,6,112,NA,NA,NA,0
481,6,112,NA,NA,NA,0
482,6,112,NA,NA,NA,0
483,6,112,NA,NA,NA,0
484,6,112,NA,NA,NA,0
485,3,113,NA,NA,NA,0
486,3,113,NA,NA,NA,0
487,3,113,NA,NA,NA,0
488,4,114,NA,NA,NA,0
489,4,114,NA,NA,NA,0
490,4,114,NA,NA,NA,0
491,4,114,NA,NA,NA,0
492,3,115,NA,NA,NA,0
493,3,115,NA,NA,NA,0
494,3,115,NA,NA,NA,0
495,4,116,NA,NA,NA,0
496,4,116,NA,NA,NA,0
497,4,116,NA,NA,NA,0
498,4,116,NA,NA,NA,0
499,5,117,NA,NA,NA,0
500,5,117,NA,NA,NA,0
501,5,117,NA,NA,NA,0
502,5,117,NA,NA,NA,0
503,5,117,NA,NA,NA,0
504,5,118,NA,NA,NA,0
505,5,118,NA,NA,NA,0
506,5,118,NA,NA,NA,0
507,5,118,NA,NA,NA,0
508,5,118,NA,NA,NA,0
509,3,119,NA,NA,NA,0
510,3,119,NA,NA,NA,0
511,3,119,NA,NA,NA,0
512,5,120,NA,NA,NA,0
513,5,120,NA,NA,NA,0
514,5,120,NA,NA,NA,0
515,5,120,NA,NA,NA,0
516,5,120,NA,NA,NA,0
517,3,121,NA,NA,NA,0
518,3,121,NA,NA,NA,0
519,3,121,NA,NA,NA,0
520,4,122,NA,NA,NA,0
521,4,122,NA,NA,NA,0
522,4,122,NA,NA,NA,0
523,4,122,NA,NA,NA,0
524,3,123,NA,NA,NA,0
525,3,123,NA,NA,NA,0
526,3,123,NA,NA,NA,0
527,6,124,NA,NA,NA,0
528,6,124,"C",NA,NA,0
529,6,124,NA,NA,NA,0
530,6,124,NA,NA,NA,0
531,6,124,NA,NA,NA,0
532,6,124,"C",NA,NA,0
533,4,125,NA,NA,NA,0
534,4,125,NA,NA,NA,0
535,4,125,NA,NA,NA,0
536,4,125,NA,NA,NA,0
537,5,126,NA,NA,NA,0
538,5,126,NA,NA,NA,0
539,5,126,NA,NA,NA,0
540,5,126,NA,NA,NA,0
541,5,126,NA,NA,NA,0
542,3,127,NA,NA,NA,0
543,3,127,NA,NA,NA,0
544,3,127,NA,NA,NA,0
545,5,128,NA,NA,NA,0
546,5,128,NA,NA,NA,0
547,5,128,NA,NA,NA,0
548,5,128,NA,NA,NA,0
549,5,128,NA,NA,NA,0
550,5,129,NA,NA,NA,0
551,5,129,NA,NA,NA,0
552,5,129,NA,NA,NA,0
553,5,129,NA,NA,NA,0
554,5,129,NA,NA,NA,0
555,6,130,NA,NA,NA,0
556,6,130,NA,NA,NA,0
557,6,130,NA,NA,NA,0
558,6,130,NA,NA,NA,0
559,6,130,NA,NA,NA,0
560,6,130,NA,NA,NA,0
561,3,131,"C",363,2,1
562,3,131,NA,NA,NA,0
563,3,131,"H",NA,NA,0
564,5,132,NA,NA,NA,0
565,5,132,NA,NA,NA,0
566,5,132,NA,NA,NA,0
567,5,132,NA,NA,NA,0
568,5,132,NA,NA,NA,0
569,4,133,NA,NA,NA,0
570,4,133,NA,NA,NA,0
571,4,133,NA,NA,NA,0
572,4,133,NA,NA,NA,0
573,6,134,NA,NA,NA,0
574,6,134,NA,NA,NA,0
575,6,134,NA,NA,NA,0
576,6,134,NA,NA,NA,0
577,6,134,NA,NA,NA,0
578,6,134,NA,NA,NA,0
579,6,135,NA,NA,NA,0
580,6,135,NA,NA,NA,0
581,6,135,NA,NA,NA,0
582,6,135,NA,NA,NA,0
583,6,135,NA,NA,NA,0
584,6,135,NA,NA,NA,0
585,5,136,NA,NA,NA,0
586,5,136,NA,NA,NA,0
587,5,136,NA,NA,NA,0
588,5,136,NA,NA,NA,0
589,5,136,NA,NA,NA,0
590,4,137,NA,NA,NA,0
591,4,137,NA,NA,NA,0
592,4,137,NA,NA,NA,0
593,4,137,NA,NA,NA,0
594,5,138,NA,NA,NA,0
595,5,138,NA,NA,NA,0
596,5,138,NA,NA,NA,0
597,5,138,NA,NA,NA,0
598,5,138,NA,NA,NA,0
599,3,139,NA,NA,NA,0
600,3,139,NA,NA,NA,0
601,3,139,NA,NA,NA,0
602,5,140,NA,NA,NA,0
603,5,140,NA,NA,NA,0
604,5,140,NA,NA,NA,0
605,5,140,NA,NA,NA,0
606,5,140,NA,NA,NA,0
607,3,141,NA,NA,NA,0
608,3,141,NA,NA,NA,0
609,3,141,NA,NA,NA,0
610,4,142,NA,NA,NA,0
611,4,142,NA,NA,NA,0
612,4,142,NA,NA,NA,0
613,4,142,NA,NA,NA,0
614,6,143,NA,NA,NA,0
615,6,143,NA,NA,NA,0
616,6,143,NA,NA,NA,0
617,6,143,NA,NA,NA,0
618,6,143,NA,NA,NA,0
619,6,143,NA,NA,NA,0
620,3,144,NA,NA,NA,0
621,3,144,NA,NA,NA,0
622,3,144,NA,NA,NA,0
623,5,145,NA,NA,NA,0
624,5,145,NA,NA,NA,0
625,5,145,NA,NA,NA,0
626,5,145,NA,NA,NA,0
627,5,145,NA,NA,NA,0
628,4,146,NA,NA,NA,0
629,4,146,NA,NA,NA,0
630,4,146,NA,NA,NA,0
631,4,146,NA,NA,NA,0
632,5,147,NA,NA,NA,0
633,5,147,"C",186,4,1
634,5,147,NA,NA,NA,0
635,5,147,NA,NA,NA,0
636,5,147,"H",258,3,0
637,3,148,NA,NA,NA,0
638,3,148,NA,NA,NA,0
639,3,148,NA,NA,NA,0
640,4,149,NA,NA,NA,0
641,4,149,NA,NA,NA,0
642,4,149,NA,NA,NA,0
643,4,149,NA,NA,NA,0
644,5,150,NA,NA,NA,0
645,5,150,NA,NA,NA,0
646,5,150,NA,NA,NA,0
647,5,150,NA,NA,NA,0
648,5,150,NA,NA,NA,0
649,6,151,NA,NA,NA,0
650,6,151,NA,NA,NA,0
651,6,151,NA,NA,NA,0
652,6,151,NA,NA,NA,0
653,6,151,NA,NA,NA,0
654,6,151,NA,NA,NA,0
655,5,152,NA,NA,NA,0
656,5,152,NA,NA,NA,0
657,5,152,NA,NA,NA,0
658,5,152,NA,NA,NA,0
659,5,152,NA,NA,NA,0
660,6,153,NA,NA,NA,0
661,6,153,NA,NA,NA,0
662,6,153,NA,NA,NA,0
663,6,153,NA,NA,NA,0
664,6,153,NA,NA,NA,0
665,6,153,NA,NA,NA,0
666,6,154,"C",330,5,3
667,6,154,"H",NA,NA,0
668,6,154,"H",NA,NA,0
669,6,154,"H",NA,NA,0
670,6,154,NA,NA,NA,0
671,6,154,NA,NA,NA,0
672,3,155,NA,NA,NA,0
673,3,155,NA,NA,NA,0
674,3,155,NA,NA,NA,0
675,3,156,NA,NA,NA,0
676,3,156,NA,NA,NA,0
677,3,156,NA,NA,NA,0
678,6,157,NA,NA,NA,0
679,6,157,NA,NA,NA,0
680,6,157,NA,NA,NA,0
681,6,157,NA,NA,NA,0
682,6,157,NA,NA,NA,0
683,6,157,NA,NA,NA,0
684,6,158,NA,NA,NA,0
685,6,158,NA,NA,NA,0
686,6,158,"C",NA,NA,0
687,6,158,NA,NA,NA,0
688,6,158,NA,NA,NA,0
689,6,158,NA,NA,NA,0
690,5,159,NA,NA,NA,0
691,5,159,NA,NA,NA,0
692,5,159,NA,NA,NA,0
693,5,159,NA,NA,NA,0
694,5,159,NA,NA,NA,0
695,5,160,NA,NA,NA,0
696,5,160,NA,NA,NA,0
697,5,160,NA,NA,NA,0
698,5,160,NA,NA,NA,0
699,5,160,NA,NA,NA,0
700,6,161,"H",241,2,0
701,6,161,"H",279,0,0
702,6,161,"H",245,2,2
703,6,161,"H",279,0,0
704,6,161,"H",243,2,0
705,6,161,"C",198,5,3
706,3,162,NA,NA,NA,0
707,3,162,NA,NA,NA,0
708,3,162,NA,NA,NA,0
709,3,163,NA,NA,NA,0
710,3,163,NA,NA,NA,0
711,3,163,NA,NA,NA,0
712,5,164,NA,NA,NA,0
713,5,164,NA,NA,NA,0
714,5,164,NA,NA,NA,0
715,5,164,NA,NA,NA,0
716,5,164,NA,NA,NA,0
717,4,165,NA,NA,NA,0
718,4,165,NA,NA,NA,0
719,4,165,NA,NA,NA,0
720,4,165,NA,NA,NA,0
721,5,166,NA,NA,NA,0
722,5,166,NA,NA,NA,0
723,5,166,NA,NA,NA,0
724,5,166,NA,NA,NA,0
725,5,166,NA,NA,NA,0
726,3,167,NA,NA,NA,0
727,3,167,NA,NA,NA,0
728,3,167,NA,NA,NA,0
729,3,168,NA,NA,NA,0
730,3,168,NA,NA,NA,0
731,3,168,NA,NA,NA,0
732,6,169,NA,NA,NA,0
733,6,169,NA,NA,NA,0
734,6,169,NA,NA,NA,0
735,6,169,NA,NA,NA,0
736,6,169,NA,NA,NA,0
737,6,169,NA,NA,NA,0
738,4,170,NA,NA,NA,0
739,4,170,NA,NA,NA,0
740,4,170,NA,NA,NA,0
741,4,170,NA,NA,NA,0
742,6,171,"H",154,2,1
743,6,171,"C",127,5,3
744,6,171,"H",221,0,0
745,6,171,"H",176,1,0
746,6,171,"H",161,2,0
747,6,171,"H",180,1,1
748,3,172,NA,NA,NA,0
749,3,172,NA,NA,NA,0
750,3,172,NA,NA,NA,0
751,4,173,NA,NA,NA,0
752,4,173,NA,NA,NA,0
753,4,173,NA,NA,NA,0
754,4,173,NA,NA,NA,0
755,4,174,NA,NA,NA,0
756,4,174,NA,NA,NA,0
757,4,174,NA,NA,NA,0
758,4,174,NA,NA,NA,0
759,3,175,NA,NA,NA,0
760,3,175,NA,NA,NA,0
761,3,175,NA,NA,NA,0
762,3,176,NA,NA,NA,0
763,3,176,NA,NA,NA,0
764,3,176,NA,NA,NA,0
765,4,177,NA,NA,NA,0
766,4,177,NA,NA,NA,0
767,4,177,NA,NA,NA,0
768,4,177,NA,NA,NA,0
769,4,178,NA,NA,NA,0
770,4,178,NA,NA,NA,0
771,4,178,NA,NA,NA,0
772,4,178,NA,NA,NA,0
773,6,179,NA,NA,NA,0
774,6,179,NA,NA,NA,0
775,6,179,NA,NA,NA,0
776,6,179,NA,NA,NA,0
777,6,179,NA,NA,NA,0
778,6,179,NA,NA,NA,0
779,3,180,NA,NA,NA,0
780,3,180,NA,NA,NA,0
781,3,180,NA,NA,NA,0
782,4,181,"H",307,2,0
783,4,181,"C",270,3,1
784,4,181,NA,NA,NA,0
785,4,181,NA,NA,NA,0
786,5,182,NA,NA,NA,0
787,5,182,NA,NA,NA,0
788,5,182,NA,NA,NA,0
789,5,182,NA,NA,NA,0
790,5,182,NA,NA,NA,0
791,6,183,NA,NA,NA,0
792,6,183,NA,NA,NA,0
793,6,183,NA,NA,NA,0
794,6,183,NA,NA,NA,0
795,6,183,NA,NA,NA,0
796,6,183,NA,NA,NA,0
797,3,184,NA,NA,NA,0
798,3,184,NA,NA,NA,0
799,3,184,NA,NA,NA,0
800,4,185,NA,NA,NA,0
801,4,185,NA,NA,NA,0
802,4,185,NA,NA,NA,0
803,4,185,NA,NA,NA,0
804,5,186,"H",NA,NA,0
805,5,186,NA,NA,NA,0
806,5,186,"H",NA,NA,0
807,5,186,NA,NA,NA,0
808,5,186,"C",361,4,2
809,3,187,NA,NA,NA,0
810,3,187,NA,NA,NA,0
811,3,187,NA,NA,NA,0
812,5,188,NA,NA,NA,0
813,5,188,NA,NA,NA,0
814,5,188,NA,NA,NA,0
815,5,188,NA,NA,NA,0
816,5,188,NA,NA,NA,0
817,5,189,NA,NA,NA,0
818,5,189,NA,NA,NA,0
819,5,189,NA,NA,NA,0
820,5,189,NA,NA,NA,0
821,5,189,NA,NA,NA,0
822,6,190,"H",200,1,1
823,6,190,"H",166,2,1
824,6,190,"C",142,5,3
825,6,190,"H",169,1,0
826,6,190,"H",236,0,0
827,6,190,"H",190,1,0
828,6,191,NA,NA,NA,0
829,6,191,NA,NA,NA,0
830,6,191,NA,NA,NA,0
831,6,191,NA,NA,NA,0
832,6,191,NA,NA,NA,0
833,6,191,NA,NA,NA,0
834,3,192,NA,NA,NA,0
835,3,192,NA,NA,NA,0
836,3,192,NA,NA,NA,0
837,5,193,"C",NA,NA,0
838,5,193,NA,NA,NA,0
839,5,193,NA,NA,NA,0
840,5,193,NA,NA,NA,0
841,5,193,NA,NA,NA,0
842,5,194,NA,NA,NA,0
843,5,194,NA,NA,NA,0
844,5,194,NA,NA,NA,0
845,5,194,NA,NA,NA,0
846,5,194,NA,NA,NA,0
847,6,195,NA,NA,NA,0
848,6,195,"H",219,4,0
849,6,195,"C",197,5,1
850,6,195,NA,NA,NA,0
851,6,195,NA,NA,NA,0
852,6,195,NA,NA,NA,0
853,3,196,NA,NA,NA,0
854,3,196,NA,NA,NA,0
855,3,196,NA,NA,NA,0
856,3,197,NA,NA,NA,0
857,3,197,NA,NA,NA,0
858,3,197,NA,NA,NA,0
859,5,198,"C",292,4,1
860,5,198,"H",339,3,2
861,5,198,"H",NA,NA,0
862,5,198,NA,NA,NA,0
863,5,198,"H",NA,NA,0
864,5,199,NA,NA,NA,0
865,5,199,NA,NA,NA,0
866,5,199,NA,NA,NA,0
867,5,199,NA,NA,NA,0
868,5,199,NA,NA,NA,0
869,6,200,NA,NA,NA,0
870,6,200,NA,NA,NA,0
871,6,200,NA,NA,NA,0
872,6,200,NA,NA,NA,0
873,6,200,NA,NA,NA,0
874,6,200,NA,NA,NA,0
875,6,201,"H",269,1,0
876,6,201,NA,NA,NA,0
877,6,201,"H",199,3,1
878,6,201,"H",241,2,1
879,6,201,"H",202,3,0
880,6,201,"C",175,5,2
881,3,202,NA,NA,NA,0
882,3,202,NA,NA,NA,0
883,3,202,NA,NA,NA,0
884,6,203,NA,NA,NA,0
885,6,203,NA,NA,NA,0
886,6,203,NA,NA,NA,0
887,6,203,NA,NA,NA,0
888,6,203,NA,NA,NA,0
889,6,203,NA,NA,NA,0
890,6,204,NA,NA,NA,0
891,6,204,NA,NA,NA,0
892,6,204,NA,NA,NA,0
893,6,204,NA,NA,NA,0
894,6,204,NA,NA,NA,0
895,6,204,NA,NA,NA,0
896,6,205,NA,NA,NA,0
897,6,205,NA,NA,NA,0
898,6,205,NA,NA,NA,0
899,6,205,NA,NA,NA,0
900,6,205,NA,NA,NA,0
901,6,205,NA,NA,NA,0
902,6,206,NA,NA,NA,0
903,6,206,NA,NA,NA,0
904,6,206,NA,NA,NA,0
905,6,206,NA,NA,NA,0
906,6,206,NA,NA,NA,0
907,6,206,NA,NA,NA,0
908,3,207,NA,NA,NA,0
909,3,207,NA,NA,NA,0
910,3,207,NA,NA,NA,0
911,6,208,NA,NA,NA,0
912,6,208,NA,NA,NA,0
913,6,208,NA,NA,NA,0
914,6,208,NA,NA,NA,0
915,6,208,NA,NA,NA,0
916,6,208,NA,NA,NA,0
917,5,209,NA,NA,NA,0
918,5,209,NA,NA,NA,0
919,5,209,NA,NA,NA,0
920,5,209,NA,NA,NA,0
921,5,209,NA,NA,NA,0
922,4,210,NA,NA,NA,0
923,4,210,NA,NA,NA,0
924,4,210,NA,NA,NA,0
925,4,210,NA,NA,NA,0
926,4,211,NA,NA,NA,0
927,4,211,NA,NA,NA,0
928,4,211,NA,NA,NA,0
929,4,211,NA,NA,NA,0
930,5,212,NA,NA,NA,0
931,5,212,NA,NA,NA,0
932,5,212,NA,NA,NA,0
933,5,212,NA,NA,NA,0
934,5,212,NA,NA,NA,0
935,4,213,"C",288,3,0
936,4,213,NA,NA,NA,0
937,4,213,NA,NA,NA,0
938,4,213,NA,NA,NA,0
939,6,214,NA,NA,NA,0
940,6,214,NA,NA,NA,0
941,6,214,NA,NA,NA,0
942,6,214,NA,NA,NA,0
943,6,214,NA,NA,NA,0
944,6,214,NA,NA,NA,0
945,4,215,NA,NA,NA,0
946,4,215,NA,NA,NA,0
947,4,215,NA,NA,NA,0
948,4,215,NA,NA,NA,0
949,3,216,NA,NA,NA,0
950,3,216,NA,NA,NA,0
951,3,216,NA,NA,NA,0
952,5,217,NA,NA,NA,0
953,5,217,NA,NA,NA,0
954,5,217,NA,NA,NA,0
955,5,217,NA,NA,NA,0
956,5,217,NA,NA,NA,0
957,4,218,NA,NA,NA,0
958,4,218,NA,NA,NA,0
959,4,218,NA,NA,NA,0
960,4,218,NA,NA,NA,0
961,4,219,NA,NA,NA,0
962,4,219,NA,NA,NA,0
963,4,219,NA,NA,NA,0
964,4,219,NA,NA,NA,0
965,5,220,NA,NA,NA,0
966,5,220,NA,NA,NA,0
967,5,220,NA,NA,NA,0
968,5,220,NA,NA,NA,0
969,5,220,NA,NA,NA,0
970,3,221,NA,NA,NA,0
971,3,221,NA,NA,NA,0
972,3,221,NA,NA,NA,0
973,4,222,NA,NA,NA,0
974,4,222,NA,NA,NA,0
975,4,222,"C",249,3,0
976,4,222,NA,NA,NA,0
977,5,223,NA,NA,NA,0
978,5,223,NA,NA,NA,0
979,5,223,NA,NA,NA,0
980,5,223,NA,NA,NA,0
981,5,223,NA,NA,NA,0
982,5,224,NA,NA,NA,0
983,5,224,NA,NA,NA,0
984,5,224,NA,NA,NA,0
985,5,224,NA,NA,NA,0
986,5,224,NA,NA,NA,0
987,3,225,NA,NA,NA,0
988,3,225,NA,NA,NA,0
989,3,225,NA,NA,NA,0
990,6,226,NA,NA,NA,0
991,6,226,NA,NA,NA,0
992,6,226,NA,NA,NA,0
993,6,226,NA,NA,NA,0
994,6,226,NA,NA,NA,0
995,6,226,NA,NA,NA,0
996,5,227,NA,NA,NA,0
997,5,227,NA,NA,NA,0
998,5,227,NA,NA,NA,0
999,5,227,NA,NA,NA,0
1000,5,227,NA,NA,NA,0
