"ID","SIZE","HH","TYPE","TIME","S_num","I_num"
1,3,1,"0",32,2,1
2,3,1,"H",105,0,0
3,3,1,"H",82,1,1
4,4,2,"H",260,0,0
5,4,2,"H",221,1,1
6,4,2,"C",154,3,1
7,4,2,"H",201,2,1
8,3,3,NA,NA,NA,0
9,3,3,NA,NA,NA,0
10,3,3,NA,NA,NA,0
11,4,4,NA,NA,NA,0
12,4,4,NA,NA,NA,0
13,4,4,NA,NA,NA,0
14,4,4,NA,NA,NA,0
15,5,5,"C",183,4,2
16,5,5,"H",254,0,0
17,5,5,"H",194,2,1
18,5,5,"H",219,1,1
19,5,5,"H",216,1,0
20,3,6,NA,NA,NA,0
21,3,6,NA,NA,NA,0
22,3,6,NA,NA,NA,0
23,3,7,NA,NA,NA,0
24,3,7,NA,NA,NA,0
25,3,7,NA,NA,NA,0
26,5,8,NA,NA,NA,0
27,5,8,NA,NA,NA,0
28,5,8,NA,NA,NA,0
29,5,8,NA,NA,NA,0
30,5,8,NA,NA,NA,0
31,6,9,NA,NA,NA,0
32,6,9,NA,NA,NA,0
33,6,9,NA,NA,NA,0
34,6,9,NA,NA,NA,0
35,6,9,NA,NA,NA,0
36,6,9,NA,NA,NA,0
37,3,10,NA,NA,NA,0
38,3,10,NA,NA,NA,0
39,3,10,NA,NA,NA,0
40,3,11,NA,NA,NA,0
41,3,11,NA,NA,NA,0
42,3,11,NA,NA,NA,0
43,3,12,NA,NA,NA,0
44,3,12,NA,NA,NA,0
45,3,12,NA,NA,NA,0
46,3,13,NA,NA,NA,0
47,3,13,NA,NA,NA,0
48,3,13,NA,NA,NA,0
49,5,14,NA,NA,NA,0
50,5,14,NA,NA,NA,0
51,5,14,NA,NA,NA,0
52,5,14,NA,NA,NA,0
53,5,14,NA,NA,NA,0
54,5,15,NA,NA,NA,0
55,5,15,NA,NA,NA,0
56,5,15,NA,NA,NA,0
57,5,15,NA,NA,NA,0
58,5,15,NA,NA,NA,0
59,3,16,NA,NA,NA,0
60,3,16,NA,NA,NA,0
61,3,16,NA,NA,NA,0
62,4,17,NA,NA,NA,0
63,4,17,NA,NA,NA,0
64,4,17,NA,NA,NA,0
65,4,17,NA,NA,NA,0
66,5,18,NA,NA,NA,0
67,5,18,NA,NA,NA,0
68,5,18,NA,NA,NA,0
69,5,18,NA,NA,NA,0
70,5,18,NA,NA,NA,0
71,4,19,NA,NA,NA,0
72,4,19,NA,NA,NA,0
73,4,19,NA,NA,NA,0
74,4,19,NA,NA,NA,0
75,5,20,NA,NA,NA,0
76,5,20,NA,NA,NA,0
77,5,20,NA,NA,NA,0
78,5,20,NA,NA,NA,0
79,5,20,NA,NA,NA,0
80,3,21,NA,NA,NA,0
81,3,21,NA,NA,NA,0
82,3,21,NA,NA,NA,0
83,6,22,NA,NA,NA,0
84,6,22,NA,NA,NA,0
85,6,22,NA,NA,NA,0
86,6,22,NA,NA,NA,0
87,6,22,NA,NA,NA,0
88,6,22,NA,NA,NA,0
89,3,23,NA,NA,NA,0
90,3,23,NA,NA,NA,0
91,3,23,NA,NA,NA,0
92,3,24,"C",281,2,1
93,3,24,"H",347,1,0
94,3,24,NA,NA,NA,0
95,4,25,NA,NA,NA,0
96,4,25,NA,NA,NA,0
97,4,25,NA,NA,NA,0
98,4,25,NA,NA,NA,0
99,3,26,NA,NA,NA,0
100,3,26,NA,NA,NA,0
101,3,26,NA,NA,NA,0
102,3,27,NA,NA,NA,0
103,3,27,NA,NA,NA,0
104,3,27,NA,NA,NA,0
105,6,28,NA,NA,NA,0
106,6,28,NA,NA,NA,0
107,6,28,NA,NA,NA,0
108,6,28,NA,NA,NA,0
109,6,28,NA,NA,NA,0
110,6,28,NA,NA,NA,0
111,4,29,NA,NA,NA,0
112,4,29,NA,NA,NA,0
113,4,29,NA,NA,NA,0
114,4,29,NA,NA,NA,0
115,6,30,NA,NA,NA,0
116,6,30,NA,NA,NA,0
117,6,30,NA,NA,NA,0
118,6,30,NA,NA,NA,0
119,6,30,NA,NA,NA,0
120,6,30,NA,NA,NA,0
121,6,31,NA,NA,NA,0
122,6,31,NA,NA,NA,0
123,6,31,NA,NA,NA,0
124,6,31,NA,NA,NA,0
125,6,31,NA,NA,NA,0
126,6,31,NA,NA,NA,0
127,5,32,NA,NA,NA,0
128,5,32,NA,NA,NA,0
129,5,32,NA,NA,NA,0
130,5,32,NA,NA,NA,0
131,5,32,NA,NA,NA,0
132,4,33,NA,NA,NA,0
133,4,33,NA,NA,NA,0
134,4,33,NA,NA,NA,0
135,4,33,NA,NA,NA,0
136,5,34,NA,NA,NA,0
137,5,34,NA,NA,NA,0
138,5,34,NA,NA,NA,0
139,5,34,NA,NA,NA,0
140,5,34,NA,NA,NA,0
141,5,35,NA,NA,NA,0
142,5,35,NA,NA,NA,0
143,5,35,NA,NA,NA,0
144,5,35,NA,NA,NA,0
145,5,35,NA,NA,NA,0
146,4,36,NA,NA,NA,0
147,4,36,NA,NA,NA,0
148,4,36,NA,NA,NA,0
149,4,36,NA,NA,NA,0
150,5,37,"H",NA,NA,0
151,5,37,"C",308,4,2
152,5,37,"H",353,2,0
153,5,37,NA,NA,NA,0
154,5,37,NA,NA,NA,0
155,4,38,NA,NA,NA,0
156,4,38,NA,NA,NA,0
157,4,38,NA,NA,NA,0
158,4,38,NA,NA,NA,0
159,5,39,NA,NA,NA,0
160,5,39,NA,NA,NA,0
161,5,39,NA,NA,NA,0
162,5,39,NA,NA,NA,0
163,5,39,NA,NA,NA,0
164,5,40,NA,NA,NA,0
165,5,40,NA,NA,NA,0
166,5,40,NA,NA,NA,0
167,5,40,NA,NA,NA,0
168,5,40,NA,NA,NA,0
169,4,41,NA,NA,NA,0
170,4,41,NA,NA,NA,0
171,4,41,NA,NA,NA,0
172,4,41,NA,NA,NA,0
173,3,42,NA,NA,NA,0
174,3,42,NA,NA,NA,0
175,3,42,NA,NA,NA,0
176,3,43,NA,NA,NA,0
177,3,43,NA,NA,NA,0
178,3,43,NA,NA,NA,0
179,5,44,NA,NA,NA,0
180,5,44,"H",316,3,0
181,5,44,"C",291,4,1
182,5,44,NA,NA,NA,0
183,5,44,NA,NA,NA,0
184,5,45,NA,NA,NA,0
185,5,45,NA,NA,NA,0
186,5,45,NA,NA,NA,0
187,5,45,NA,NA,NA,0
188,5,45,NA,NA,NA,0
189,3,46,NA,NA,NA,0
190,3,46,NA,NA,NA,0
191,3,46,NA,NA,NA,0
192,4,47,NA,NA,NA,0
193,4,47,NA,NA,NA,0
194,4,47,NA,NA,NA,0
195,4,47,NA,NA,NA,0
196,5,48,NA,NA,NA,0
197,5,48,"C",293,4,3
198,5,48,"H",354,1,0
199,5,48,"H",358,1,0
200,5,48,"H",326,1,0
201,6,49,NA,NA,NA,0
202,6,49,NA,NA,NA,0
203,6,49,NA,NA,NA,0
204,6,49,NA,NA,NA,0
205,6,49,NA,NA,NA,0
206,6,49,NA,NA,NA,0
207,4,50,NA,NA,NA,0
208,4,50,NA,NA,NA,0
209,4,50,NA,NA,NA,0
210,4,50,NA,NA,NA,0
211,3,51,NA,NA,NA,0
212,3,51,NA,NA,NA,0
213,3,51,NA,NA,NA,0
214,4,52,NA,NA,NA,0
215,4,52,NA,NA,NA,0
216,4,52,NA,NA,NA,0
217,4,52,NA,NA,NA,0
218,6,53,"H",264,1,1
219,6,53,"H",306,0,0
220,6,53,"C",214,5,2
221,6,53,"H",258,3,2
222,6,53,"H",320,0,0
223,6,53,"H",289,0,0
224,3,54,NA,NA,NA,0
225,3,54,NA,NA,NA,0
226,3,54,NA,NA,NA,0
227,6,55,"C",NA,NA,0
228,6,55,NA,NA,NA,0
229,6,55,NA,NA,NA,0
230,6,55,NA,NA,NA,0
231,6,55,NA,NA,NA,0
232,6,55,NA,NA,NA,0
233,6,56,NA,NA,NA,0
234,6,56,NA,NA,NA,0
235,6,56,NA,NA,NA,0
236,6,56,NA,NA,NA,0
237,6,56,NA,NA,NA,0
238,6,56,NA,NA,NA,0
239,3,57,NA,NA,NA,0
240,3,57,NA,NA,NA,0
241,3,57,NA,NA,NA,0
242,4,58,NA,NA,NA,0
243,4,58,NA,NA,NA,0
244,4,58,NA,NA,NA,0
245,4,58,NA,NA,NA,0
246,5,59,NA,NA,NA,0
247,5,59,NA,NA,NA,0
248,5,59,NA,NA,NA,0
249,5,59,NA,NA,NA,0
250,5,59,NA,NA,NA,0
251,4,60,NA,NA,NA,0
252,4,60,NA,NA,NA,0
253,4,60,NA,NA,NA,0
254,4,60,NA,NA,NA,0
255,6,61,NA,NA,NA,0
256,6,61,NA,NA,NA,0
257,6,61,NA,NA,NA,0
258,6,61,NA,NA,NA,0
259,6,61,NA,NA,NA,0
260,6,61,NA,NA,NA,0
261,3,62,NA,NA,NA,0
262,3,62,NA,NA,NA,0
263,3,62,NA,NA,NA,0
264,5,63,NA,NA,NA,0
265,5,63,NA,NA,NA,0
266,5,63,NA,NA,NA,0
267,5,63,NA,NA,NA,0
268,5,63,NA,NA,NA,0
269,6,64,NA,NA,NA,0
270,6,64,NA,NA,NA,0
271,6,64,NA,NA,NA,0
272,6,64,NA,NA,NA,0
273,6,64,NA,NA,NA,0
274,6,64,NA,NA,NA,0
275,3,65,NA,NA,NA,0
276,3,65,"C",NA,NA,0
277,3,65,NA,NA,NA,0
278,4,66,"C",276,3,3
279,4,66,"H",334,0,0
280,4,66,"H",NA,NA,0
281,4,66,"H",312,0,0
282,6,67,NA,NA,NA,0
283,6,67,NA,NA,NA,0
284,6,67,NA,NA,NA,0
285,6,67,NA,NA,NA,0
286,6,67,NA,NA,NA,0
287,6,67,NA,NA,NA,0
288,4,68,NA,NA,NA,0
289,4,68,NA,NA,NA,0
290,4,68,NA,NA,NA,0
291,4,68,NA,NA,NA,0
292,4,69,NA,NA,NA,0
293,4,69,NA,NA,NA,0
294,4,69,NA,NA,NA,0
295,4,69,NA,NA,NA,0
296,4,70,NA,NA,NA,0
297,4,70,NA,NA,NA,0
298,4,70,NA,NA,NA,0
299,4,70,NA,NA,NA,0
300,3,71,NA,NA,NA,0
301,3,71,NA,NA,NA,0
302,3,71,NA,NA,NA,0
303,6,72,NA,NA,NA,0
304,6,72,NA,NA,NA,0
305,6,72,NA,NA,NA,0
306,6,72,NA,NA,NA,0
307,6,72,NA,NA,NA,0
308,6,72,NA,NA,NA,0
309,3,73,NA,NA,NA,0
310,3,73,NA,NA,NA,0
311,3,73,NA,NA,NA,0
312,5,74,NA,NA,NA,0
313,5,74,NA,NA,NA,0
314,5,74,NA,NA,NA,0
315,5,74,NA,NA,NA,0
316,5,74,NA,NA,NA,0
317,3,75,NA,NA,NA,0
318,3,75,NA,NA,NA,0
319,3,75,NA,NA,NA,0
320,4,76,NA,NA,NA,0
321,4,76,NA,NA,NA,0
322,4,76,NA,NA,NA,0
323,4,76,NA,NA,NA,0
324,3,77,NA,NA,NA,0
325,3,77,NA,NA,NA,0
326,3,77,NA,NA,NA,0
327,5,78,NA,NA,NA,0
328,5,78,NA,NA,NA,0
329,5,78,NA,NA,NA,0
330,5,78,NA,NA,NA,0
331,5,78,NA,NA,NA,0
332,3,79,NA,NA,NA,0
333,3,79,NA,NA,NA,0
334,3,79,NA,NA,NA,0
335,4,80,NA,NA,NA,0
336,4,80,NA,NA,NA,0
337,4,80,NA,NA,NA,0
338,4,80,NA,NA,NA,0
339,4,81,NA,NA,NA,0
340,4,81,NA,NA,NA,0
341,4,81,"C",NA,NA,0
342,4,81,NA,NA,NA,0
343,4,82,NA,NA,NA,0
344,4,82,NA,NA,NA,0
345,4,82,NA,NA,NA,0
346,4,82,NA,NA,NA,0
347,3,83,NA,NA,NA,0
348,3,83,NA,NA,NA,0
349,3,83,NA,NA,NA,0
350,6,84,NA,NA,NA,0
351,6,84,NA,NA,NA,0
352,6,84,NA,NA,NA,0
353,6,84,NA,NA,NA,0
354,6,84,NA,NA,NA,0
355,6,84,NA,NA,NA,0
356,5,85,NA,NA,NA,0
357,5,85,NA,NA,NA,0
358,5,85,NA,NA,NA,0
359,5,85,NA,NA,NA,0
360,5,85,NA,NA,NA,0
361,4,86,NA,NA,NA,0
362,4,86,NA,NA,NA,0
363,4,86,NA,NA,NA,0
364,4,86,NA,NA,NA,0
365,6,87,NA,NA,NA,0
366,6,87,NA,NA,NA,0
367,6,87,NA,NA,NA,0
368,6,87,NA,NA,NA,0
369,6,87,NA,NA,NA,0
370,6,87,NA,NA,NA,0
371,3,88,NA,NA,NA,0
372,3,88,NA,NA,NA,0
373,3,88,NA,NA,NA,0
374,4,89,"C",125,3,1
375,4,89,"H",158,2,0
376,4,89,NA,NA,NA,0
377,4,89,NA,NA,NA,0
378,5,90,NA,NA,NA,0
379,5,90,NA,NA,NA,0
380,5,90,NA,NA,NA,0
381,5,90,NA,NA,NA,0
382,5,90,NA,NA,NA,0
383,5,91,NA,NA,NA,0
384,5,91,NA,NA,NA,0
385,5,91,NA,NA,NA,0
386,5,91,NA,NA,NA,0
387,5,91,NA,NA,NA,0
388,5,92,NA,NA,NA,0
389,5,92,NA,NA,NA,0
390,5,92,NA,NA,NA,0
391,5,92,NA,NA,NA,0
392,5,92,NA,NA,NA,0
393,5,93,NA,NA,NA,0
394,5,93,NA,NA,NA,0
395,5,93,NA,NA,NA,0
396,5,93,NA,NA,NA,0
397,5,93,NA,NA,NA,0
398,3,94,NA,NA,NA,0
399,3,94,NA,NA,NA,0
400,3,94,NA,NA,NA,0
401,6,95,NA,NA,NA,0
402,6,95,NA,NA,NA,0
403,6,95,NA,NA,NA,0
404,6,95,NA,NA,NA,0
405,6,95,NA,NA,NA,0
406,6,95,NA,NA,NA,0
407,6,96,NA,NA,NA,0
408,6,96,NA,NA,NA,0
409,6,96,NA,NA,NA,0
410,6,96,NA,NA,NA,0
411,6,96,NA,NA,NA,0
412,6,96,NA,NA,NA,0
413,6,97,NA,NA,NA,0
414,6,97,NA,NA,NA,0
415,6,97,NA,NA,NA,0
416,6,97,NA,NA,NA,0
417,6,97,NA,NA,NA,0
418,6,97,NA,NA,NA,0
419,5,98,NA,NA,NA,0
420,5,98,NA,NA,NA,0
421,5,98,NA,NA,NA,0
422,5,98,NA,NA,NA,0
423,5,98,NA,NA,NA,0
424,6,99,NA,NA,NA,0
425,6,99,NA,NA,NA,0
426,6,99,NA,NA,NA,0
427,6,99,"C",334,5,0
428,6,99,NA,NA,NA,0
429,6,99,NA,NA,NA,0
430,6,100,NA,NA,NA,0
431,6,100,NA,NA,NA,0
432,6,100,NA,NA,NA,0
433,6,100,NA,NA,NA,0
434,6,100,NA,NA,NA,0
435,6,100,NA,NA,NA,0
436,5,101,NA,NA,NA,0
437,5,101,NA,NA,NA,0
438,5,101,NA,NA,NA,0
439,5,101,NA,NA,NA,0
440,5,101,NA,NA,NA,0
441,3,102,"C",349,2,1
442,3,102,"H",NA,NA,0
443,3,102,NA,NA,NA,0
444,6,103,NA,NA,NA,0
445,6,103,NA,NA,NA,0
446,6,103,NA,NA,NA,0
447,6,103,NA,NA,NA,0
448,6,103,NA,NA,NA,0
449,6,103,NA,NA,NA,0
450,4,104,NA,NA,NA,0
451,4,104,NA,NA,NA,0
452,4,104,NA,NA,NA,0
453,4,104,NA,NA,NA,0
454,5,105,NA,NA,NA,0
455,5,105,NA,NA,NA,0
456,5,105,NA,NA,NA,0
457,5,105,NA,NA,NA,0
458,5,105,NA,NA,NA,0
459,4,106,NA,NA,NA,0
460,4,106,NA,NA,NA,0
461,4,106,NA,NA,NA,0
462,4,106,NA,NA,NA,0
463,6,107,NA,NA,NA,0
464,6,107,NA,NA,NA,0
465,6,107,NA,NA,NA,0
466,6,107,NA,NA,NA,0
467,6,107,NA,NA,NA,0
468,6,107,NA,NA,NA,0
469,5,108,NA,NA,NA,0
470,5,108,NA,NA,NA,0
471,5,108,NA,NA,NA,0
472,5,108,NA,NA,NA,0
473,5,108,NA,NA,NA,0
474,4,109,NA,NA,NA,0
475,4,109,NA,NA,NA,0
476,4,109,NA,NA,NA,0
477,4,109,NA,NA,NA,0
478,5,110,NA,NA,NA,0
479,5,110,NA,NA,NA,0
480,5,110,NA,NA,NA,0
481,5,110,"C",NA,NA,0
482,5,110,NA,NA,NA,0
483,6,111,NA,NA,NA,0
484,6,111,NA,NA,NA,0
485,6,111,NA,NA,NA,0
486,6,111,NA,NA,NA,0
487,6,111,NA,NA,NA,0
488,6,111,NA,NA,NA,0
489,5,112,NA,NA,NA,0
490,5,112,NA,NA,NA,0
491,5,112,NA,NA,NA,0
492,5,112,NA,NA,NA,0
493,5,112,NA,NA,NA,0
494,5,113,NA,NA,NA,0
495,5,113,NA,NA,NA,0
496,5,113,NA,NA,NA,0
497,5,113,NA,NA,NA,0
498,5,113,NA,NA,NA,0
499,6,114,NA,NA,NA,0
500,6,114,NA,NA,NA,0
501,6,114,NA,NA,NA,0
502,6,114,NA,NA,NA,0
503,6,114,NA,NA,NA,0
504,6,114,NA,NA,NA,0
505,5,115,NA,NA,NA,0
506,5,115,NA,NA,NA,0
507,5,115,NA,NA,NA,0
508,5,115,NA,NA,NA,0
509,5,115,NA,NA,NA,0
510,6,116,"H",351,1,0
511,6,116,"C",308,5,2
512,6,116,"H",334,3,2
513,6,116,"H",NA,NA,0
514,6,116,"H",NA,NA,0
515,6,116,NA,NA,NA,0
516,5,117,NA,NA,NA,0
517,5,117,NA,NA,NA,0
518,5,117,NA,NA,NA,0
519,5,117,NA,NA,NA,0
520,5,117,NA,NA,NA,0
521,3,118,NA,NA,NA,0
522,3,118,NA,NA,NA,0
523,3,118,NA,NA,NA,0
524,5,119,NA,NA,NA,0
525,5,119,NA,NA,NA,0
526,5,119,NA,NA,NA,0
527,5,119,"C",261,4,0
528,5,119,NA,NA,NA,0
529,4,120,NA,NA,NA,0
530,4,120,NA,NA,NA,0
531,4,120,NA,NA,NA,0
532,4,120,NA,NA,NA,0
533,5,121,NA,NA,NA,0
534,5,121,NA,NA,NA,0
535,5,121,NA,NA,NA,0
536,5,121,"C",236,4,0
537,5,121,NA,NA,NA,0
538,3,122,NA,NA,NA,0
539,3,122,NA,NA,NA,0
540,3,122,NA,NA,NA,0
541,3,123,NA,NA,NA,0
542,3,123,NA,NA,NA,0
543,3,123,"C",NA,NA,0
544,6,124,NA,NA,NA,0
545,6,124,NA,NA,NA,0
546,6,124,NA,NA,NA,0
547,6,124,NA,NA,NA,0
548,6,124,NA,NA,NA,0
549,6,124,NA,NA,NA,0
550,3,125,NA,NA,NA,0
551,3,125,NA,NA,NA,0
552,3,125,NA,NA,NA,0
553,4,126,NA,NA,NA,0
554,4,126,NA,NA,NA,0
555,4,126,NA,NA,NA,0
556,4,126,NA,NA,NA,0
557,3,127,NA,NA,NA,0
558,3,127,NA,NA,NA,0
559,3,127,NA,NA,NA,0
560,4,128,"C",329,3,0
561,4,128,NA,NA,NA,0
562,4,128,NA,NA,NA,0
563,4,128,NA,NA,NA,0
564,5,129,NA,NA,NA,0
565,5,129,NA,NA,NA,0
566,5,129,NA,NA,NA,0
567,5,129,NA,NA,NA,0
568,5,129,NA,NA,NA,0
569,5,130,NA,NA,NA,0
570,5,130,NA,NA,NA,0
571,5,130,"H",NA,NA,0
572,5,130,"C",332,4,2
573,5,130,"H",NA,NA,0
574,5,131,"H",359,2,1
575,5,131,"C",301,4,1
576,5,131,NA,NA,NA,0
577,5,131,"H",NA,NA,0
578,5,131,"H",328,3,1
579,4,132,NA,NA,NA,0
580,4,132,NA,NA,NA,0
581,4,132,NA,NA,NA,0
582,4,132,NA,NA,NA,0
583,6,133,NA,NA,NA,0
584,6,133,NA,NA,NA,0
585,6,133,NA,NA,NA,0
586,6,133,NA,NA,NA,0
587,6,133,NA,NA,NA,0
588,6,133,NA,NA,NA,0
589,5,134,NA,NA,NA,0
590,5,134,NA,NA,NA,0
591,5,134,NA,NA,NA,0
592,5,134,"C",NA,NA,0
593,5,134,NA,NA,NA,0
594,3,135,NA,NA,NA,0
595,3,135,NA,NA,NA,0
596,3,135,NA,NA,NA,0
597,5,136,NA,NA,NA,0
598,5,136,NA,NA,NA,0
599,5,136,NA,NA,NA,0
600,5,136,NA,NA,NA,0
601,5,136,NA,NA,NA,0
602,5,137,NA,NA,NA,0
603,5,137,NA,NA,NA,0
604,5,137,NA,NA,NA,0
605,5,137,NA,NA,NA,0
606,5,137,NA,NA,NA,0
607,5,138,NA,NA,NA,0
608,5,138,NA,NA,NA,0
609,5,138,"H",313,2,0
610,5,138,"H",270,2,0
611,5,138,"C",238,4,2
612,4,139,NA,NA,NA,0
613,4,139,NA,NA,NA,0
614,4,139,NA,NA,NA,0
615,4,139,NA,NA,NA,0
616,4,140,NA,NA,NA,0
617,4,140,NA,NA,NA,0
618,4,140,NA,NA,NA,0
619,4,140,NA,NA,NA,0
620,3,141,NA,NA,NA,0
621,3,141,NA,NA,NA,0
622,3,141,"C",309,2,0
623,6,142,NA,NA,NA,0
624,6,142,NA,NA,NA,0
625,6,142,NA,NA,NA,0
626,6,142,NA,NA,NA,0
627,6,142,"C",302,5,0
628,6,142,NA,NA,NA,0
629,5,143,NA,NA,NA,0
630,5,143,NA,NA,NA,0
631,5,143,NA,NA,NA,0
632,5,143,NA,NA,NA,0
633,5,143,NA,NA,NA,0
634,4,144,NA,NA,NA,0
635,4,144,NA,NA,NA,0
636,4,144,NA,NA,NA,0
637,4,144,NA,NA,NA,0
638,5,145,NA,NA,NA,0
639,5,145,NA,NA,NA,0
640,5,145,NA,NA,NA,0
641,5,145,NA,NA,NA,0
642,5,145,NA,NA,NA,0
643,4,146,NA,NA,NA,0
644,4,146,NA,NA,NA,0
645,4,146,NA,NA,NA,0
646,4,146,NA,NA,NA,0
647,3,147,NA,NA,NA,0
648,3,147,NA,NA,NA,0
649,3,147,"C",195,2,0
650,3,148,NA,NA,NA,0
651,3,148,NA,NA,NA,0
652,3,148,NA,NA,NA,0
653,4,149,NA,NA,NA,0
654,4,149,NA,NA,NA,0
655,4,149,NA,NA,NA,0
656,4,149,NA,NA,NA,0
657,6,150,NA,NA,NA,0
658,6,150,NA,NA,NA,0
659,6,150,NA,NA,NA,0
660,6,150,NA,NA,NA,0
661,6,150,NA,NA,NA,0
662,6,150,NA,NA,NA,0
663,3,151,NA,NA,NA,0
664,3,151,"C",NA,NA,0
665,3,151,NA,NA,NA,0
666,5,152,NA,NA,NA,0
667,5,152,NA,NA,NA,0
668,5,152,NA,NA,NA,0
669,5,152,NA,NA,NA,0
670,5,152,NA,NA,NA,0
671,5,153,NA,NA,NA,0
672,5,153,NA,NA,NA,0
673,5,153,NA,NA,NA,0
674,5,153,NA,NA,NA,0
675,5,153,NA,NA,NA,0
676,4,154,"H",277,2,0
677,4,154,"C",258,3,1
678,4,154,NA,NA,NA,0
679,4,154,NA,NA,NA,0
680,4,155,NA,NA,NA,0
681,4,155,NA,NA,NA,0
682,4,155,NA,NA,NA,0
683,4,155,"C",240,3,0
684,3,156,"C",327,2,1
685,3,156,"H",NA,NA,0
686,3,156,NA,NA,NA,0
687,6,157,NA,NA,NA,0
688,6,157,NA,NA,NA,0
689,6,157,NA,NA,NA,0
690,6,157,NA,NA,NA,0
691,6,157,NA,NA,NA,0
692,6,157,NA,NA,NA,0
693,6,158,NA,NA,NA,0
694,6,158,NA,NA,NA,0
695,6,158,NA,NA,NA,0
696,6,158,NA,NA,NA,0
697,6,158,NA,NA,NA,0
698,6,158,NA,NA,NA,0
699,6,159,NA,NA,NA,0
700,6,159,NA,NA,NA,0
701,6,159,NA,NA,NA,0
702,6,159,NA,NA,NA,0
703,6,159,NA,NA,NA,0
704,6,159,NA,NA,NA,0
705,3,160,NA,NA,NA,0
706,3,160,NA,NA,NA,0
707,3,160,NA,NA,NA,0
708,3,161,NA,NA,NA,0
709,3,161,NA,NA,NA,0
710,3,161,NA,NA,NA,0
711,6,162,NA,NA,NA,0
712,6,162,NA,NA,NA,0
713,6,162,NA,NA,NA,0
714,6,162,NA,NA,NA,0
715,6,162,NA,NA,NA,0
716,6,162,NA,NA,NA,0
717,5,163,NA,NA,NA,0
718,5,163,"H",355,1,0
719,5,163,"H",NA,NA,0
720,5,163,"C",333,4,3
721,5,163,"H",351,1,0
722,4,164,NA,NA,NA,0
723,4,164,NA,NA,NA,0
724,4,164,NA,NA,NA,0
725,4,164,NA,NA,NA,0
726,4,165,NA,NA,NA,0
727,4,165,NA,NA,NA,0
728,4,165,NA,NA,NA,0
729,4,165,NA,NA,NA,0
730,3,166,NA,NA,NA,0
731,3,166,NA,NA,NA,0
732,3,166,NA,NA,NA,0
733,6,167,NA,NA,NA,0
734,6,167,NA,NA,NA,0
735,6,167,NA,NA,NA,0
736,6,167,NA,NA,NA,0
737,6,167,NA,NA,NA,0
738,6,167,NA,NA,NA,0
739,4,168,NA,NA,NA,0
740,4,168,NA,NA,NA,0
741,4,168,NA,NA,NA,0
742,4,168,NA,NA,NA,0
743,4,169,NA,NA,NA,0
744,4,169,NA,NA,NA,0
745,4,169,NA,NA,NA,0
746,4,169,NA,NA,NA,0
747,6,170,NA,NA,NA,0
748,6,170,NA,NA,NA,0
749,6,170,NA,NA,NA,0
750,6,170,NA,NA,NA,0
751,6,170,NA,NA,NA,0
752,6,170,NA,NA,NA,0
753,3,171,"C",364,2,0
754,3,171,NA,NA,NA,0
755,3,171,NA,NA,NA,0
756,5,172,NA,NA,NA,0
757,5,172,NA,NA,NA,0
758,5,172,NA,NA,NA,0
759,5,172,NA,NA,NA,0
760,5,172,NA,NA,NA,0
761,6,173,NA,NA,NA,0
762,6,173,NA,NA,NA,0
763,6,173,NA,NA,NA,0
764,6,173,NA,NA,NA,0
765,6,173,NA,NA,NA,0
766,6,173,NA,NA,NA,0
767,3,174,NA,NA,NA,0
768,3,174,NA,NA,NA,0
769,3,174,NA,NA,NA,0
770,4,175,NA,NA,NA,0
771,4,175,NA,NA,NA,0
772,4,175,NA,NA,NA,0
773,4,175,NA,NA,NA,0
774,3,176,"C",320,2,2
775,3,176,"H",361,0,0
776,3,176,"H",354,0,0
777,3,177,NA,NA,NA,0
778,3,177,NA,NA,NA,0
779,3,177,NA,NA,NA,0
780,4,178,NA,NA,NA,0
781,4,178,NA,NA,NA,0
782,4,178,NA,NA,NA,0
783,4,178,NA,NA,NA,0
784,4,179,NA,NA,NA,0
785,4,179,NA,NA,NA,0
786,4,179,NA,NA,NA,0
787,4,179,NA,NA,NA,0
788,4,180,NA,NA,NA,0
789,4,180,NA,NA,NA,0
790,4,180,NA,NA,NA,0
791,4,180,NA,NA,NA,0
792,5,181,NA,NA,NA,0
793,5,181,NA,NA,NA,0
794,5,181,NA,NA,NA,0
795,5,181,NA,NA,NA,0
796,5,181,NA,NA,NA,0
797,5,182,NA,NA,NA,0
798,5,182,NA,NA,NA,0
799,5,182,NA,NA,NA,0
800,5,182,NA,NA,NA,0
801,5,182,NA,NA,NA,0
802,6,183,NA,NA,NA,0
803,6,183,NA,NA,NA,0
804,6,183,NA,NA,NA,0
805,6,183,NA,NA,NA,0
806,6,183,NA,NA,NA,0
807,6,183,NA,NA,NA,0
808,4,184,NA,NA,NA,0
809,4,184,NA,NA,NA,0
810,4,184,NA,NA,NA,0
811,4,184,NA,NA,NA,0
812,3,185,NA,NA,NA,0
813,3,185,NA,NA,NA,0
814,3,185,NA,NA,NA,0
815,3,186,NA,NA,NA,0
816,3,186,NA,NA,NA,0
817,3,186,"C",256,2,0
818,4,187,NA,NA,NA,0
819,4,187,NA,NA,NA,0
820,4,187,NA,NA,NA,0
821,4,187,NA,NA,NA,0
822,6,188,NA,NA,NA,0
823,6,188,NA,NA,NA,0
824,6,188,NA,NA,NA,0
825,6,188,NA,NA,NA,0
826,6,188,NA,NA,NA,0
827,6,188,NA,NA,NA,0
828,6,189,NA,NA,NA,0
829,6,189,NA,NA,NA,0
830,6,189,NA,NA,NA,0
831,6,189,NA,NA,NA,0
832,6,189,"C",NA,NA,0
833,6,189,NA,NA,NA,0
834,5,190,NA,NA,NA,0
835,5,190,NA,NA,NA,0
836,5,190,NA,NA,NA,0
837,5,190,NA,NA,NA,0
838,5,190,NA,NA,NA,0
839,3,191,NA,NA,NA,0
840,3,191,NA,NA,NA,0
841,3,191,NA,NA,NA,0
842,5,192,NA,NA,NA,0
843,5,192,NA,NA,NA,0
844,5,192,NA,NA,NA,0
845,5,192,NA,NA,NA,0
846,5,192,NA,NA,NA,0
847,4,193,NA,NA,NA,0
848,4,193,"C",NA,NA,0
849,4,193,NA,NA,NA,0
850,4,193,NA,NA,NA,0
851,5,194,NA,NA,NA,0
852,5,194,NA,NA,NA,0
853,5,194,NA,NA,NA,0
854,5,194,NA,NA,NA,0
855,5,194,"C",356,4,0
856,3,195,NA,NA,NA,0
857,3,195,NA,NA,NA,0
858,3,195,NA,NA,NA,0
859,4,196,NA,NA,NA,0
860,4,196,"C",NA,NA,0
861,4,196,NA,NA,NA,0
862,4,196,NA,NA,NA,0
863,6,197,NA,NA,NA,0
864,6,197,NA,NA,NA,0
865,6,197,NA,NA,NA,0
866,6,197,NA,NA,NA,0
867,6,197,NA,NA,NA,0
868,6,197,NA,NA,NA,0
869,6,198,NA,NA,NA,0
870,6,198,NA,NA,NA,0
871,6,198,NA,NA,NA,0
872,6,198,NA,NA,NA,0
873,6,198,NA,NA,NA,0
874,6,198,NA,NA,NA,0
875,4,199,NA,NA,NA,0
876,4,199,NA,NA,NA,0
877,4,199,NA,NA,NA,0
878,4,199,NA,NA,NA,0
879,3,200,NA,NA,NA,0
880,3,200,NA,NA,NA,0
881,3,200,NA,NA,NA,0
882,3,201,NA,NA,NA,0
883,3,201,NA,NA,NA,0
884,3,201,NA,NA,NA,0
885,6,202,NA,NA,NA,0
886,6,202,NA,NA,NA,0
887,6,202,NA,NA,NA,0
888,6,202,NA,NA,NA,0
889,6,202,NA,NA,NA,0
890,6,202,NA,NA,NA,0
891,5,203,NA,NA,NA,0
892,5,203,NA,NA,NA,0
893,5,203,NA,NA,NA,0
894,5,203,NA,NA,NA,0
895,5,203,NA,NA,NA,0
896,6,204,NA,NA,NA,0
897,6,204,NA,NA,NA,0
898,6,204,NA,NA,NA,0
899,6,204,NA,NA,NA,0
900,6,204,NA,NA,NA,0
901,6,204,NA,NA,NA,0
902,4,205,NA,NA,NA,0
903,4,205,NA,NA,NA,0
904,4,205,NA,NA,NA,0
905,4,205,NA,NA,NA,0
906,6,206,NA,NA,NA,0
907,6,206,NA,NA,NA,0
908,6,206,NA,NA,NA,0
909,6,206,NA,NA,NA,0
910,6,206,NA,NA,NA,0
911,6,206,NA,NA,NA,0
912,6,207,NA,NA,NA,0
913,6,207,NA,NA,NA,0
914,6,207,NA,NA,NA,0
915,6,207,NA,NA,NA,0
916,6,207,NA,NA,NA,0
917,6,207,NA,NA,NA,0
918,4,208,NA,NA,NA,0
919,4,208,NA,NA,NA,0
920,4,208,NA,NA,NA,0
921,4,208,NA,NA,NA,0
922,5,209,NA,NA,NA,0
923,5,209,NA,NA,NA,0
924,5,209,NA,NA,NA,0
925,5,209,NA,NA,NA,0
926,5,209,NA,NA,NA,0
927,6,210,NA,NA,NA,0
928,6,210,NA,NA,NA,0
929,6,210,NA,NA,NA,0
930,6,210,NA,NA,NA,0
931,6,210,NA,NA,NA,0
932,6,210,NA,NA,NA,0
933,4,211,NA,NA,NA,0
934,4,211,NA,NA,NA,0
935,4,211,NA,NA,NA,0
936,4,211,NA,NA,NA,0
937,3,212,"C",NA,NA,0
938,3,212,NA,NA,NA,0
939,3,212,NA,NA,NA,0
940,4,213,NA,NA,NA,0
941,4,213,NA,NA,NA,0
942,4,213,NA,NA,NA,0
943,4,213,NA,NA,NA,0
944,3,214,NA,NA,NA,0
945,3,214,NA,NA,NA,0
946,3,214,NA,NA,NA,0
947,4,215,NA,NA,NA,0
948,4,215,NA,NA,NA,0
949,4,215,NA,NA,NA,0
950,4,215,NA,NA,NA,0
951,5,216,NA,NA,NA,0
952,5,216,NA,NA,NA,0
953,5,216,NA,NA,NA,0
954,5,216,NA,NA,NA,0
955,5,216,NA,NA,NA,0
956,4,217,NA,NA,NA,0
957,4,217,NA,NA,NA,0
958,4,217,NA,NA,NA,0
959,4,217,NA,NA,NA,0
960,5,218,NA,NA,NA,0
961,5,218,NA,NA,NA,0
962,5,218,NA,NA,NA,0
963,5,218,NA,NA,NA,0
964,5,218,NA,NA,NA,0
965,4,219,NA,NA,NA,0
966,4,219,NA,NA,NA,0
967,4,219,NA,NA,NA,0
968,4,219,NA,NA,NA,0
969,6,220,NA,NA,NA,0
970,6,220,"C",NA,NA,0
971,6,220,NA,NA,NA,0
972,6,220,NA,NA,NA,0
973,6,220,NA,NA,NA,0
974,6,220,NA,NA,NA,0
975,3,221,NA,NA,NA,0
976,3,221,NA,NA,NA,0
977,3,221,NA,NA,NA,0
978,3,222,NA,NA,NA,0
979,3,222,NA,NA,NA,0
980,3,222,NA,NA,NA,0
981,6,223,"H",250,1,1
982,6,223,"H",195,4,2
983,6,223,"C",138,5,1
984,6,223,"H",228,2,1
985,6,223,"H",252,1,0
986,6,223,"H",313,0,0
987,4,224,NA,NA,NA,0
988,4,224,NA,NA,NA,0
989,4,224,NA,NA,NA,0
990,4,224,NA,NA,NA,0
991,5,225,NA,NA,NA,0
992,5,225,NA,NA,NA,0
993,5,225,NA,NA,NA,0
994,5,225,NA,NA,NA,0
995,5,225,NA,NA,NA,0
996,5,226,NA,NA,NA,0
997,5,226,NA,NA,NA,0
998,5,226,NA,NA,NA,0
999,5,226,NA,NA,NA,0
1000,5,226,NA,NA,NA,0
