"ID","SIZE","HH","TYPE","TIME","S_num","I_num"
1,6,1,"0",15,5,1
2,6,1,"H",140,0,0
3,6,1,"H",86,2,2
4,6,1,"H",86,2,0
5,6,1,"H",170,0,0
6,6,1,"H",52,4,2
7,4,2,NA,NA,NA,0
8,4,2,NA,NA,NA,0
9,4,2,NA,NA,NA,0
10,4,2,"C",325,3,0
11,3,3,NA,NA,NA,0
12,3,3,NA,NA,NA,0
13,3,3,NA,NA,NA,0
14,6,4,NA,NA,NA,0
15,6,4,NA,NA,NA,0
16,6,4,NA,NA,NA,0
17,6,4,NA,NA,NA,0
18,6,4,NA,NA,NA,0
19,6,4,NA,NA,NA,0
20,3,5,NA,NA,NA,0
21,3,5,NA,NA,NA,0
22,3,5,NA,NA,NA,0
23,5,6,NA,NA,NA,0
24,5,6,NA,NA,NA,0
25,5,6,NA,NA,NA,0
26,5,6,NA,NA,NA,0
27,5,6,NA,NA,NA,0
28,5,7,NA,NA,NA,0
29,5,7,NA,NA,NA,0
30,5,7,NA,NA,NA,0
31,5,7,NA,NA,NA,0
32,5,7,NA,NA,NA,0
33,6,8,NA,NA,NA,0
34,6,8,NA,NA,NA,0
35,6,8,NA,NA,NA,0
36,6,8,NA,NA,NA,0
37,6,8,NA,NA,NA,0
38,6,8,NA,NA,NA,0
39,5,9,NA,NA,NA,0
40,5,9,NA,NA,NA,0
41,5,9,NA,NA,NA,0
42,5,9,NA,NA,NA,0
43,5,9,NA,NA,NA,0
44,6,10,NA,NA,NA,0
45,6,10,NA,NA,NA,0
46,6,10,NA,NA,NA,0
47,6,10,NA,NA,NA,0
48,6,10,NA,NA,NA,0
49,6,10,NA,NA,NA,0
50,5,11,NA,NA,NA,0
51,5,11,NA,NA,NA,0
52,5,11,NA,NA,NA,0
53,5,11,NA,NA,NA,0
54,5,11,NA,NA,NA,0
55,5,12,NA,NA,NA,0
56,5,12,NA,NA,NA,0
57,5,12,NA,NA,NA,0
58,5,12,NA,NA,NA,0
59,5,12,NA,NA,NA,0
60,4,13,"C",207,3,1
61,4,13,NA,NA,NA,0
62,4,13,NA,NA,NA,0
63,4,13,"H",253,2,0
64,5,14,NA,NA,NA,0
65,5,14,NA,NA,NA,0
66,5,14,NA,NA,NA,0
67,5,14,"C",NA,NA,0
68,5,14,NA,NA,NA,0
69,6,15,NA,NA,NA,0
70,6,15,NA,NA,NA,0
71,6,15,NA,NA,NA,0
72,6,15,NA,NA,NA,0
73,6,15,NA,NA,NA,0
74,6,15,NA,NA,NA,0
75,4,16,NA,NA,NA,0
76,4,16,NA,NA,NA,0
77,4,16,NA,NA,NA,0
78,4,16,NA,NA,NA,0
79,4,17,NA,NA,NA,0
80,4,17,NA,NA,NA,0
81,4,17,NA,NA,NA,0
82,4,17,NA,NA,NA,0
83,3,18,NA,NA,NA,0
84,3,18,NA,NA,NA,0
85,3,18,NA,NA,NA,0
86,4,19,NA,NA,NA,0
87,4,19,NA,NA,NA,0
88,4,19,NA,NA,NA,0
89,4,19,NA,NA,NA,0
90,6,20,NA,NA,NA,0
91,6,20,NA,NA,NA,0
92,6,20,NA,NA,NA,0
93,6,20,NA,NA,NA,0
94,6,20,NA,NA,NA,0
95,6,20,NA,NA,NA,0
96,3,21,NA,NA,NA,0
97,3,21,NA,NA,NA,0
98,3,21,NA,NA,NA,0
99,6,22,NA,NA,NA,0
100,6,22,NA,NA,NA,0
101,6,22,NA,NA,NA,0
102,6,22,NA,NA,NA,0
103,6,22,NA,NA,NA,0
104,6,22,NA,NA,NA,0
105,4,23,NA,NA,NA,0
106,4,23,NA,NA,NA,0
107,4,23,NA,NA,NA,0
108,4,23,NA,NA,NA,0
109,4,24,NA,NA,NA,0
110,4,24,NA,NA,NA,0
111,4,24,NA,NA,NA,0
112,4,24,NA,NA,NA,0
113,4,25,NA,NA,NA,0
114,4,25,NA,NA,NA,0
115,4,25,NA,NA,NA,0
116,4,25,NA,NA,NA,0
117,6,26,NA,NA,NA,0
118,6,26,NA,NA,NA,0
119,6,26,NA,NA,NA,0
120,6,26,NA,NA,NA,0
121,6,26,NA,NA,NA,0
122,6,26,NA,NA,NA,0
123,4,27,NA,NA,NA,0
124,4,27,NA,NA,NA,0
125,4,27,NA,NA,NA,0
126,4,27,NA,NA,NA,0
127,3,28,NA,NA,NA,0
128,3,28,NA,NA,NA,0
129,3,28,NA,NA,NA,0
130,4,29,NA,NA,NA,0
131,4,29,NA,NA,NA,0
132,4,29,NA,NA,NA,0
133,4,29,NA,NA,NA,0
134,4,30,NA,NA,NA,0
135,4,30,NA,NA,NA,0
136,4,30,NA,NA,NA,0
137,4,30,NA,NA,NA,0
138,4,31,NA,NA,NA,0
139,4,31,NA,NA,NA,0
140,4,31,NA,NA,NA,0
141,4,31,NA,NA,NA,0
142,4,32,"H",NA,NA,0
143,4,32,"H",NA,NA,0
144,4,32,"C",353,3,2
145,4,32,NA,NA,NA,0
146,3,33,NA,NA,NA,0
147,3,33,NA,NA,NA,0
148,3,33,NA,NA,NA,0
149,6,34,NA,NA,NA,0
150,6,34,NA,NA,NA,0
151,6,34,NA,NA,NA,0
152,6,34,NA,NA,NA,0
153,6,34,NA,NA,NA,0
154,6,34,NA,NA,NA,0
155,6,35,NA,NA,NA,0
156,6,35,NA,NA,NA,0
157,6,35,NA,NA,NA,0
158,6,35,NA,NA,NA,0
159,6,35,NA,NA,NA,0
160,6,35,NA,NA,NA,0
161,6,36,NA,NA,NA,0
162,6,36,NA,NA,NA,0
163,6,36,NA,NA,NA,0
164,6,36,NA,NA,NA,0
165,6,36,NA,NA,NA,0
166,6,36,NA,NA,NA,0
167,6,37,NA,NA,NA,0
168,6,37,NA,NA,NA,0
169,6,37,NA,NA,NA,0
170,6,37,NA,NA,NA,0
171,6,37,NA,NA,NA,0
172,6,37,NA,NA,NA,0
173,5,38,NA,NA,NA,0
174,5,38,NA,NA,NA,0
175,5,38,NA,NA,NA,0
176,5,38,NA,NA,NA,0
177,5,38,NA,NA,NA,0
178,6,39,NA,NA,NA,0
179,6,39,NA,NA,NA,0
180,6,39,NA,NA,NA,0
181,6,39,NA,NA,NA,0
182,6,39,NA,NA,NA,0
183,6,39,NA,NA,NA,0
184,6,40,NA,NA,NA,0
185,6,40,NA,NA,NA,0
186,6,40,NA,NA,NA,0
187,6,40,NA,NA,NA,0
188,6,40,NA,NA,NA,0
189,6,40,NA,NA,NA,0
190,4,41,NA,NA,NA,0
191,4,41,NA,NA,NA,0
192,4,41,NA,NA,NA,0
193,4,41,NA,NA,NA,0
194,3,42,NA,NA,NA,0
195,3,42,NA,NA,NA,0
196,3,42,NA,NA,NA,0
197,3,43,NA,NA,NA,0
198,3,43,NA,NA,NA,0
199,3,43,NA,NA,NA,0
200,4,44,NA,NA,NA,0
201,4,44,NA,NA,NA,0
202,4,44,NA,NA,NA,0
203,4,44,NA,NA,NA,0
204,3,45,NA,NA,NA,0
205,3,45,NA,NA,NA,0
206,3,45,NA,NA,NA,0
207,5,46,"H",310,2,0
208,5,46,NA,NA,NA,0
209,5,46,NA,NA,NA,0
210,5,46,"H",325,2,0
211,5,46,"C",272,4,2
212,4,47,NA,NA,NA,0
213,4,47,NA,NA,NA,0
214,4,47,NA,NA,NA,0
215,4,47,NA,NA,NA,0
216,5,48,NA,NA,NA,0
217,5,48,"H",134,3,0
218,5,48,"C",116,4,1
219,5,48,NA,NA,NA,0
220,5,48,NA,NA,NA,0
221,4,49,NA,NA,NA,0
222,4,49,NA,NA,NA,0
223,4,49,NA,NA,NA,0
224,4,49,NA,NA,NA,0
225,3,50,NA,NA,NA,0
226,3,50,NA,NA,NA,0
227,3,50,NA,NA,NA,0
228,5,51,NA,NA,NA,0
229,5,51,NA,NA,NA,0
230,5,51,NA,NA,NA,0
231,5,51,NA,NA,NA,0
232,5,51,NA,NA,NA,0
233,5,52,NA,NA,NA,0
234,5,52,NA,NA,NA,0
235,5,52,"C",NA,NA,0
236,5,52,NA,NA,NA,0
237,5,52,NA,NA,NA,0
238,4,53,NA,NA,NA,0
239,4,53,NA,NA,NA,0
240,4,53,NA,NA,NA,0
241,4,53,NA,NA,NA,0
242,5,54,NA,NA,NA,0
243,5,54,NA,NA,NA,0
244,5,54,NA,NA,NA,0
245,5,54,NA,NA,NA,0
246,5,54,NA,NA,NA,0
247,5,55,NA,NA,NA,0
248,5,55,NA,NA,NA,0
249,5,55,NA,NA,NA,0
250,5,55,NA,NA,NA,0
251,5,55,NA,NA,NA,0
252,6,56,NA,NA,NA,0
253,6,56,NA,NA,NA,0
254,6,56,NA,NA,NA,0
255,6,56,NA,NA,NA,0
256,6,56,NA,NA,NA,0
257,6,56,NA,NA,NA,0
258,4,57,NA,NA,NA,0
259,4,57,NA,NA,NA,0
260,4,57,NA,NA,NA,0
261,4,57,NA,NA,NA,0
262,3,58,NA,NA,NA,0
263,3,58,NA,NA,NA,0
264,3,58,NA,NA,NA,0
265,3,59,NA,NA,NA,0
266,3,59,NA,NA,NA,0
267,3,59,NA,NA,NA,0
268,3,60,NA,NA,NA,0
269,3,60,NA,NA,NA,0
270,3,60,NA,NA,NA,0
271,5,61,NA,NA,NA,0
272,5,61,NA,NA,NA,0
273,5,61,NA,NA,NA,0
274,5,61,NA,NA,NA,0
275,5,61,NA,NA,NA,0
276,6,62,NA,NA,NA,0
277,6,62,NA,NA,NA,0
278,6,62,NA,NA,NA,0
279,6,62,NA,NA,NA,0
280,6,62,NA,NA,NA,0
281,6,62,NA,NA,NA,0
282,6,63,NA,NA,NA,0
283,6,63,NA,NA,NA,0
284,6,63,NA,NA,NA,0
285,6,63,NA,NA,NA,0
286,6,63,NA,NA,NA,0
287,6,63,NA,NA,NA,0
288,4,64,NA,NA,NA,0
289,4,64,NA,NA,NA,0
290,4,64,NA,NA,NA,0
291,4,64,NA,NA,NA,0
292,3,65,NA,NA,NA,0
293,3,65,NA,NA,NA,0
294,3,65,NA,NA,NA,0
295,6,66,NA,NA,NA,0
296,6,66,NA,NA,NA,0
297,6,66,NA,NA,NA,0
298,6,66,NA,NA,NA,0
299,6,66,NA,NA,NA,0
300,6,66,NA,NA,NA,0
301,4,67,NA,NA,NA,0
302,4,67,NA,NA,NA,0
303,4,67,NA,NA,NA,0
304,4,67,NA,NA,NA,0
305,6,68,NA,NA,NA,0
306,6,68,NA,NA,NA,0
307,6,68,NA,NA,NA,0
308,6,68,NA,NA,NA,0
309,6,68,NA,NA,NA,0
310,6,68,NA,NA,NA,0
311,4,69,NA,NA,NA,0
312,4,69,NA,NA,NA,0
313,4,69,NA,NA,NA,0
314,4,69,NA,NA,NA,0
315,6,70,NA,NA,NA,0
316,6,70,NA,NA,NA,0
317,6,70,NA,NA,NA,0
318,6,70,NA,NA,NA,0
319,6,70,NA,NA,NA,0
320,6,70,NA,NA,NA,0
321,5,71,NA,NA,NA,0
322,5,71,NA,NA,NA,0
323,5,71,NA,NA,NA,0
324,5,71,NA,NA,NA,0
325,5,71,NA,NA,NA,0
326,4,72,NA,NA,NA,0
327,4,72,NA,NA,NA,0
328,4,72,NA,NA,NA,0
329,4,72,NA,NA,NA,0
330,4,73,NA,NA,NA,0
331,4,73,NA,NA,NA,0
332,4,73,NA,NA,NA,0
333,4,73,NA,NA,NA,0
334,6,74,NA,NA,NA,0
335,6,74,NA,NA,NA,0
336,6,74,NA,NA,NA,0
337,6,74,NA,NA,NA,0
338,6,74,NA,NA,NA,0
339,6,74,NA,NA,NA,0
340,4,75,NA,NA,NA,0
341,4,75,NA,NA,NA,0
342,4,75,NA,NA,NA,0
343,4,75,NA,NA,NA,0
344,6,76,"H",181,3,2
345,6,76,"C",119,5,1
346,6,76,"H",197,1,0
347,6,76,"H",220,1,0
348,6,76,NA,NA,NA,0
349,6,76,"H",146,4,1
350,3,77,NA,NA,NA,0
351,3,77,NA,NA,NA,0
352,3,77,NA,NA,NA,0
353,6,78,"H",243,1,0
354,6,78,"C",180,5,1
355,6,78,NA,NA,NA,0
356,6,78,"H",217,2,1
357,6,78,"H",247,1,0
358,6,78,"H",205,4,2
359,6,79,NA,NA,NA,0
360,6,79,NA,NA,NA,0
361,6,79,"C",160,5,1
362,6,79,NA,NA,NA,0
363,6,79,NA,NA,NA,0
364,6,79,"H",178,4,0
365,3,80,"H",NA,NA,0
366,3,80,"C",299,2,1
367,3,80,"H",344,1,1
368,5,81,NA,NA,NA,0
369,5,81,NA,NA,NA,0
370,5,81,NA,NA,NA,0
371,5,81,NA,NA,NA,0
372,5,81,NA,NA,NA,0
373,6,82,NA,NA,NA,0
374,6,82,NA,NA,NA,0
375,6,82,NA,NA,NA,0
376,6,82,NA,NA,NA,0
377,6,82,NA,NA,NA,0
378,6,82,NA,NA,NA,0
379,5,83,NA,NA,NA,0
380,5,83,NA,NA,NA,0
381,5,83,NA,NA,NA,0
382,5,83,NA,NA,NA,0
383,5,83,NA,NA,NA,0
384,4,84,NA,NA,NA,0
385,4,84,NA,NA,NA,0
386,4,84,NA,NA,NA,0
387,4,84,NA,NA,NA,0
388,6,85,NA,NA,NA,0
389,6,85,NA,NA,NA,0
390,6,85,NA,NA,NA,0
391,6,85,NA,NA,NA,0
392,6,85,NA,NA,NA,0
393,6,85,NA,NA,NA,0
394,4,86,NA,NA,NA,0
395,4,86,NA,NA,NA,0
396,4,86,NA,NA,NA,0
397,4,86,NA,NA,NA,0
398,6,87,NA,NA,NA,0
399,6,87,NA,NA,NA,0
400,6,87,NA,NA,NA,0
401,6,87,NA,NA,NA,0
402,6,87,NA,NA,NA,0
403,6,87,NA,NA,NA,0
404,4,88,NA,NA,NA,0
405,4,88,NA,NA,NA,0
406,4,88,NA,NA,NA,0
407,4,88,NA,NA,NA,0
408,3,89,NA,NA,NA,0
409,3,89,NA,NA,NA,0
410,3,89,NA,NA,NA,0
411,5,90,NA,NA,NA,0
412,5,90,"C",331,4,0
413,5,90,NA,NA,NA,0
414,5,90,NA,NA,NA,0
415,5,90,NA,NA,NA,0
416,3,91,NA,NA,NA,0
417,3,91,NA,NA,NA,0
418,3,91,NA,NA,NA,0
419,6,92,NA,NA,NA,0
420,6,92,NA,NA,NA,0
421,6,92,NA,NA,NA,0
422,6,92,NA,NA,NA,0
423,6,92,NA,NA,NA,0
424,6,92,NA,NA,NA,0
425,5,93,NA,NA,NA,0
426,5,93,NA,NA,NA,0
427,5,93,NA,NA,NA,0
428,5,93,NA,NA,NA,0
429,5,93,NA,NA,NA,0
430,5,94,NA,NA,NA,0
431,5,94,NA,NA,NA,0
432,5,94,NA,NA,NA,0
433,5,94,NA,NA,NA,0
434,5,94,NA,NA,NA,0
435,6,95,"C",306,5,3
436,6,95,"H",355,1,1
437,6,95,"H",361,1,0
438,6,95,"H",325,2,1
439,6,95,"H",352,1,0
440,6,95,"H",NA,NA,0
441,3,96,NA,NA,NA,0
442,3,96,NA,NA,NA,0
443,3,96,NA,NA,NA,0
444,5,97,NA,NA,NA,0
445,5,97,NA,NA,NA,0
446,5,97,"C",261,4,0
447,5,97,NA,NA,NA,0
448,5,97,NA,NA,NA,0
449,6,98,"H",258,2,1
450,6,98,"H",300,1,0
451,6,98,"H",268,1,0
452,6,98,"H",253,2,0
453,6,98,"C",221,5,3
454,6,98,NA,NA,NA,0
455,5,99,NA,NA,NA,0
456,5,99,NA,NA,NA,0
457,5,99,NA,NA,NA,0
458,5,99,NA,NA,NA,0
459,5,99,NA,NA,NA,0
460,6,100,NA,NA,NA,0
461,6,100,NA,NA,NA,0
462,6,100,NA,NA,NA,0
463,6,100,NA,NA,NA,0
464,6,100,NA,NA,NA,0
465,6,100,NA,NA,NA,0
466,6,101,NA,NA,NA,0
467,6,101,NA,NA,NA,0
468,6,101,NA,NA,NA,0
469,6,101,NA,NA,NA,0
470,6,101,NA,NA,NA,0
471,6,101,NA,NA,NA,0
472,4,102,NA,NA,NA,0
473,4,102,NA,NA,NA,0
474,4,102,NA,NA,NA,0
475,4,102,NA,NA,NA,0
476,4,103,NA,NA,NA,0
477,4,103,NA,NA,NA,0
478,4,103,NA,NA,NA,0
479,4,103,NA,NA,NA,0
480,6,104,NA,NA,NA,0
481,6,104,NA,NA,NA,0
482,6,104,NA,NA,NA,0
483,6,104,"C",323,5,0
484,6,104,NA,NA,NA,0
485,6,104,NA,NA,NA,0
486,4,105,NA,NA,NA,0
487,4,105,NA,NA,NA,0
488,4,105,NA,NA,NA,0
489,4,105,NA,NA,NA,0
490,5,106,NA,NA,NA,0
491,5,106,NA,NA,NA,0
492,5,106,NA,NA,NA,0
493,5,106,NA,NA,NA,0
494,5,106,NA,NA,NA,0
495,3,107,NA,NA,NA,0
496,3,107,NA,NA,NA,0
497,3,107,NA,NA,NA,0
498,3,108,NA,NA,NA,0
499,3,108,NA,NA,NA,0
500,3,108,NA,NA,NA,0
501,6,109,NA,NA,NA,0
502,6,109,NA,NA,NA,0
503,6,109,NA,NA,NA,0
504,6,109,NA,NA,NA,0
505,6,109,NA,NA,NA,0
506,6,109,NA,NA,NA,0
507,4,110,NA,NA,NA,0
508,4,110,NA,NA,NA,0
509,4,110,NA,NA,NA,0
510,4,110,NA,NA,NA,0
511,5,111,"H",352,3,2
512,5,111,"C",331,4,1
513,5,111,NA,NA,NA,0
514,5,111,"H",NA,NA,0
515,5,111,"H",NA,NA,0
516,5,112,NA,NA,NA,0
517,5,112,NA,NA,NA,0
518,5,112,NA,NA,NA,0
519,5,112,NA,NA,NA,0
520,5,112,NA,NA,NA,0
521,3,113,NA,NA,NA,0
522,3,113,NA,NA,NA,0
523,3,113,NA,NA,NA,0
524,3,114,NA,NA,NA,0
525,3,114,NA,NA,NA,0
526,3,114,NA,NA,NA,0
527,4,115,NA,NA,NA,0
528,4,115,NA,NA,NA,0
529,4,115,NA,NA,NA,0
530,4,115,NA,NA,NA,0
531,4,116,NA,NA,NA,0
532,4,116,NA,NA,NA,0
533,4,116,NA,NA,NA,0
534,4,116,NA,NA,NA,0
535,5,117,NA,NA,NA,0
536,5,117,NA,NA,NA,0
537,5,117,NA,NA,NA,0
538,5,117,NA,NA,NA,0
539,5,117,NA,NA,NA,0
540,4,118,NA,NA,NA,0
541,4,118,NA,NA,NA,0
542,4,118,NA,NA,NA,0
543,4,118,NA,NA,NA,0
544,5,119,NA,NA,NA,0
545,5,119,NA,NA,NA,0
546,5,119,NA,NA,NA,0
547,5,119,NA,NA,NA,0
548,5,119,NA,NA,NA,0
549,4,120,NA,NA,NA,0
550,4,120,NA,NA,NA,0
551,4,120,NA,NA,NA,0
552,4,120,NA,NA,NA,0
553,4,121,NA,NA,NA,0
554,4,121,NA,NA,NA,0
555,4,121,NA,NA,NA,0
556,4,121,NA,NA,NA,0
557,4,122,NA,NA,NA,0
558,4,122,NA,NA,NA,0
559,4,122,NA,NA,NA,0
560,4,122,NA,NA,NA,0
561,4,123,NA,NA,NA,0
562,4,123,NA,NA,NA,0
563,4,123,NA,NA,NA,0
564,4,123,NA,NA,NA,0
565,3,124,NA,NA,NA,0
566,3,124,"C",320,2,0
567,3,124,NA,NA,NA,0
568,6,125,NA,NA,NA,0
569,6,125,NA,NA,NA,0
570,6,125,NA,NA,NA,0
571,6,125,"H",NA,NA,0
572,6,125,"C",348,5,2
573,6,125,"H",NA,NA,0
574,3,126,NA,NA,NA,0
575,3,126,NA,NA,NA,0
576,3,126,NA,NA,NA,0
577,3,127,NA,NA,NA,0
578,3,127,NA,NA,NA,0
579,3,127,NA,NA,NA,0
580,4,128,NA,NA,NA,0
581,4,128,NA,NA,NA,0
582,4,128,NA,NA,NA,0
583,4,128,NA,NA,NA,0
584,4,129,NA,NA,NA,0
585,4,129,NA,NA,NA,0
586,4,129,NA,NA,NA,0
587,4,129,NA,NA,NA,0
588,3,130,NA,NA,NA,0
589,3,130,"C",NA,NA,0
590,3,130,NA,NA,NA,0
591,4,131,NA,NA,NA,0
592,4,131,NA,NA,NA,0
593,4,131,NA,NA,NA,0
594,4,131,NA,NA,NA,0
595,4,132,"H",NA,NA,0
596,4,132,NA,NA,NA,0
597,4,132,"C",325,3,2
598,4,132,"H",356,1,0
599,4,133,NA,NA,NA,0
600,4,133,NA,NA,NA,0
601,4,133,NA,NA,NA,0
602,4,133,NA,NA,NA,0
603,6,134,NA,NA,NA,0
604,6,134,NA,NA,NA,0
605,6,134,NA,NA,NA,0
606,6,134,NA,NA,NA,0
607,6,134,NA,NA,NA,0
608,6,134,NA,NA,NA,0
609,5,135,NA,NA,NA,0
610,5,135,NA,NA,NA,0
611,5,135,NA,NA,NA,0
612,5,135,NA,NA,NA,0
613,5,135,NA,NA,NA,0
614,6,136,NA,NA,NA,0
615,6,136,NA,NA,NA,0
616,6,136,NA,NA,NA,0
617,6,136,NA,NA,NA,0
618,6,136,NA,NA,NA,0
619,6,136,NA,NA,NA,0
620,5,137,NA,NA,NA,0
621,5,137,NA,NA,NA,0
622,5,137,NA,NA,NA,0
623,5,137,NA,NA,NA,0
624,5,137,NA,NA,NA,0
625,6,138,NA,NA,NA,0
626,6,138,NA,NA,NA,0
627,6,138,NA,NA,NA,0
628,6,138,NA,NA,NA,0
629,6,138,NA,NA,NA,0
630,6,138,NA,NA,NA,0
631,6,139,NA,NA,NA,0
632,6,139,NA,NA,NA,0
633,6,139,NA,NA,NA,0
634,6,139,NA,NA,NA,0
635,6,139,NA,NA,NA,0
636,6,139,NA,NA,NA,0
637,6,140,NA,NA,NA,0
638,6,140,NA,NA,NA,0
639,6,140,NA,NA,NA,0
640,6,140,NA,NA,NA,0
641,6,140,NA,NA,NA,0
642,6,140,NA,NA,NA,0
643,6,141,NA,NA,NA,0
644,6,141,NA,NA,NA,0
645,6,141,NA,NA,NA,0
646,6,141,NA,NA,NA,0
647,6,141,NA,NA,NA,0
648,6,141,NA,NA,NA,0
649,4,142,NA,NA,NA,0
650,4,142,NA,NA,NA,0
651,4,142,NA,NA,NA,0
652,4,142,NA,NA,NA,0
653,5,143,NA,NA,NA,0
654,5,143,NA,NA,NA,0
655,5,143,NA,NA,NA,0
656,5,143,NA,NA,NA,0
657,5,143,NA,NA,NA,0
658,5,144,NA,NA,NA,0
659,5,144,NA,NA,NA,0
660,5,144,NA,NA,NA,0
661,5,144,NA,NA,NA,0
662,5,144,NA,NA,NA,0
663,6,145,NA,NA,NA,0
664,6,145,NA,NA,NA,0
665,6,145,NA,NA,NA,0
666,6,145,NA,NA,NA,0
667,6,145,NA,NA,NA,0
668,6,145,NA,NA,NA,0
669,3,146,"C",351,2,0
670,3,146,NA,NA,NA,0
671,3,146,NA,NA,NA,0
672,6,147,NA,NA,NA,0
673,6,147,NA,NA,NA,0
674,6,147,NA,NA,NA,0
675,6,147,NA,NA,NA,0
676,6,147,NA,NA,NA,0
677,6,147,NA,NA,NA,0
678,5,148,NA,NA,NA,0
679,5,148,NA,NA,NA,0
680,5,148,NA,NA,NA,0
681,5,148,NA,NA,NA,0
682,5,148,NA,NA,NA,0
683,4,149,NA,NA,NA,0
684,4,149,NA,NA,NA,0
685,4,149,NA,NA,NA,0
686,4,149,NA,NA,NA,0
687,3,150,NA,NA,NA,0
688,3,150,NA,NA,NA,0
689,3,150,NA,NA,NA,0
690,6,151,NA,NA,NA,0
691,6,151,NA,NA,NA,0
692,6,151,NA,NA,NA,0
693,6,151,NA,NA,NA,0
694,6,151,NA,NA,NA,0
695,6,151,NA,NA,NA,0
696,6,152,NA,NA,NA,0
697,6,152,NA,NA,NA,0
698,6,152,NA,NA,NA,0
699,6,152,NA,NA,NA,0
700,6,152,NA,NA,NA,0
701,6,152,NA,NA,NA,0
702,6,153,NA,NA,NA,0
703,6,153,NA,NA,NA,0
704,6,153,NA,NA,NA,0
705,6,153,NA,NA,NA,0
706,6,153,NA,NA,NA,0
707,6,153,NA,NA,NA,0
708,4,154,NA,NA,NA,0
709,4,154,NA,NA,NA,0
710,4,154,NA,NA,NA,0
711,4,154,NA,NA,NA,0
712,3,155,NA,NA,NA,0
713,3,155,NA,NA,NA,0
714,3,155,NA,NA,NA,0
715,5,156,NA,NA,NA,0
716,5,156,NA,NA,NA,0
717,5,156,NA,NA,NA,0
718,5,156,NA,NA,NA,0
719,5,156,NA,NA,NA,0
720,3,157,NA,NA,NA,0
721,3,157,NA,NA,NA,0
722,3,157,NA,NA,NA,0
723,3,158,NA,NA,NA,0
724,3,158,NA,NA,NA,0
725,3,158,NA,NA,NA,0
726,3,159,"C",140,2,0
727,3,159,NA,NA,NA,0
728,3,159,NA,NA,NA,0
729,4,160,NA,NA,NA,0
730,4,160,NA,NA,NA,0
731,4,160,NA,NA,NA,0
732,4,160,NA,NA,NA,0
733,3,161,NA,NA,NA,0
734,3,161,NA,NA,NA,0
735,3,161,NA,NA,NA,0
736,5,162,NA,NA,NA,0
737,5,162,NA,NA,NA,0
738,5,162,NA,NA,NA,0
739,5,162,NA,NA,NA,0
740,5,162,NA,NA,NA,0
741,5,163,NA,NA,NA,0
742,5,163,NA,NA,NA,0
743,5,163,NA,NA,NA,0
744,5,163,NA,NA,NA,0
745,5,163,NA,NA,NA,0
746,5,164,NA,NA,NA,0
747,5,164,NA,NA,NA,0
748,5,164,NA,NA,NA,0
749,5,164,NA,NA,NA,0
750,5,164,NA,NA,NA,0
751,5,165,NA,NA,NA,0
752,5,165,NA,NA,NA,0
753,5,165,NA,NA,NA,0
754,5,165,NA,NA,NA,0
755,5,165,NA,NA,NA,0
756,3,166,NA,NA,NA,0
757,3,166,NA,NA,NA,0
758,3,166,NA,NA,NA,0
759,5,167,NA,NA,NA,0
760,5,167,NA,NA,NA,0
761,5,167,NA,NA,NA,0
762,5,167,NA,NA,NA,0
763,5,167,NA,NA,NA,0
764,6,168,NA,NA,NA,0
765,6,168,NA,NA,NA,0
766,6,168,NA,NA,NA,0
767,6,168,NA,NA,NA,0
768,6,168,NA,NA,NA,0
769,6,168,NA,NA,NA,0
770,5,169,NA,NA,NA,0
771,5,169,NA,NA,NA,0
772,5,169,NA,NA,NA,0
773,5,169,NA,NA,NA,0
774,5,169,NA,NA,NA,0
775,3,170,NA,NA,NA,0
776,3,170,NA,NA,NA,0
777,3,170,NA,NA,NA,0
778,6,171,NA,NA,NA,0
779,6,171,NA,NA,NA,0
780,6,171,NA,NA,NA,0
781,6,171,NA,NA,NA,0
782,6,171,NA,NA,NA,0
783,6,171,NA,NA,NA,0
784,3,172,NA,NA,NA,0
785,3,172,NA,NA,NA,0
786,3,172,NA,NA,NA,0
787,5,173,NA,NA,NA,0
788,5,173,"C",235,4,2
789,5,173,"H",283,1,0
790,5,173,"H",304,1,0
791,5,173,"H",268,2,1
792,5,174,NA,NA,NA,0
793,5,174,NA,NA,NA,0
794,5,174,NA,NA,NA,0
795,5,174,NA,NA,NA,0
796,5,174,NA,NA,NA,0
797,3,175,NA,NA,NA,0
798,3,175,NA,NA,NA,0
799,3,175,NA,NA,NA,0
800,3,176,NA,NA,NA,0
801,3,176,NA,NA,NA,0
802,3,176,NA,NA,NA,0
803,4,177,NA,NA,NA,0
804,4,177,NA,NA,NA,0
805,4,177,NA,NA,NA,0
806,4,177,NA,NA,NA,0
807,3,178,NA,NA,NA,0
808,3,178,NA,NA,NA,0
809,3,178,NA,NA,NA,0
810,4,179,NA,NA,NA,0
811,4,179,NA,NA,NA,0
812,4,179,NA,NA,NA,0
813,4,179,NA,NA,NA,0
814,4,180,NA,NA,NA,0
815,4,180,NA,NA,NA,0
816,4,180,NA,NA,NA,0
817,4,180,NA,NA,NA,0
818,4,181,NA,NA,NA,0
819,4,181,NA,NA,NA,0
820,4,181,NA,NA,NA,0
821,4,181,NA,NA,NA,0
822,6,182,NA,NA,NA,0
823,6,182,NA,NA,NA,0
824,6,182,NA,NA,NA,0
825,6,182,NA,NA,NA,0
826,6,182,NA,NA,NA,0
827,6,182,NA,NA,NA,0
828,3,183,NA,NA,NA,0
829,3,183,NA,NA,NA,0
830,3,183,NA,NA,NA,0
831,3,184,NA,NA,NA,0
832,3,184,NA,NA,NA,0
833,3,184,NA,NA,NA,0
834,3,185,NA,NA,NA,0
835,3,185,NA,NA,NA,0
836,3,185,NA,NA,NA,0
837,4,186,NA,NA,NA,0
838,4,186,NA,NA,NA,0
839,4,186,NA,NA,NA,0
840,4,186,NA,NA,NA,0
841,5,187,NA,NA,NA,0
842,5,187,NA,NA,NA,0
843,5,187,NA,NA,NA,0
844,5,187,NA,NA,NA,0
845,5,187,NA,NA,NA,0
846,3,188,NA,NA,NA,0
847,3,188,NA,NA,NA,0
848,3,188,NA,NA,NA,0
849,6,189,NA,NA,NA,0
850,6,189,NA,NA,NA,0
851,6,189,NA,NA,NA,0
852,6,189,NA,NA,NA,0
853,6,189,NA,NA,NA,0
854,6,189,NA,NA,NA,0
855,5,190,"C",226,4,1
856,5,190,NA,NA,NA,0
857,5,190,NA,NA,NA,0
858,5,190,NA,NA,NA,0
859,5,190,"H",259,3,0
860,4,191,NA,NA,NA,0
861,4,191,NA,NA,NA,0
862,4,191,NA,NA,NA,0
863,4,191,NA,NA,NA,0
864,6,192,NA,NA,NA,0
865,6,192,NA,NA,NA,0
866,6,192,NA,NA,NA,0
867,6,192,NA,NA,NA,0
868,6,192,NA,NA,NA,0
869,6,192,NA,NA,NA,0
870,3,193,NA,NA,NA,0
871,3,193,NA,NA,NA,0
872,3,193,NA,NA,NA,0
873,4,194,NA,NA,NA,0
874,4,194,NA,NA,NA,0
875,4,194,NA,NA,NA,0
876,4,194,NA,NA,NA,0
877,5,195,NA,NA,NA,0
878,5,195,NA,NA,NA,0
879,5,195,NA,NA,NA,0
880,5,195,NA,NA,NA,0
881,5,195,"C",NA,NA,0
882,4,196,NA,NA,NA,0
883,4,196,NA,NA,NA,0
884,4,196,NA,NA,NA,0
885,4,196,NA,NA,NA,0
886,4,197,NA,NA,NA,0
887,4,197,NA,NA,NA,0
888,4,197,NA,NA,NA,0
889,4,197,NA,NA,NA,0
890,4,198,NA,NA,NA,0
891,4,198,NA,NA,NA,0
892,4,198,"C",NA,NA,0
893,4,198,NA,NA,NA,0
894,3,199,NA,NA,NA,0
895,3,199,NA,NA,NA,0
896,3,199,NA,NA,NA,0
897,5,200,NA,NA,NA,0
898,5,200,NA,NA,NA,0
899,5,200,NA,NA,NA,0
900,5,200,NA,NA,NA,0
901,5,200,NA,NA,NA,0
902,5,201,NA,NA,NA,0
903,5,201,NA,NA,NA,0
904,5,201,NA,NA,NA,0
905,5,201,NA,NA,NA,0
906,5,201,NA,NA,NA,0
907,5,202,NA,NA,NA,0
908,5,202,NA,NA,NA,0
909,5,202,NA,NA,NA,0
910,5,202,NA,NA,NA,0
911,5,202,NA,NA,NA,0
912,3,203,NA,NA,NA,0
913,3,203,NA,NA,NA,0
914,3,203,NA,NA,NA,0
915,4,204,NA,NA,NA,0
916,4,204,NA,NA,NA,0
917,4,204,NA,NA,NA,0
918,4,204,NA,NA,NA,0
919,3,205,NA,NA,NA,0
920,3,205,NA,NA,NA,0
921,3,205,NA,NA,NA,0
922,6,206,NA,NA,NA,0
923,6,206,NA,NA,NA,0
924,6,206,NA,NA,NA,0
925,6,206,NA,NA,NA,0
926,6,206,NA,NA,NA,0
927,6,206,NA,NA,NA,0
928,6,207,NA,NA,NA,0
929,6,207,NA,NA,NA,0
930,6,207,NA,NA,NA,0
931,6,207,NA,NA,NA,0
932,6,207,NA,NA,NA,0
933,6,207,NA,NA,NA,0
934,4,208,NA,NA,NA,0
935,4,208,NA,NA,NA,0
936,4,208,NA,NA,NA,0
937,4,208,NA,NA,NA,0
938,5,209,NA,NA,NA,0
939,5,209,"C",NA,NA,0
940,5,209,NA,NA,NA,0
941,5,209,NA,NA,NA,0
942,5,209,NA,NA,NA,0
943,3,210,NA,NA,NA,0
944,3,210,NA,NA,NA,0
945,3,210,NA,NA,NA,0
946,4,211,NA,NA,NA,0
947,4,211,NA,NA,NA,0
948,4,211,NA,NA,NA,0
949,4,211,NA,NA,NA,0
950,6,212,NA,NA,NA,0
951,6,212,NA,NA,NA,0
952,6,212,NA,NA,NA,0
953,6,212,NA,NA,NA,0
954,6,212,NA,NA,NA,0
955,6,212,NA,NA,NA,0
956,6,213,NA,NA,NA,0
957,6,213,NA,NA,NA,0
958,6,213,NA,NA,NA,0
959,6,213,NA,NA,NA,0
960,6,213,NA,NA,NA,0
961,6,213,NA,NA,NA,0
962,5,214,NA,NA,NA,0
963,5,214,NA,NA,NA,0
964,5,214,NA,NA,NA,0
965,5,214,NA,NA,NA,0
966,5,214,NA,NA,NA,0
967,3,215,NA,NA,NA,0
968,3,215,NA,NA,NA,0
969,3,215,NA,NA,NA,0
970,4,216,NA,NA,NA,0
971,4,216,NA,NA,NA,0
972,4,216,NA,NA,NA,0
973,4,216,NA,NA,NA,0
974,3,217,"C",93,2,0
975,3,217,NA,NA,NA,0
976,3,217,NA,NA,NA,0
977,4,218,NA,NA,NA,0
978,4,218,NA,NA,NA,0
979,4,218,NA,NA,NA,0
980,4,218,NA,NA,NA,0
981,3,219,NA,NA,NA,0
982,3,219,NA,NA,NA,0
983,3,219,NA,NA,NA,0
984,6,220,NA,NA,NA,0
985,6,220,NA,NA,NA,0
986,6,220,NA,NA,NA,0
987,6,220,NA,NA,NA,0
988,6,220,NA,NA,NA,0
989,6,220,NA,NA,NA,0
990,6,221,"C",365,5,1
991,6,221,"H",NA,NA,0
992,6,221,NA,NA,NA,0
993,6,221,NA,NA,NA,0
994,6,221,NA,NA,NA,0
995,6,221,NA,NA,NA,0
996,5,222,NA,NA,NA,0
997,5,222,NA,NA,NA,0
998,5,222,NA,NA,NA,0
999,5,222,NA,NA,NA,0
1000,5,222,NA,NA,NA,0
