"ID","SIZE","HH","TYPE","TIME","S_NUM","I_NUM"
1,4,1,"0",25,3,1
2,4,1,"H",63,2,1
3,4,1,NA,NA,NA,0
4,4,1,"H",124,1,0
5,6,2,NA,NA,NA,0
6,6,2,NA,NA,NA,0
7,6,2,NA,NA,NA,0
8,6,2,NA,NA,NA,0
9,6,2,NA,NA,NA,0
10,6,2,NA,NA,NA,0
11,4,3,NA,NA,NA,0
12,4,3,NA,NA,NA,0
13,4,3,NA,NA,NA,0
14,4,3,NA,NA,NA,0
15,4,4,NA,NA,NA,0
16,4,4,NA,NA,NA,0
17,4,4,NA,NA,NA,0
18,4,4,NA,NA,NA,0
19,6,5,NA,NA,NA,0
20,6,5,NA,NA,NA,0
21,6,5,NA,NA,NA,0
22,6,5,NA,NA,NA,0
23,6,5,NA,NA,NA,0
24,6,5,NA,NA,NA,0
25,4,6,NA,NA,NA,0
26,4,6,NA,NA,NA,0
27,4,6,NA,NA,NA,0
28,4,6,NA,NA,NA,0
29,3,7,NA,NA,NA,0
30,3,7,NA,NA,NA,0
31,3,7,NA,NA,NA,0
32,3,8,NA,NA,NA,0
33,3,8,NA,NA,NA,0
34,3,8,NA,NA,NA,0
35,5,9,NA,NA,NA,0
36,5,9,NA,NA,NA,0
37,5,9,NA,NA,NA,0
38,5,9,NA,NA,NA,0
39,5,9,NA,NA,NA,0
40,6,10,NA,NA,NA,0
41,6,10,NA,NA,NA,0
42,6,10,NA,NA,NA,0
43,6,10,NA,NA,NA,0
44,6,10,NA,NA,NA,0
45,6,10,NA,NA,NA,0
46,5,11,NA,NA,NA,0
47,5,11,NA,NA,NA,0
48,5,11,NA,NA,NA,0
49,5,11,NA,NA,NA,0
50,5,11,NA,NA,NA,0
51,4,12,NA,NA,NA,0
52,4,12,NA,NA,NA,0
53,4,12,NA,NA,NA,0
54,4,12,NA,NA,NA,0
55,3,13,NA,NA,NA,0
56,3,13,NA,NA,NA,0
57,3,13,NA,NA,NA,0
58,5,14,NA,NA,NA,0
59,5,14,NA,NA,NA,0
60,5,14,NA,NA,NA,0
61,5,14,NA,NA,NA,0
62,5,14,NA,NA,NA,0
63,4,15,NA,NA,NA,0
64,4,15,NA,NA,NA,0
65,4,15,NA,NA,NA,0
66,4,15,NA,NA,NA,0
67,4,16,NA,NA,NA,0
68,4,16,NA,NA,NA,0
69,4,16,NA,NA,NA,0
70,4,16,NA,NA,NA,0
71,3,17,NA,NA,NA,0
72,3,17,NA,NA,NA,0
73,3,17,NA,NA,NA,0
74,3,18,NA,NA,NA,0
75,3,18,NA,NA,NA,0
76,3,18,NA,NA,NA,0
77,4,19,NA,NA,NA,0
78,4,19,"C",147,3,0
79,4,19,NA,NA,NA,0
80,4,19,NA,NA,NA,0
81,6,20,NA,NA,NA,0
82,6,20,NA,NA,NA,0
83,6,20,NA,NA,NA,0
84,6,20,NA,NA,NA,0
85,6,20,NA,NA,NA,0
86,6,20,NA,NA,NA,0
87,6,21,NA,NA,NA,0
88,6,21,NA,NA,NA,0
89,6,21,NA,NA,NA,0
90,6,21,NA,NA,NA,0
91,6,21,NA,NA,NA,0
92,6,21,NA,NA,NA,0
93,5,22,NA,NA,NA,0
94,5,22,NA,NA,NA,0
95,5,22,NA,NA,NA,0
96,5,22,NA,NA,NA,0
97,5,22,NA,NA,NA,0
98,5,23,NA,NA,NA,0
99,5,23,NA,NA,NA,0
100,5,23,NA,NA,NA,0
101,5,23,"C",336,4,1
102,5,23,"H",NA,NA,0
103,3,24,NA,NA,NA,0
104,3,24,NA,NA,NA,0
105,3,24,NA,NA,NA,0
106,3,25,NA,NA,NA,0
107,3,25,NA,NA,NA,0
108,3,25,NA,NA,NA,0
109,6,26,NA,NA,NA,0
110,6,26,NA,NA,NA,0
111,6,26,NA,NA,NA,0
112,6,26,NA,NA,NA,0
113,6,26,NA,NA,NA,0
114,6,26,NA,NA,NA,0
115,6,27,NA,NA,NA,0
116,6,27,NA,NA,NA,0
117,6,27,NA,NA,NA,0
118,6,27,NA,NA,NA,0
119,6,27,NA,NA,NA,0
120,6,27,NA,NA,NA,0
121,3,28,NA,NA,NA,0
122,3,28,NA,NA,NA,0
123,3,28,NA,NA,NA,0
124,6,29,NA,NA,NA,0
125,6,29,NA,NA,NA,0
126,6,29,"C",127,5,0
127,6,29,NA,NA,NA,0
128,6,29,NA,NA,NA,0
129,6,29,NA,NA,NA,0
130,3,30,NA,NA,NA,0
131,3,30,NA,NA,NA,0
132,3,30,NA,NA,NA,0
133,6,31,NA,NA,NA,0
134,6,31,NA,NA,NA,0
135,6,31,NA,NA,NA,0
136,6,31,NA,NA,NA,0
137,6,31,NA,NA,NA,0
138,6,31,NA,NA,NA,0
139,3,32,NA,NA,NA,0
140,3,32,NA,NA,NA,0
141,3,32,NA,NA,NA,0
142,6,33,NA,NA,NA,0
143,6,33,NA,NA,NA,0
144,6,33,NA,NA,NA,0
145,6,33,NA,NA,NA,0
146,6,33,NA,NA,NA,0
147,6,33,NA,NA,NA,0
148,5,34,NA,NA,NA,0
149,5,34,NA,NA,NA,0
150,5,34,NA,NA,NA,0
151,5,34,NA,NA,NA,0
152,5,34,NA,NA,NA,0
153,5,35,NA,NA,NA,0
154,5,35,NA,NA,NA,0
155,5,35,NA,NA,NA,0
156,5,35,NA,NA,NA,0
157,5,35,NA,NA,NA,0
158,3,36,NA,NA,NA,0
159,3,36,NA,NA,NA,0
160,3,36,NA,NA,NA,0
161,5,37,NA,NA,NA,0
162,5,37,NA,NA,NA,0
163,5,37,NA,NA,NA,0
164,5,37,NA,NA,NA,0
165,5,37,NA,NA,NA,0
166,5,38,NA,NA,NA,0
167,5,38,NA,NA,NA,0
168,5,38,NA,NA,NA,0
169,5,38,NA,NA,NA,0
170,5,38,NA,NA,NA,0
171,4,39,NA,NA,NA,0
172,4,39,NA,NA,NA,0
173,4,39,NA,NA,NA,0
174,4,39,NA,NA,NA,0
175,3,40,NA,NA,NA,0
176,3,40,NA,NA,NA,0
177,3,40,NA,NA,NA,0
178,4,41,NA,NA,NA,0
179,4,41,NA,NA,NA,0
180,4,41,NA,NA,NA,0
181,4,41,NA,NA,NA,0
182,3,42,NA,NA,NA,0
183,3,42,NA,NA,NA,0
184,3,42,NA,NA,NA,0
185,5,43,NA,NA,NA,0
186,5,43,NA,NA,NA,0
187,5,43,NA,NA,NA,0
188,5,43,NA,NA,NA,0
189,5,43,NA,NA,NA,0
190,5,44,NA,NA,NA,0
191,5,44,NA,NA,NA,0
192,5,44,NA,NA,NA,0
193,5,44,NA,NA,NA,0
194,5,44,NA,NA,NA,0
195,3,45,NA,NA,NA,0
196,3,45,NA,NA,NA,0
197,3,45,NA,NA,NA,0
198,3,46,NA,NA,NA,0
199,3,46,NA,NA,NA,0
200,3,46,NA,NA,NA,0
201,3,47,NA,NA,NA,0
202,3,47,NA,NA,NA,0
203,3,47,NA,NA,NA,0
204,6,48,NA,NA,NA,0
205,6,48,NA,NA,NA,0
206,6,48,NA,NA,NA,0
207,6,48,NA,NA,NA,0
208,6,48,NA,NA,NA,0
209,6,48,NA,NA,NA,0
210,3,49,NA,NA,NA,0
211,3,49,NA,NA,NA,0
212,3,49,NA,NA,NA,0
213,4,50,"H",329,1,0
214,4,50,"H",333,1,0
215,4,50,NA,NA,NA,0
216,4,50,"C",309,3,2
217,6,51,NA,NA,NA,0
218,6,51,NA,NA,NA,0
219,6,51,NA,NA,NA,0
220,6,51,NA,NA,NA,0
221,6,51,NA,NA,NA,0
222,6,51,NA,NA,NA,0
223,4,52,NA,NA,NA,0
224,4,52,NA,NA,NA,0
225,4,52,NA,NA,NA,0
226,4,52,NA,NA,NA,0
227,4,53,NA,NA,NA,0
228,4,53,NA,NA,NA,0
229,4,53,NA,NA,NA,0
230,4,53,NA,NA,NA,0
231,6,54,NA,NA,NA,0
232,6,54,NA,NA,NA,0
233,6,54,NA,NA,NA,0
234,6,54,NA,NA,NA,0
235,6,54,NA,NA,NA,0
236,6,54,NA,NA,NA,0
237,5,55,NA,NA,NA,0
238,5,55,NA,NA,NA,0
239,5,55,NA,NA,NA,0
240,5,55,NA,NA,NA,0
241,5,55,NA,NA,NA,0
242,6,56,NA,NA,NA,0
243,6,56,NA,NA,NA,0
244,6,56,NA,NA,NA,0
245,6,56,NA,NA,NA,0
246,6,56,NA,NA,NA,0
247,6,56,NA,NA,NA,0
248,4,57,NA,NA,NA,0
249,4,57,NA,NA,NA,0
250,4,57,NA,NA,NA,0
251,4,57,"C",230,3,0
252,5,58,NA,NA,NA,0
253,5,58,NA,NA,NA,0
254,5,58,NA,NA,NA,0
255,5,58,NA,NA,NA,0
256,5,58,NA,NA,NA,0
257,4,59,NA,NA,NA,0
258,4,59,NA,NA,NA,0
259,4,59,NA,NA,NA,0
260,4,59,NA,NA,NA,0
261,4,60,NA,NA,NA,0
262,4,60,NA,NA,NA,0
263,4,60,NA,NA,NA,0
264,4,60,NA,NA,NA,0
265,5,61,NA,NA,NA,0
266,5,61,NA,NA,NA,0
267,5,61,NA,NA,NA,0
268,5,61,NA,NA,NA,0
269,5,61,NA,NA,NA,0
270,3,62,NA,NA,NA,0
271,3,62,"C",324,2,1
272,3,62,"H",NA,NA,0
273,5,63,NA,NA,NA,0
274,5,63,NA,NA,NA,0
275,5,63,NA,NA,NA,0
276,5,63,NA,NA,NA,0
277,5,63,NA,NA,NA,0
278,6,64,NA,NA,NA,0
279,6,64,NA,NA,NA,0
280,6,64,NA,NA,NA,0
281,6,64,NA,NA,NA,0
282,6,64,NA,NA,NA,0
283,6,64,NA,NA,NA,0
284,4,65,NA,NA,NA,0
285,4,65,NA,NA,NA,0
286,4,65,NA,NA,NA,0
287,4,65,NA,NA,NA,0
288,3,66,NA,NA,NA,0
289,3,66,NA,NA,NA,0
290,3,66,NA,NA,NA,0
291,4,67,NA,NA,NA,0
292,4,67,NA,NA,NA,0
293,4,67,NA,NA,NA,0
294,4,67,NA,NA,NA,0
295,5,68,NA,NA,NA,0
296,5,68,NA,NA,NA,0
297,5,68,NA,NA,NA,0
298,5,68,NA,NA,NA,0
299,5,68,NA,NA,NA,0
300,6,69,NA,NA,NA,0
301,6,69,NA,NA,NA,0
302,6,69,NA,NA,NA,0
303,6,69,NA,NA,NA,0
304,6,69,NA,NA,NA,0
305,6,69,NA,NA,NA,0
306,3,70,NA,NA,NA,0
307,3,70,NA,NA,NA,0
308,3,70,NA,NA,NA,0
309,4,71,NA,NA,NA,0
310,4,71,"C",NA,NA,0
311,4,71,NA,NA,NA,0
312,4,71,NA,NA,NA,0
313,5,72,NA,NA,NA,0
314,5,72,NA,NA,NA,0
315,5,72,NA,NA,NA,0
316,5,72,NA,NA,NA,0
317,5,72,NA,NA,NA,0
318,3,73,NA,NA,NA,0
319,3,73,NA,NA,NA,0
320,3,73,NA,NA,NA,0
321,4,74,NA,NA,NA,0
322,4,74,NA,NA,NA,0
323,4,74,NA,NA,NA,0
324,4,74,NA,NA,NA,0
325,3,75,NA,NA,NA,0
326,3,75,NA,NA,NA,0
327,3,75,NA,NA,NA,0
328,3,76,NA,NA,NA,0
329,3,76,NA,NA,NA,0
330,3,76,NA,NA,NA,0
331,6,77,NA,NA,NA,0
332,6,77,NA,NA,NA,0
333,6,77,NA,NA,NA,0
334,6,77,NA,NA,NA,0
335,6,77,NA,NA,NA,0
336,6,77,NA,NA,NA,0
337,3,78,NA,NA,NA,0
338,3,78,NA,NA,NA,0
339,3,78,NA,NA,NA,0
340,6,79,NA,NA,NA,0
341,6,79,NA,NA,NA,0
342,6,79,NA,NA,NA,0
343,6,79,NA,NA,NA,0
344,6,79,NA,NA,NA,0
345,6,79,NA,NA,NA,0
346,6,80,NA,NA,NA,0
347,6,80,NA,NA,NA,0
348,6,80,"C",358,5,0
349,6,80,NA,NA,NA,0
350,6,80,NA,NA,NA,0
351,6,80,NA,NA,NA,0
352,4,81,NA,NA,NA,0
353,4,81,NA,NA,NA,0
354,4,81,NA,NA,NA,0
355,4,81,NA,NA,NA,0
356,3,82,NA,NA,NA,0
357,3,82,NA,NA,NA,0
358,3,82,NA,NA,NA,0
359,3,83,NA,NA,NA,0
360,3,83,NA,NA,NA,0
361,3,83,NA,NA,NA,0
362,4,84,NA,NA,NA,0
363,4,84,NA,NA,NA,0
364,4,84,NA,NA,NA,0
365,4,84,NA,NA,NA,0
366,5,85,NA,NA,NA,0
367,5,85,NA,NA,NA,0
368,5,85,NA,NA,NA,0
369,5,85,NA,NA,NA,0
370,5,85,NA,NA,NA,0
371,6,86,NA,NA,NA,0
372,6,86,NA,NA,NA,0
373,6,86,NA,NA,NA,0
374,6,86,NA,NA,NA,0
375,6,86,NA,NA,NA,0
376,6,86,NA,NA,NA,0
377,4,87,NA,NA,NA,0
378,4,87,NA,NA,NA,0
379,4,87,NA,NA,NA,0
380,4,87,NA,NA,NA,0
381,4,88,NA,NA,NA,0
382,4,88,NA,NA,NA,0
383,4,88,NA,NA,NA,0
384,4,88,NA,NA,NA,0
385,5,89,NA,NA,NA,0
386,5,89,NA,NA,NA,0
387,5,89,NA,NA,NA,0
388,5,89,NA,NA,NA,0
389,5,89,NA,NA,NA,0
390,5,90,NA,NA,NA,0
391,5,90,NA,NA,NA,0
392,5,90,NA,NA,NA,0
393,5,90,NA,NA,NA,0
394,5,90,NA,NA,NA,0
395,4,91,NA,NA,NA,0
396,4,91,NA,NA,NA,0
397,4,91,NA,NA,NA,0
398,4,91,NA,NA,NA,0
399,5,92,NA,NA,NA,0
400,5,92,NA,NA,NA,0
401,5,92,NA,NA,NA,0
402,5,92,NA,NA,NA,0
403,5,92,NA,NA,NA,0
404,4,93,NA,NA,NA,0
405,4,93,NA,NA,NA,0
406,4,93,NA,NA,NA,0
407,4,93,NA,NA,NA,0
408,3,94,NA,NA,NA,0
409,3,94,NA,NA,NA,0
410,3,94,NA,NA,NA,0
411,3,95,NA,NA,NA,0
412,3,95,NA,NA,NA,0
413,3,95,NA,NA,NA,0
414,3,96,NA,NA,NA,0
415,3,96,NA,NA,NA,0
416,3,96,NA,NA,NA,0
417,3,97,NA,NA,NA,0
418,3,97,NA,NA,NA,0
419,3,97,NA,NA,NA,0
420,3,98,NA,NA,NA,0
421,3,98,NA,NA,NA,0
422,3,98,NA,NA,NA,0
423,3,99,NA,NA,NA,0
424,3,99,NA,NA,NA,0
425,3,99,NA,NA,NA,0
426,6,100,NA,NA,NA,0
427,6,100,NA,NA,NA,0
428,6,100,NA,NA,NA,0
429,6,100,NA,NA,NA,0
430,6,100,NA,NA,NA,0
431,6,100,NA,NA,NA,0
432,4,101,NA,NA,NA,0
433,4,101,NA,NA,NA,0
434,4,101,NA,NA,NA,0
435,4,101,NA,NA,NA,0
436,5,102,NA,NA,NA,0
437,5,102,NA,NA,NA,0
438,5,102,NA,NA,NA,0
439,5,102,NA,NA,NA,0
440,5,102,NA,NA,NA,0
441,3,103,NA,NA,NA,0
442,3,103,NA,NA,NA,0
443,3,103,NA,NA,NA,0
444,5,104,NA,NA,NA,0
445,5,104,NA,NA,NA,0
446,5,104,NA,NA,NA,0
447,5,104,NA,NA,NA,0
448,5,104,NA,NA,NA,0
449,4,105,NA,NA,NA,0
450,4,105,NA,NA,NA,0
451,4,105,NA,NA,NA,0
452,4,105,NA,NA,NA,0
453,3,106,NA,NA,NA,0
454,3,106,NA,NA,NA,0
455,3,106,NA,NA,NA,0
456,5,107,NA,NA,NA,0
457,5,107,NA,NA,NA,0
458,5,107,NA,NA,NA,0
459,5,107,NA,NA,NA,0
460,5,107,NA,NA,NA,0
461,3,108,NA,NA,NA,0
462,3,108,NA,NA,NA,0
463,3,108,NA,NA,NA,0
464,4,109,NA,NA,NA,0
465,4,109,NA,NA,NA,0
466,4,109,NA,NA,NA,0
467,4,109,NA,NA,NA,0
468,5,110,NA,NA,NA,0
469,5,110,NA,NA,NA,0
470,5,110,NA,NA,NA,0
471,5,110,NA,NA,NA,0
472,5,110,NA,NA,NA,0
473,5,111,NA,NA,NA,0
474,5,111,NA,NA,NA,0
475,5,111,NA,NA,NA,0
476,5,111,NA,NA,NA,0
477,5,111,NA,NA,NA,0
478,4,112,NA,NA,NA,0
479,4,112,NA,NA,NA,0
480,4,112,NA,NA,NA,0
481,4,112,NA,NA,NA,0
482,3,113,NA,NA,NA,0
483,3,113,NA,NA,NA,0
484,3,113,NA,NA,NA,0
485,3,114,NA,NA,NA,0
486,3,114,NA,NA,NA,0
487,3,114,NA,NA,NA,0
488,5,115,NA,NA,NA,0
489,5,115,NA,NA,NA,0
490,5,115,NA,NA,NA,0
491,5,115,NA,NA,NA,0
492,5,115,NA,NA,NA,0
493,4,116,NA,NA,NA,0
494,4,116,NA,NA,NA,0
495,4,116,NA,NA,NA,0
496,4,116,NA,NA,NA,0
497,6,117,NA,NA,NA,0
498,6,117,NA,NA,NA,0
499,6,117,NA,NA,NA,0
500,6,117,NA,NA,NA,0
501,6,117,NA,NA,NA,0
502,6,117,NA,NA,NA,0
503,6,118,NA,NA,NA,0
504,6,118,NA,NA,NA,0
505,6,118,NA,NA,NA,0
506,6,118,NA,NA,NA,0
507,6,118,NA,NA,NA,0
508,6,118,NA,NA,NA,0
509,4,119,NA,NA,NA,0
510,4,119,NA,NA,NA,0
511,4,119,NA,NA,NA,0
512,4,119,NA,NA,NA,0
513,3,120,NA,NA,NA,0
514,3,120,NA,NA,NA,0
515,3,120,NA,NA,NA,0
516,4,121,NA,NA,NA,0
517,4,121,NA,NA,NA,0
518,4,121,NA,NA,NA,0
519,4,121,NA,NA,NA,0
520,6,122,NA,NA,NA,0
521,6,122,NA,NA,NA,0
522,6,122,NA,NA,NA,0
523,6,122,NA,NA,NA,0
524,6,122,NA,NA,NA,0
525,6,122,"C",302,5,0
526,6,123,NA,NA,NA,0
527,6,123,NA,NA,NA,0
528,6,123,NA,NA,NA,0
529,6,123,NA,NA,NA,0
530,6,123,NA,NA,NA,0
531,6,123,NA,NA,NA,0
532,5,124,NA,NA,NA,0
533,5,124,NA,NA,NA,0
534,5,124,NA,NA,NA,0
535,5,124,NA,NA,NA,0
536,5,124,NA,NA,NA,0
537,5,125,NA,NA,NA,0
538,5,125,NA,NA,NA,0
539,5,125,NA,NA,NA,0
540,5,125,NA,NA,NA,0
541,5,125,NA,NA,NA,0
542,6,126,NA,NA,NA,0
543,6,126,"H",73,4,1
544,6,126,"H",119,3,1
545,6,126,NA,NA,NA,0
546,6,126,"H",150,2,0
547,6,126,"C",60,5,1
548,5,127,NA,NA,NA,0
549,5,127,NA,NA,NA,0
550,5,127,NA,NA,NA,0
551,5,127,NA,NA,NA,0
552,5,127,NA,NA,NA,0
553,5,128,NA,NA,NA,0
554,5,128,NA,NA,NA,0
555,5,128,NA,NA,NA,0
556,5,128,NA,NA,NA,0
557,5,128,NA,NA,NA,0
558,5,129,NA,NA,NA,0
559,5,129,NA,NA,NA,0
560,5,129,NA,NA,NA,0
561,5,129,NA,NA,NA,0
562,5,129,NA,NA,NA,0
563,5,130,NA,NA,NA,0
564,5,130,NA,NA,NA,0
565,5,130,NA,NA,NA,0
566,5,130,NA,NA,NA,0
567,5,130,NA,NA,NA,0
568,3,131,NA,NA,NA,0
569,3,131,NA,NA,NA,0
570,3,131,NA,NA,NA,0
571,4,132,NA,NA,NA,0
572,4,132,NA,NA,NA,0
573,4,132,NA,NA,NA,0
574,4,132,NA,NA,NA,0
575,5,133,NA,NA,NA,0
576,5,133,NA,NA,NA,0
577,5,133,NA,NA,NA,0
578,5,133,NA,NA,NA,0
579,5,133,NA,NA,NA,0
580,3,134,NA,NA,NA,0
581,3,134,NA,NA,NA,0
582,3,134,NA,NA,NA,0
583,4,135,NA,NA,NA,0
584,4,135,NA,NA,NA,0
585,4,135,NA,NA,NA,0
586,4,135,NA,NA,NA,0
587,3,136,NA,NA,NA,0
588,3,136,NA,NA,NA,0
589,3,136,NA,NA,NA,0
590,4,137,NA,NA,NA,0
591,4,137,NA,NA,NA,0
592,4,137,NA,NA,NA,0
593,4,137,NA,NA,NA,0
594,3,138,NA,NA,NA,0
595,3,138,NA,NA,NA,0
596,3,138,NA,NA,NA,0
597,3,139,NA,NA,NA,0
598,3,139,NA,NA,NA,0
599,3,139,NA,NA,NA,0
600,5,140,NA,NA,NA,0
601,5,140,NA,NA,NA,0
602,5,140,NA,NA,NA,0
603,5,140,NA,NA,NA,0
604,5,140,NA,NA,NA,0
605,6,141,NA,NA,NA,0
606,6,141,NA,NA,NA,0
607,6,141,NA,NA,NA,0
608,6,141,NA,NA,NA,0
609,6,141,NA,NA,NA,0
610,6,141,NA,NA,NA,0
611,4,142,NA,NA,NA,0
612,4,142,NA,NA,NA,0
613,4,142,NA,NA,NA,0
614,4,142,NA,NA,NA,0
615,3,143,NA,NA,NA,0
616,3,143,NA,NA,NA,0
617,3,143,NA,NA,NA,0
618,6,144,NA,NA,NA,0
619,6,144,NA,NA,NA,0
620,6,144,NA,NA,NA,0
621,6,144,NA,NA,NA,0
622,6,144,NA,NA,NA,0
623,6,144,NA,NA,NA,0
624,4,145,NA,NA,NA,0
625,4,145,NA,NA,NA,0
626,4,145,NA,NA,NA,0
627,4,145,NA,NA,NA,0
628,3,146,NA,NA,NA,0
629,3,146,NA,NA,NA,0
630,3,146,NA,NA,NA,0
631,3,147,NA,NA,NA,0
632,3,147,NA,NA,NA,0
633,3,147,NA,NA,NA,0
634,4,148,NA,NA,NA,0
635,4,148,NA,NA,NA,0
636,4,148,NA,NA,NA,0
637,4,148,NA,NA,NA,0
638,4,149,NA,NA,NA,0
639,4,149,NA,NA,NA,0
640,4,149,NA,NA,NA,0
641,4,149,NA,NA,NA,0
642,5,150,NA,NA,NA,0
643,5,150,NA,NA,NA,0
644,5,150,NA,NA,NA,0
645,5,150,NA,NA,NA,0
646,5,150,NA,NA,NA,0
647,3,151,NA,NA,NA,0
648,3,151,NA,NA,NA,0
649,3,151,NA,NA,NA,0
650,6,152,NA,NA,NA,0
651,6,152,NA,NA,NA,0
652,6,152,NA,NA,NA,0
653,6,152,NA,NA,NA,0
654,6,152,NA,NA,NA,0
655,6,152,NA,NA,NA,0
656,3,153,NA,NA,NA,0
657,3,153,NA,NA,NA,0
658,3,153,NA,NA,NA,0
659,5,154,NA,NA,NA,0
660,5,154,"C",276,4,0
661,5,154,NA,NA,NA,0
662,5,154,NA,NA,NA,0
663,5,154,NA,NA,NA,0
664,4,155,"C",NA,NA,0
665,4,155,NA,NA,NA,0
666,4,155,NA,NA,NA,0
667,4,155,NA,NA,NA,0
668,4,156,NA,NA,NA,0
669,4,156,NA,NA,NA,0
670,4,156,NA,NA,NA,0
671,4,156,NA,NA,NA,0
672,5,157,NA,NA,NA,0
673,5,157,NA,NA,NA,0
674,5,157,NA,NA,NA,0
675,5,157,NA,NA,NA,0
676,5,157,NA,NA,NA,0
677,4,158,NA,NA,NA,0
678,4,158,NA,NA,NA,0
679,4,158,NA,NA,NA,0
680,4,158,NA,NA,NA,0
681,3,159,NA,NA,NA,0
682,3,159,NA,NA,NA,0
683,3,159,NA,NA,NA,0
684,3,160,NA,NA,NA,0
685,3,160,NA,NA,NA,0
686,3,160,NA,NA,NA,0
687,5,161,NA,NA,NA,0
688,5,161,NA,NA,NA,0
689,5,161,NA,NA,NA,0
690,5,161,NA,NA,NA,0
691,5,161,NA,NA,NA,0
692,3,162,NA,NA,NA,0
693,3,162,NA,NA,NA,0
694,3,162,NA,NA,NA,0
695,6,163,NA,NA,NA,0
696,6,163,NA,NA,NA,0
697,6,163,NA,NA,NA,0
698,6,163,NA,NA,NA,0
699,6,163,NA,NA,NA,0
700,6,163,NA,NA,NA,0
701,4,164,NA,NA,NA,0
702,4,164,NA,NA,NA,0
703,4,164,NA,NA,NA,0
704,4,164,NA,NA,NA,0
705,5,165,NA,NA,NA,0
706,5,165,NA,NA,NA,0
707,5,165,NA,NA,NA,0
708,5,165,NA,NA,NA,0
709,5,165,NA,NA,NA,0
710,5,166,NA,NA,NA,0
711,5,166,NA,NA,NA,0
712,5,166,NA,NA,NA,0
713,5,166,NA,NA,NA,0
714,5,166,NA,NA,NA,0
715,3,167,NA,NA,NA,0
716,3,167,NA,NA,NA,0
717,3,167,NA,NA,NA,0
718,5,168,NA,NA,NA,0
719,5,168,NA,NA,NA,0
720,5,168,NA,NA,NA,0
721,5,168,NA,NA,NA,0
722,5,168,NA,NA,NA,0
723,6,169,NA,NA,NA,0
724,6,169,NA,NA,NA,0
725,6,169,NA,NA,NA,0
726,6,169,NA,NA,NA,0
727,6,169,NA,NA,NA,0
728,6,169,NA,NA,NA,0
729,5,170,NA,NA,NA,0
730,5,170,NA,NA,NA,0
731,5,170,NA,NA,NA,0
732,5,170,NA,NA,NA,0
733,5,170,NA,NA,NA,0
734,4,171,NA,NA,NA,0
735,4,171,NA,NA,NA,0
736,4,171,NA,NA,NA,0
737,4,171,NA,NA,NA,0
738,6,172,NA,NA,NA,0
739,6,172,NA,NA,NA,0
740,6,172,NA,NA,NA,0
741,6,172,NA,NA,NA,0
742,6,172,NA,NA,NA,0
743,6,172,NA,NA,NA,0
744,3,173,NA,NA,NA,0
745,3,173,NA,NA,NA,0
746,3,173,NA,NA,NA,0
747,3,174,NA,NA,NA,0
748,3,174,NA,NA,NA,0
749,3,174,NA,NA,NA,0
750,6,175,NA,NA,NA,0
751,6,175,NA,NA,NA,0
752,6,175,NA,NA,NA,0
753,6,175,NA,NA,NA,0
754,6,175,NA,NA,NA,0
755,6,175,NA,NA,NA,0
756,3,176,NA,NA,NA,0
757,3,176,"C",235,2,0
758,3,176,NA,NA,NA,0
759,5,177,NA,NA,NA,0
760,5,177,NA,NA,NA,0
761,5,177,NA,NA,NA,0
762,5,177,NA,NA,NA,0
763,5,177,NA,NA,NA,0
764,4,178,NA,NA,NA,0
765,4,178,NA,NA,NA,0
766,4,178,NA,NA,NA,0
767,4,178,NA,NA,NA,0
768,4,179,NA,NA,NA,0
769,4,179,NA,NA,NA,0
770,4,179,NA,NA,NA,0
771,4,179,NA,NA,NA,0
772,4,180,NA,NA,NA,0
773,4,180,NA,NA,NA,0
774,4,180,NA,NA,NA,0
775,4,180,NA,NA,NA,0
776,5,181,NA,NA,NA,0
777,5,181,NA,NA,NA,0
778,5,181,NA,NA,NA,0
779,5,181,NA,NA,NA,0
780,5,181,"C",322,4,0
781,3,182,NA,NA,NA,0
782,3,182,NA,NA,NA,0
783,3,182,NA,NA,NA,0
784,6,183,NA,NA,NA,0
785,6,183,NA,NA,NA,0
786,6,183,NA,NA,NA,0
787,6,183,NA,NA,NA,0
788,6,183,NA,NA,NA,0
789,6,183,NA,NA,NA,0
790,6,184,"H",241,1,1
791,6,184,"H",296,0,0
792,6,184,"H",193,3,0
793,6,184,"C",165,5,2
794,6,184,"H",214,3,2
795,6,184,"H",247,1,0
796,5,185,NA,NA,NA,0
797,5,185,NA,NA,NA,0
798,5,185,NA,NA,NA,0
799,5,185,NA,NA,NA,0
800,5,185,NA,NA,NA,0
801,5,186,NA,NA,NA,0
802,5,186,NA,NA,NA,0
803,5,186,NA,NA,NA,0
804,5,186,NA,NA,NA,0
805,5,186,NA,NA,NA,0
806,5,187,NA,NA,NA,0
807,5,187,NA,NA,NA,0
808,5,187,NA,NA,NA,0
809,5,187,NA,NA,NA,0
810,5,187,NA,NA,NA,0
811,3,188,NA,NA,NA,0
812,3,188,NA,NA,NA,0
813,3,188,NA,NA,NA,0
814,4,189,NA,NA,NA,0
815,4,189,NA,NA,NA,0
816,4,189,NA,NA,NA,0
817,4,189,NA,NA,NA,0
818,6,190,"H",306,2,1
819,6,190,"H",356,0,0
820,6,190,"H",212,4,1
821,6,190,"H",327,1,1
822,6,190,"H",249,3,1
823,6,190,"C",160,5,1
824,6,191,NA,NA,NA,0
825,6,191,NA,NA,NA,0
826,6,191,NA,NA,NA,0
827,6,191,NA,NA,NA,0
828,6,191,NA,NA,NA,0
829,6,191,NA,NA,NA,0
830,5,192,NA,NA,NA,0
831,5,192,NA,NA,NA,0
832,5,192,NA,NA,NA,0
833,5,192,NA,NA,NA,0
834,5,192,NA,NA,NA,0
835,5,193,"H",327,2,0
836,5,193,"H",308,2,0
837,5,193,NA,NA,NA,0
838,5,193,NA,NA,NA,0
839,5,193,"C",263,4,2
840,5,194,NA,NA,NA,0
841,5,194,NA,NA,NA,0
842,5,194,NA,NA,NA,0
843,5,194,NA,NA,NA,0
844,5,194,NA,NA,NA,0
845,6,195,NA,NA,NA,0
846,6,195,NA,NA,NA,0
847,6,195,NA,NA,NA,0
848,6,195,NA,NA,NA,0
849,6,195,NA,NA,NA,0
850,6,195,NA,NA,NA,0
851,6,196,NA,NA,NA,0
852,6,196,NA,NA,NA,0
853,6,196,NA,NA,NA,0
854,6,196,NA,NA,NA,0
855,6,196,NA,NA,NA,0
856,6,196,NA,NA,NA,0
857,6,197,NA,NA,NA,0
858,6,197,NA,NA,NA,0
859,6,197,NA,NA,NA,0
860,6,197,NA,NA,NA,0
861,6,197,NA,NA,NA,0
862,6,197,NA,NA,NA,0
863,3,198,NA,NA,NA,0
864,3,198,NA,NA,NA,0
865,3,198,NA,NA,NA,0
866,3,199,NA,NA,NA,0
867,3,199,NA,NA,NA,0
868,3,199,NA,NA,NA,0
869,3,200,NA,NA,NA,0
870,3,200,NA,NA,NA,0
871,3,200,"C",158,2,0
872,4,201,NA,NA,NA,0
873,4,201,NA,NA,NA,0
874,4,201,NA,NA,NA,0
875,4,201,NA,NA,NA,0
876,6,202,NA,NA,NA,0
877,6,202,NA,NA,NA,0
878,6,202,NA,NA,NA,0
879,6,202,NA,NA,NA,0
880,6,202,NA,NA,NA,0
881,6,202,NA,NA,NA,0
882,5,203,NA,NA,NA,0
883,5,203,NA,NA,NA,0
884,5,203,NA,NA,NA,0
885,5,203,NA,NA,NA,0
886,5,203,NA,NA,NA,0
887,5,204,NA,NA,NA,0
888,5,204,NA,NA,NA,0
889,5,204,NA,NA,NA,0
890,5,204,NA,NA,NA,0
891,5,204,NA,NA,NA,0
892,4,205,NA,NA,NA,0
893,4,205,NA,NA,NA,0
894,4,205,NA,NA,NA,0
895,4,205,NA,NA,NA,0
896,5,206,NA,NA,NA,0
897,5,206,NA,NA,NA,0
898,5,206,NA,NA,NA,0
899,5,206,NA,NA,NA,0
900,5,206,NA,NA,NA,0
901,5,207,NA,NA,NA,0
902,5,207,NA,NA,NA,0
903,5,207,NA,NA,NA,0
904,5,207,NA,NA,NA,0
905,5,207,NA,NA,NA,0
906,3,208,NA,NA,NA,0
907,3,208,NA,NA,NA,0
908,3,208,NA,NA,NA,0
909,6,209,NA,NA,NA,0
910,6,209,NA,NA,NA,0
911,6,209,NA,NA,NA,0
912,6,209,NA,NA,NA,0
913,6,209,NA,NA,NA,0
914,6,209,NA,NA,NA,0
915,6,210,NA,NA,NA,0
916,6,210,NA,NA,NA,0
917,6,210,NA,NA,NA,0
918,6,210,NA,NA,NA,0
919,6,210,NA,NA,NA,0
920,6,210,NA,NA,NA,0
921,5,211,NA,NA,NA,0
922,5,211,NA,NA,NA,0
923,5,211,NA,NA,NA,0
924,5,211,NA,NA,NA,0
925,5,211,NA,NA,NA,0
926,5,212,NA,NA,NA,0
927,5,212,NA,NA,NA,0
928,5,212,NA,NA,NA,0
929,5,212,NA,NA,NA,0
930,5,212,NA,NA,NA,0
931,5,213,NA,NA,NA,0
932,5,213,NA,NA,NA,0
933,5,213,NA,NA,NA,0
934,5,213,NA,NA,NA,0
935,5,213,NA,NA,NA,0
936,3,214,NA,NA,NA,0
937,3,214,NA,NA,NA,0
938,3,214,NA,NA,NA,0
939,6,215,"H",265,2,0
940,6,215,"H",351,0,0
941,6,215,"H",306,1,1
942,6,215,"C",232,5,2
943,6,215,"H",254,3,1
944,6,215,"H",277,2,1
945,3,216,NA,NA,NA,0
946,3,216,NA,NA,NA,0
947,3,216,NA,NA,NA,0
948,3,217,NA,NA,NA,0
949,3,217,NA,NA,NA,0
950,3,217,NA,NA,NA,0
951,3,218,NA,NA,NA,0
952,3,218,NA,NA,NA,0
953,3,218,NA,NA,NA,0
954,5,219,NA,NA,NA,0
955,5,219,NA,NA,NA,0
956,5,219,NA,NA,NA,0
957,5,219,NA,NA,NA,0
958,5,219,NA,NA,NA,0
959,6,220,NA,NA,NA,0
960,6,220,NA,NA,NA,0
961,6,220,NA,NA,NA,0
962,6,220,NA,NA,NA,0
963,6,220,NA,NA,NA,0
964,6,220,NA,NA,NA,0
965,5,221,NA,NA,NA,0
966,5,221,NA,NA,NA,0
967,5,221,NA,NA,NA,0
968,5,221,NA,NA,NA,0
969,5,221,NA,NA,NA,0
970,4,222,NA,NA,NA,0
971,4,222,NA,NA,NA,0
972,4,222,NA,NA,NA,0
973,4,222,NA,NA,NA,0
974,4,223,NA,NA,NA,0
975,4,223,NA,NA,NA,0
976,4,223,NA,NA,NA,0
977,4,223,NA,NA,NA,0
978,6,224,NA,NA,NA,0
979,6,224,NA,NA,NA,0
980,6,224,NA,NA,NA,0
981,6,224,NA,NA,NA,0
982,6,224,NA,NA,NA,0
983,6,224,NA,NA,NA,0
984,3,225,NA,NA,NA,0
985,3,225,NA,NA,NA,0
986,3,225,NA,NA,NA,0
987,6,226,NA,NA,NA,0
988,6,226,NA,NA,NA,0
989,6,226,NA,NA,NA,0
990,6,226,NA,NA,NA,0
991,6,226,NA,NA,NA,0
992,6,226,NA,NA,NA,0
993,4,227,NA,NA,NA,0
994,4,227,NA,NA,NA,0
995,4,227,NA,NA,NA,0
996,4,227,NA,NA,NA,0
997,4,228,NA,NA,NA,0
998,4,228,NA,NA,NA,0
999,4,228,NA,NA,NA,0
1000,4,228,NA,NA,NA,0
