"ID","SIZE","HH","TYPE","TIME","S_NUM","I_NUM"
1,3,1,"0",NA,NA,0
2,3,1,NA,NA,NA,0
3,3,1,NA,NA,NA,0
4,6,2,"E",NA,3,0
5,6,2,NA,NA,NA,0
6,6,2,"E",NA,3,0
7,6,2,"C",301,3,0
8,6,2,NA,NA,NA,0
9,6,2,NA,NA,NA,0
10,5,3,NA,NA,NA,0
11,5,3,NA,NA,NA,0
12,5,3,NA,NA,NA,0
13,5,3,NA,NA,NA,0
14,5,3,NA,NA,NA,0
15,4,4,NA,NA,NA,0
16,4,4,NA,NA,NA,0
17,4,4,"E",NA,3,0
18,4,4,"E",NA,NA,0
19,3,5,NA,NA,NA,0
20,3,5,NA,NA,NA,0
21,3,5,NA,NA,NA,0
22,3,6,NA,NA,NA,0
23,3,6,NA,NA,NA,0
24,3,6,"E",364,2,0
25,4,7,NA,NA,NA,0
26,4,7,NA,NA,NA,0
27,4,7,NA,NA,NA,0
28,4,7,NA,NA,NA,0
29,5,8,"E",NA,3,0
30,5,8,NA,NA,NA,0
31,5,8,NA,NA,NA,0
32,5,8,NA,NA,NA,0
33,5,8,"E",191,4,0
34,4,9,NA,NA,NA,0
35,4,9,"C",272,2,0
36,4,9,NA,NA,NA,0
37,4,9,"E",210,3,0
38,4,10,"E",NA,2,0
39,4,10,"E",316,1,1
40,4,10,"C",NA,2,0
41,4,10,"H",NA,0,0
42,6,11,NA,NA,NA,0
43,6,11,"H",NA,1,0
44,6,11,"E",NA,5,1
45,6,11,"H",NA,1,0
46,6,11,"H",173,3,1
47,6,11,"E",176,3,1
48,3,12,"H",220,1,1
49,3,12,"E",180,2,1
50,3,12,"H",222,0,0
51,6,13,"E",NA,5,1
52,6,13,NA,NA,NA,0
53,6,13,NA,NA,NA,0
54,6,13,"H",NA,4,0
55,6,13,NA,NA,NA,0
56,6,13,NA,NA,NA,0
57,3,14,"E",56,2,0
58,3,14,"E",249,0,0
59,3,14,"E",93,1,0
60,4,15,NA,NA,NA,0
61,4,15,NA,NA,NA,0
62,4,15,NA,NA,NA,0
63,4,15,NA,NA,NA,0
64,6,16,"E",123,5,0
65,6,16,NA,NA,NA,0
66,6,16,NA,NA,NA,0
67,6,16,NA,NA,NA,0
68,6,16,NA,NA,NA,0
69,6,16,NA,NA,NA,0
70,5,17,NA,NA,NA,0
71,5,17,NA,NA,NA,0
72,5,17,NA,NA,NA,0
73,5,17,NA,NA,NA,0
74,5,17,NA,NA,NA,0
75,4,18,NA,NA,NA,0
76,4,18,NA,NA,NA,0
77,4,18,NA,NA,NA,0
78,4,18,"E",NA,3,0
79,4,19,NA,NA,NA,0
80,4,19,NA,NA,NA,0
81,4,19,NA,NA,NA,0
82,4,19,NA,NA,NA,0
83,6,20,"E",166,5,2
84,6,20,"H",NA,1,0
85,6,20,"H",NA,2,1
86,6,20,"H",NA,1,0
87,6,20,"H",191,3,1
88,6,20,NA,NA,NA,0
89,3,21,NA,NA,NA,0
90,3,21,NA,NA,NA,0
91,3,21,NA,NA,NA,0
92,4,22,NA,NA,NA,0
93,4,22,NA,NA,NA,0
94,4,22,NA,NA,NA,0
95,4,22,NA,NA,NA,0
96,4,23,NA,NA,NA,0
97,4,23,NA,NA,NA,0
98,4,23,NA,NA,NA,0
99,4,23,NA,NA,NA,0
100,4,24,NA,NA,NA,0
101,4,24,NA,NA,NA,0
102,4,24,NA,NA,NA,0
103,4,24,NA,NA,NA,0
104,4,25,NA,NA,NA,0
105,4,25,NA,NA,NA,0
106,4,25,NA,NA,NA,0
107,4,25,NA,NA,NA,0
108,6,26,NA,NA,NA,0
109,6,26,NA,NA,NA,0
110,6,26,NA,NA,NA,0
111,6,26,NA,NA,NA,0
112,6,26,NA,NA,NA,0
113,6,26,NA,NA,NA,0
114,6,27,NA,NA,NA,0
115,6,27,NA,NA,NA,0
116,6,27,NA,NA,NA,0
117,6,27,NA,NA,NA,0
118,6,27,NA,NA,NA,0
119,6,27,NA,NA,NA,0
120,4,28,"H",NA,2,1
121,4,28,NA,NA,NA,0
122,4,28,"H",267,1,0
123,4,28,"E",NA,3,1
124,3,29,NA,NA,NA,0
125,3,29,NA,NA,NA,0
126,3,29,NA,NA,NA,0
127,6,30,"E",NA,5,0
128,6,30,NA,NA,NA,0
129,6,30,"E",253,4,0
130,6,30,NA,NA,NA,0
131,6,30,NA,NA,NA,0
132,6,30,NA,NA,NA,0
133,5,31,"E",NA,1,0
134,5,31,"H",233,2,0
135,5,31,NA,NA,NA,0
136,5,31,"E",200,3,1
137,5,31,"E",92,4,0
138,6,32,"E",280,5,0
139,6,32,NA,NA,NA,0
140,6,32,NA,NA,NA,0
141,6,32,NA,NA,NA,0
142,6,32,NA,NA,NA,0
143,6,32,NA,NA,NA,0
144,4,33,NA,NA,NA,0
145,4,33,NA,NA,NA,0
146,4,33,NA,NA,NA,0
147,4,33,NA,NA,NA,0
148,4,34,NA,NA,NA,0
149,4,34,NA,NA,NA,0
150,4,34,NA,NA,NA,0
151,4,34,NA,NA,NA,0
152,4,35,"E",NA,3,1
153,4,35,NA,NA,NA,0
154,4,35,"H",178,2,0
155,4,35,NA,NA,NA,0
156,4,36,"E",NA,3,2
157,4,36,NA,NA,NA,0
158,4,36,"H",149,1,0
159,4,36,"H",NA,1,0
160,5,37,NA,NA,NA,0
161,5,37,NA,NA,NA,0
162,5,37,NA,NA,NA,0
163,5,37,NA,NA,NA,0
164,5,37,NA,NA,NA,0
165,4,38,NA,NA,NA,0
166,4,38,NA,NA,NA,0
167,4,38,NA,NA,NA,0
168,4,38,NA,NA,NA,0
169,5,39,"H",NA,3,1
170,5,39,"H",131,1,0
171,5,39,"E",NA,4,1
172,5,39,NA,NA,NA,0
173,5,39,"H",113,2,1
174,5,40,"C",136,4,0
175,5,40,NA,NA,NA,0
176,5,40,NA,NA,NA,0
177,5,40,NA,NA,NA,0
178,5,40,NA,NA,NA,0
179,6,41,"H",NA,NA,0
180,6,41,"H",335,4,3
181,6,41,"H",NA,NA,0
182,6,41,NA,NA,NA,0
183,6,41,"H",NA,1,0
184,6,41,"E",306,5,1
185,5,42,NA,NA,NA,0
186,5,42,NA,NA,NA,0
187,5,42,NA,NA,NA,0
188,5,42,NA,NA,NA,0
189,5,42,NA,NA,NA,0
190,6,43,NA,NA,NA,0
191,6,43,NA,NA,NA,0
192,6,43,NA,NA,NA,0
193,6,43,NA,NA,NA,0
194,6,43,NA,NA,NA,0
195,6,43,NA,NA,NA,0
196,4,44,NA,NA,NA,0
197,4,44,NA,NA,NA,0
198,4,44,NA,NA,NA,0
199,4,44,NA,NA,NA,0
200,4,45,NA,NA,NA,0
201,4,45,NA,NA,NA,0
202,4,45,"E",138,3,0
203,4,45,NA,NA,NA,0
204,4,46,"E",NA,2,0
205,4,46,NA,NA,NA,0
206,4,46,NA,NA,NA,0
207,4,46,"E",NA,3,0
208,4,47,NA,NA,NA,0
209,4,47,NA,NA,NA,0
210,4,47,NA,NA,NA,0
211,4,47,NA,NA,NA,0
212,6,48,"E",360,1,0
213,6,48,"E",94,5,1
214,6,48,"H",NA,3,1
215,6,48,"H",NA,2,0
216,6,48,NA,NA,NA,0
217,6,48,"H",NA,4,1
218,4,49,NA,NA,NA,0
219,4,49,NA,NA,NA,0
220,4,49,NA,NA,NA,0
221,4,49,NA,NA,NA,0
222,5,50,"C",140,3,2
223,5,50,"H",159,1,0
224,5,50,"H",NA,1,0
225,5,50,"E",174,1,0
226,5,50,NA,NA,NA,0
227,5,51,"E",82,4,0
228,5,51,NA,NA,NA,0
229,5,51,NA,NA,NA,0
230,5,51,"E",NA,3,1
231,5,51,"H",346,2,0
232,4,52,NA,NA,NA,0
233,4,52,NA,NA,NA,0
234,4,52,NA,NA,NA,0
235,4,52,NA,NA,NA,0
236,3,53,NA,NA,NA,0
237,3,53,NA,NA,NA,0
238,3,53,NA,NA,NA,0
239,4,54,NA,NA,NA,0
240,4,54,NA,NA,NA,0
241,4,54,"E",NA,3,0
242,4,54,NA,NA,NA,0
243,4,55,NA,NA,NA,0
244,4,55,NA,NA,NA,0
245,4,55,NA,NA,NA,0
246,4,55,"E",49,3,0
247,4,56,NA,NA,NA,0
248,4,56,NA,NA,NA,0
249,4,56,NA,NA,NA,0
250,4,56,NA,NA,NA,0
251,6,57,"H",224,1,0
252,6,57,"H",178,3,1
253,6,57,"E",151,5,2
254,6,57,"H",241,1,1
255,6,57,"H",NA,0,0
256,6,57,"H",NA,3,1
257,4,58,NA,NA,NA,0
258,4,58,NA,NA,NA,0
259,4,58,NA,NA,NA,0
260,4,58,NA,NA,NA,0
261,3,59,NA,NA,NA,0
262,3,59,NA,NA,NA,0
263,3,59,NA,NA,NA,0
264,5,60,"H",324,3,0
265,5,60,NA,NA,NA,0
266,5,60,"E",NA,4,1
267,5,60,NA,NA,NA,0
268,5,60,NA,NA,NA,0
269,4,61,NA,NA,NA,0
270,4,61,NA,NA,NA,0
271,4,61,NA,NA,NA,0
272,4,61,NA,NA,NA,0
273,3,62,NA,NA,NA,0
274,3,62,NA,NA,NA,0
275,3,62,NA,NA,NA,0
276,3,63,NA,NA,NA,0
277,3,63,NA,NA,NA,0
278,3,63,NA,NA,NA,0
279,5,64,"E",201,4,0
280,5,64,NA,NA,NA,0
281,5,64,NA,NA,NA,0
282,5,64,NA,NA,NA,0
283,5,64,NA,NA,NA,0
284,6,65,"E",241,2,0
285,6,65,"E",NA,3,0
286,6,65,NA,NA,NA,0
287,6,65,NA,NA,NA,0
288,6,65,"H",107,3,0
289,6,65,"E",NA,4,1
290,5,66,"E",NA,4,0
291,5,66,"E",NA,NA,0
292,5,66,NA,NA,NA,0
293,5,66,NA,NA,NA,0
294,5,66,NA,NA,NA,0
295,6,67,"E",NA,NA,0
296,6,67,"E",NA,5,1
297,6,67,NA,NA,NA,0
298,6,67,"E",208,3,0
299,6,67,NA,NA,NA,0
300,6,67,"H",NA,3,0
301,5,68,NA,NA,NA,0
302,5,68,"H",220,1,0
303,5,68,"E",100,4,0
304,5,68,"H",NA,2,1
305,5,68,"E",153,3,1
306,5,69,NA,NA,NA,0
307,5,69,NA,NA,NA,0
308,5,69,"E",42,4,0
309,5,69,"E",NA,NA,0
310,5,69,NA,NA,NA,0
311,5,70,NA,NA,NA,0
312,5,70,NA,NA,NA,0
313,5,70,NA,NA,NA,0
314,5,70,NA,NA,NA,0
315,5,70,NA,NA,NA,0
316,5,71,NA,NA,NA,0
317,5,71,"E",196,4,2
318,5,71,"H",NA,2,0
319,5,71,NA,NA,NA,0
320,5,71,"H",223,2,0
321,5,72,NA,NA,NA,0
322,5,72,NA,NA,NA,0
323,5,72,NA,NA,NA,0
324,5,72,NA,NA,NA,0
325,5,72,"E",NA,4,0
326,4,73,"E",NA,3,1
327,4,73,NA,NA,NA,0
328,4,73,"H",292,2,0
329,4,73,"E",336,1,0
330,4,74,NA,NA,NA,0
331,4,74,NA,NA,NA,0
332,4,74,NA,NA,NA,0
333,4,74,"E",NA,NA,0
334,6,75,"C",248,5,3
335,6,75,"H",NA,2,0
336,6,75,"H",283,2,0
337,6,75,NA,NA,NA,0
338,6,75,"H",270,2,0
339,6,75,NA,NA,NA,0
340,3,76,NA,NA,NA,0
341,3,76,NA,NA,NA,0
342,3,76,NA,NA,NA,0
343,5,77,"H",124,3,1
344,5,77,"H",NA,1,1
345,5,77,"H",213,0,0
346,5,77,"H",NA,2,1
347,5,77,"E",106,4,1
348,6,78,NA,NA,NA,0
349,6,78,NA,NA,NA,0
350,6,78,NA,NA,NA,0
351,6,78,NA,NA,NA,0
352,6,78,"E",320,5,0
353,6,78,NA,NA,NA,0
354,4,79,"H",262,2,1
355,4,79,"H",283,1,1
356,4,79,"C",NA,3,1
357,4,79,"H",318,0,0
358,6,80,"H",NA,4,2
359,6,80,NA,NA,NA,0
360,6,80,NA,NA,NA,0
361,6,80,"E",NA,5,1
362,6,80,"H",311,2,0
363,6,80,"H",277,2,0
364,4,81,NA,NA,NA,0
365,4,81,NA,NA,NA,0
366,4,81,NA,NA,NA,0
367,4,81,"E",265,3,0
368,6,82,"H",NA,NA,0
369,6,82,NA,NA,NA,0
370,6,82,"E",306,5,2
371,6,82,"H",344,3,0
372,6,82,NA,NA,NA,0
373,6,82,"H",NA,3,1
374,3,83,"E",NA,2,1
375,3,83,NA,NA,NA,0
376,3,83,"H",142,1,0
377,5,84,NA,NA,NA,0
378,5,84,NA,NA,NA,0
379,5,84,NA,NA,NA,0
380,5,84,NA,NA,NA,0
381,5,84,NA,NA,NA,0
382,5,85,NA,NA,NA,0
383,5,85,NA,NA,NA,0
384,5,85,NA,NA,NA,0
385,5,85,NA,NA,NA,0
386,5,85,NA,NA,NA,0
387,4,86,NA,NA,NA,0
388,4,86,NA,NA,NA,0
389,4,86,NA,NA,NA,0
390,4,86,NA,NA,NA,0
391,5,87,NA,NA,NA,0
392,5,87,NA,NA,NA,0
393,5,87,"E",NA,4,0
394,5,87,"E",NA,3,0
395,5,87,NA,NA,NA,0
396,3,88,NA,NA,NA,0
397,3,88,NA,NA,NA,0
398,3,88,NA,NA,NA,0
399,6,89,NA,NA,NA,0
400,6,89,NA,NA,NA,0
401,6,89,NA,NA,NA,0
402,6,89,NA,NA,NA,0
403,6,89,NA,NA,NA,0
404,6,89,NA,NA,NA,0
405,6,90,NA,NA,NA,0
406,6,90,NA,NA,NA,0
407,6,90,NA,NA,NA,0
408,6,90,NA,NA,NA,0
409,6,90,NA,NA,NA,0
410,6,90,NA,NA,NA,0
411,4,91,NA,NA,NA,0
412,4,91,NA,NA,NA,0
413,4,91,NA,NA,NA,0
414,4,91,NA,NA,NA,0
415,3,92,NA,NA,NA,0
416,3,92,"E",NA,2,0
417,3,92,NA,NA,NA,0
418,6,93,"C",NA,4,1
419,6,93,NA,NA,NA,0
420,6,93,NA,NA,NA,0
421,6,93,NA,NA,NA,0
422,6,93,"E",NA,5,0
423,6,93,"H",NA,3,0
424,6,94,NA,NA,NA,0
425,6,94,NA,NA,NA,0
426,6,94,NA,NA,NA,0
427,6,94,NA,NA,NA,0
428,6,94,NA,NA,NA,0
429,6,94,NA,NA,NA,0
430,3,95,NA,NA,NA,0
431,3,95,"E",367,2,0
432,3,95,NA,NA,NA,0
433,5,96,"E",NA,4,0
434,5,96,NA,NA,NA,0
435,5,96,"E",NA,NA,0
436,5,96,NA,NA,NA,0
437,5,96,NA,NA,NA,0
438,6,97,"E",150,5,1
439,6,97,"H",227,2,0
440,6,97,"E",212,2,0
441,6,97,NA,NA,NA,0
442,6,97,"H",210,3,1
443,6,97,NA,NA,NA,0
444,3,98,NA,NA,NA,0
445,3,98,NA,NA,NA,0
446,3,98,NA,NA,NA,0
447,5,99,NA,NA,NA,0
448,5,99,NA,NA,NA,0
449,5,99,NA,NA,NA,0
450,5,99,NA,NA,NA,0
451,5,99,NA,NA,NA,0
452,4,100,NA,NA,NA,0
453,4,100,NA,NA,NA,0
454,4,100,NA,NA,NA,0
455,4,100,NA,NA,NA,0
456,5,101,"E",307,1,0
457,5,101,"H",91,2,0
458,5,101,"H",67,3,1
459,5,101,"E",NA,4,1
460,5,101,NA,NA,NA,0
461,6,102,NA,NA,NA,0
462,6,102,NA,NA,NA,0
463,6,102,NA,NA,NA,0
464,6,102,NA,NA,NA,0
465,6,102,NA,NA,NA,0
466,6,102,NA,NA,NA,0
467,4,103,NA,NA,NA,0
468,4,103,NA,NA,NA,0
469,4,103,NA,NA,NA,0
470,4,103,NA,NA,NA,0
471,5,104,"H",NA,2,0
472,5,104,"C",314,1,1
473,5,104,"E",160,3,1
474,5,104,"E",NA,3,0
475,5,104,"H",345,0,0
476,6,105,NA,NA,NA,0
477,6,105,"E",358,5,2
478,6,105,"H",NA,NA,0
479,6,105,"H",NA,NA,0
480,6,105,NA,NA,NA,0
481,6,105,NA,NA,NA,0
482,3,106,NA,NA,NA,0
483,3,106,NA,NA,NA,0
484,3,106,NA,NA,NA,0
485,4,107,"E",NA,3,0
486,4,107,NA,NA,NA,0
487,4,107,"H",NA,1,0
488,4,107,"E",NA,2,1
489,5,108,"E",NA,4,1
490,5,108,NA,NA,NA,0
491,5,108,NA,NA,NA,0
492,5,108,NA,NA,NA,0
493,5,108,"H",NA,3,0
494,6,109,NA,NA,NA,0
495,6,109,NA,NA,NA,0
496,6,109,NA,NA,NA,0
497,6,109,NA,NA,NA,0
498,6,109,NA,NA,NA,0
499,6,109,NA,NA,NA,0
500,4,110,NA,NA,NA,0
501,4,110,NA,NA,NA,0
502,4,110,"E",NA,3,0
503,4,110,NA,NA,NA,0
504,6,111,"E",50,5,1
505,6,111,"H",256,2,0
506,6,111,"E",NA,3,1
507,6,111,NA,NA,NA,0
508,6,111,"H",NA,4,0
509,6,111,NA,NA,NA,0
510,4,112,"E",73,3,1
511,4,112,"H",NA,2,0
512,4,112,NA,NA,NA,0
513,4,112,NA,NA,NA,0
514,6,113,NA,NA,NA,0
515,6,113,NA,NA,NA,0
516,6,113,NA,NA,NA,0
517,6,113,NA,NA,NA,0
518,6,113,NA,NA,NA,0
519,6,113,NA,NA,NA,0
520,5,114,"E",328,3,1
521,5,114,NA,NA,NA,0
522,5,114,NA,NA,NA,0
523,5,114,"H",367,2,0
524,5,114,"E",NA,4,0
525,4,115,NA,NA,NA,0
526,4,115,NA,NA,NA,0
527,4,115,NA,NA,NA,0
528,4,115,NA,NA,NA,0
529,4,116,NA,NA,NA,0
530,4,116,NA,NA,NA,0
531,4,116,NA,NA,NA,0
532,4,116,NA,NA,NA,0
533,3,117,NA,NA,NA,0
534,3,117,NA,NA,NA,0
535,3,117,NA,NA,NA,0
536,3,118,"E",NA,2,0
537,3,118,NA,NA,NA,0
538,3,118,NA,NA,NA,0
539,3,119,NA,NA,NA,0
540,3,119,NA,NA,NA,0
541,3,119,NA,NA,NA,0
542,6,120,NA,NA,NA,0
543,6,120,NA,NA,NA,0
544,6,120,NA,NA,NA,0
545,6,120,NA,NA,NA,0
546,6,120,NA,NA,NA,0
547,6,120,"E",304,5,0
548,6,121,NA,NA,NA,0
549,6,121,NA,NA,NA,0
550,6,121,"E",NA,5,0
551,6,121,NA,NA,NA,0
552,6,121,NA,NA,NA,0
553,6,121,"E",NA,NA,0
554,5,122,"H",NA,1,0
555,5,122,"C",210,4,3
556,5,122,"H",240,1,0
557,5,122,NA,NA,NA,0
558,5,122,"H",NA,1,0
559,4,123,NA,NA,NA,0
560,4,123,NA,NA,NA,0
561,4,123,NA,NA,NA,0
562,4,123,NA,NA,NA,0
563,3,124,NA,NA,NA,0
564,3,124,NA,NA,NA,0
565,3,124,NA,NA,NA,0
566,5,125,NA,NA,NA,0
567,5,125,"E",21,4,0
568,5,125,NA,NA,NA,0
569,5,125,NA,NA,NA,0
570,5,125,NA,NA,NA,0
571,3,126,"E",NA,NA,0
572,3,126,"E",253,2,0
573,3,126,NA,NA,NA,0
574,4,127,NA,NA,NA,0
575,4,127,NA,NA,NA,0
576,4,127,"E",201,3,0
577,4,127,NA,NA,NA,0
578,6,128,"E",NA,1,0
579,6,128,"H",NA,4,0
580,6,128,"E",NA,5,1
581,6,128,NA,NA,NA,0
582,6,128,"H",264,1,0
583,6,128,"E",NA,2,1
584,4,129,NA,NA,NA,0
585,4,129,NA,NA,NA,0
586,4,129,NA,NA,NA,0
587,4,129,"C",365,3,0
588,3,130,NA,NA,NA,0
589,3,130,NA,NA,NA,0
590,3,130,NA,NA,NA,0
591,6,131,"C",243,5,1
592,6,131,NA,NA,NA,0
593,6,131,"H",NA,4,0
594,6,131,NA,NA,NA,0
595,6,131,NA,NA,NA,0
596,6,131,NA,NA,NA,0
597,4,132,NA,NA,NA,0
598,4,132,NA,NA,NA,0
599,4,132,NA,NA,NA,0
600,4,132,NA,NA,NA,0
601,3,133,NA,NA,NA,0
602,3,133,NA,NA,NA,0
603,3,133,NA,NA,NA,0
604,5,134,NA,NA,NA,0
605,5,134,NA,NA,NA,0
606,5,134,NA,NA,NA,0
607,5,134,NA,NA,NA,0
608,5,134,NA,NA,NA,0
609,6,135,NA,NA,NA,0
610,6,135,NA,NA,NA,0
611,6,135,NA,NA,NA,0
612,6,135,NA,NA,NA,0
613,6,135,NA,NA,NA,0
614,6,135,NA,NA,NA,0
615,4,136,NA,NA,NA,0
616,4,136,NA,NA,NA,0
617,4,136,NA,NA,NA,0
618,4,136,NA,NA,NA,0
619,6,137,NA,NA,NA,0
620,6,137,NA,NA,NA,0
621,6,137,NA,NA,NA,0
622,6,137,NA,NA,NA,0
623,6,137,"E",109,5,0
624,6,137,NA,NA,NA,0
625,6,138,"H",169,1,0
626,6,138,"H",211,1,0
627,6,138,"E",97,5,1
628,6,138,"H",NA,3,2
629,6,138,"H",NA,4,1
630,6,138,NA,NA,NA,0
631,3,139,"E",358,1,0
632,3,139,NA,NA,NA,0
633,3,139,"E",NA,NA,0
634,4,140,NA,NA,NA,0
635,4,140,NA,NA,NA,0
636,4,140,NA,NA,NA,0
637,4,140,NA,NA,NA,0
638,5,141,NA,NA,NA,0
639,5,141,NA,NA,NA,0
640,5,141,NA,NA,NA,0
641,5,141,NA,NA,NA,0
642,5,141,NA,NA,NA,0
643,6,142,"H",NA,3,0
644,6,142,"E",352,1,0
645,6,142,"E",NA,5,1
646,6,142,"H",117,4,1
647,6,142,NA,NA,NA,0
648,6,142,"E",NA,NA,0
649,4,143,NA,NA,NA,0
650,4,143,NA,NA,NA,0
651,4,143,NA,NA,NA,0
652,4,143,"E",NA,3,0
653,4,144,"H",NA,NA,0
654,4,144,NA,NA,NA,0
655,4,144,NA,NA,NA,0
656,4,144,"C",345,3,1
657,3,145,NA,NA,NA,0
658,3,145,NA,NA,NA,0
659,3,145,NA,NA,NA,0
660,6,146,NA,NA,NA,0
661,6,146,"E",NA,5,0
662,6,146,NA,NA,NA,0
663,6,146,NA,NA,NA,0
664,6,146,NA,NA,NA,0
665,6,146,NA,NA,NA,0
666,3,147,NA,NA,NA,0
667,3,147,NA,NA,NA,0
668,3,147,NA,NA,NA,0
669,3,148,NA,NA,NA,0
670,3,148,NA,NA,NA,0
671,3,148,NA,NA,NA,0
672,3,149,NA,NA,NA,0
673,3,149,NA,NA,NA,0
674,3,149,NA,NA,NA,0
675,6,150,"H",118,3,0
676,6,150,"H",NA,4,1
677,6,150,"E",51,5,1
678,6,150,"E",NA,2,0
679,6,150,NA,NA,NA,0
680,6,150,NA,NA,NA,0
681,6,151,"E",NA,5,1
682,6,151,NA,NA,NA,0
683,6,151,"H",NA,3,2
684,6,151,"H",155,1,0
685,6,151,"H",90,4,1
686,6,151,"H",148,1,0
687,3,152,NA,NA,NA,0
688,3,152,NA,NA,NA,0
689,3,152,"C",NA,2,0
690,3,153,NA,NA,NA,0
691,3,153,NA,NA,NA,0
692,3,153,NA,NA,NA,0
693,5,154,NA,NA,NA,0
694,5,154,NA,NA,NA,0
695,5,154,NA,NA,NA,0
696,5,154,NA,NA,NA,0
697,5,154,NA,NA,NA,0
698,6,155,NA,NA,NA,0
699,6,155,NA,NA,NA,0
700,6,155,NA,NA,NA,0
701,6,155,NA,NA,NA,0
702,6,155,NA,NA,NA,0
703,6,155,NA,NA,NA,0
704,3,156,"E",NA,2,0
705,3,156,NA,NA,NA,0
706,3,156,NA,NA,NA,0
707,3,157,NA,NA,NA,0
708,3,157,NA,NA,NA,0
709,3,157,NA,NA,NA,0
710,3,158,NA,NA,NA,0
711,3,158,NA,NA,NA,0
712,3,158,NA,NA,NA,0
713,4,159,NA,NA,NA,0
714,4,159,NA,NA,NA,0
715,4,159,"E",NA,3,0
716,4,159,NA,NA,NA,0
717,6,160,NA,NA,NA,0
718,6,160,NA,NA,NA,0
719,6,160,NA,NA,NA,0
720,6,160,"E",NA,5,0
721,6,160,NA,NA,NA,0
722,6,160,NA,NA,NA,0
723,6,161,NA,NA,NA,0
724,6,161,NA,NA,NA,0
725,6,161,NA,NA,NA,0
726,6,161,NA,NA,NA,0
727,6,161,NA,NA,NA,0
728,6,161,"E",NA,5,0
729,5,162,"E",107,3,1
730,5,162,"H",NA,0,0
731,5,162,"E",NA,2,1
732,5,162,"H",142,1,1
733,5,162,"H",155,0,0
734,5,163,NA,NA,NA,0
735,5,163,NA,NA,NA,0
736,5,163,NA,NA,NA,0
737,5,163,NA,NA,NA,0
738,5,163,NA,NA,NA,0
739,5,164,NA,NA,NA,0
740,5,164,NA,NA,NA,0
741,5,164,NA,NA,NA,0
742,5,164,NA,NA,NA,0
743,5,164,NA,NA,NA,0
744,4,165,"H",NA,2,0
745,4,165,NA,NA,NA,0
746,4,165,"C",NA,3,1
747,4,165,NA,NA,NA,0
748,4,166,NA,NA,NA,0
749,4,166,NA,NA,NA,0
750,4,166,NA,NA,NA,0
751,4,166,NA,NA,NA,0
752,4,167,NA,NA,NA,0
753,4,167,NA,NA,NA,0
754,4,167,NA,NA,NA,0
755,4,167,NA,NA,NA,0
756,3,168,NA,NA,NA,0
757,3,168,NA,NA,NA,0
758,3,168,NA,NA,NA,0
759,3,169,NA,NA,NA,0
760,3,169,NA,NA,NA,0
761,3,169,NA,NA,NA,0
762,6,170,NA,NA,NA,0
763,6,170,NA,NA,NA,0
764,6,170,NA,NA,NA,0
765,6,170,NA,NA,NA,0
766,6,170,NA,NA,NA,0
767,6,170,"E",NA,5,0
768,5,171,"E",181,4,1
769,5,171,NA,NA,NA,0
770,5,171,NA,NA,NA,0
771,5,171,"H",NA,3,0
772,5,171,NA,NA,NA,0
773,4,172,"E",NA,3,0
774,4,172,NA,NA,NA,0
775,4,172,NA,NA,NA,0
776,4,172,NA,NA,NA,0
777,3,173,NA,NA,NA,0
778,3,173,"H",144,1,0
779,3,173,"E",NA,2,1
780,5,174,"H",198,0,0
781,5,174,"H",166,2,2
782,5,174,"E",62,4,0
783,5,174,"E",142,3,1
784,5,174,"H",189,0,0
785,4,175,NA,NA,NA,0
786,4,175,NA,NA,NA,0
787,4,175,NA,NA,NA,0
788,4,175,NA,NA,NA,0
789,6,176,"E",NA,NA,0
790,6,176,NA,NA,NA,0
791,6,176,"E",NA,5,1
792,6,176,NA,NA,NA,0
793,6,176,"H",NA,4,1
794,6,176,"H",NA,3,0
795,4,177,NA,NA,NA,0
796,4,177,NA,NA,NA,0
797,4,177,NA,NA,NA,0
798,4,177,NA,NA,NA,0
799,5,178,NA,NA,NA,0
800,5,178,"H",256,3,0
801,5,178,NA,NA,NA,0
802,5,178,NA,NA,NA,0
803,5,178,"E",NA,4,1
804,5,179,"H",NA,3,0
805,5,179,"E",NA,4,1
806,5,179,"E",NA,NA,0
807,5,179,NA,NA,NA,0
808,5,179,NA,NA,NA,0
809,4,180,NA,NA,NA,0
810,4,180,NA,NA,NA,0
811,4,180,NA,NA,NA,0
812,4,180,"E",174,3,0
813,5,181,NA,NA,NA,0
814,5,181,NA,NA,NA,0
815,5,181,NA,NA,NA,0
816,5,181,"E",NA,NA,0
817,5,181,NA,NA,NA,0
818,4,182,NA,NA,NA,0
819,4,182,NA,NA,NA,0
820,4,182,NA,NA,NA,0
821,4,182,NA,NA,NA,0
822,3,183,NA,NA,NA,0
823,3,183,NA,NA,NA,0
824,3,183,NA,NA,NA,0
825,3,184,"C",NA,2,0
826,3,184,NA,NA,NA,0
827,3,184,NA,NA,NA,0
828,5,185,NA,NA,NA,0
829,5,185,NA,NA,NA,0
830,5,185,"E",91,4,0
831,5,185,NA,NA,NA,0
832,5,185,NA,NA,NA,0
833,6,186,"H",NA,3,1
834,6,186,"H",NA,1,1
835,6,186,"H",164,2,1
836,6,186,"H",237,0,0
837,6,186,"H",165,2,0
838,6,186,"E",NA,5,2
839,3,187,NA,NA,NA,0
840,3,187,NA,NA,NA,0
841,3,187,NA,NA,NA,0
842,4,188,"E",54,3,2
843,4,188,"H",91,1,0
844,4,188,NA,NA,NA,0
845,4,188,"H",NA,1,0
846,4,189,NA,NA,NA,0
847,4,189,NA,NA,NA,0
848,4,189,NA,NA,NA,0
849,4,189,NA,NA,NA,0
850,5,190,NA,NA,NA,0
851,5,190,NA,NA,NA,0
852,5,190,NA,NA,NA,0
853,5,190,NA,NA,NA,0
854,5,190,NA,NA,NA,0
855,6,191,"H",226,1,0
856,6,191,"H",NA,1,0
857,6,191,"E",NA,3,2
858,6,191,"H",258,1,0
859,6,191,"E",NA,4,1
860,6,191,NA,NA,NA,0
861,6,192,NA,NA,NA,0
862,6,192,NA,NA,NA,0
863,6,192,NA,NA,NA,0
864,6,192,NA,NA,NA,0
865,6,192,NA,NA,NA,0
866,6,192,NA,NA,NA,0
867,5,193,NA,NA,NA,0
868,5,193,NA,NA,NA,0
869,5,193,NA,NA,NA,0
870,5,193,NA,NA,NA,0
871,5,193,"E",NA,4,0
872,6,194,NA,NA,NA,0
873,6,194,NA,NA,NA,0
874,6,194,NA,NA,NA,0
875,6,194,NA,NA,NA,0
876,6,194,NA,NA,NA,0
877,6,194,NA,NA,NA,0
878,6,195,"E",175,3,1
879,6,195,"H",NA,2,0
880,6,195,"E",53,5,0
881,6,195,"E",126,4,0
882,6,195,NA,NA,NA,0
883,6,195,NA,NA,NA,0
884,3,196,NA,NA,NA,0
885,3,196,NA,NA,NA,0
886,3,196,NA,NA,NA,0
887,5,197,NA,NA,NA,0
888,5,197,NA,NA,NA,0
889,5,197,NA,NA,NA,0
890,5,197,NA,NA,NA,0
891,5,197,"E",NA,4,0
892,5,198,"E",NA,4,0
893,5,198,NA,NA,NA,0
894,5,198,NA,NA,NA,0
895,5,198,NA,NA,NA,0
896,5,198,NA,NA,NA,0
897,3,199,NA,NA,NA,0
898,3,199,NA,NA,NA,0
899,3,199,NA,NA,NA,0
900,3,200,NA,NA,NA,0
901,3,200,"H",270,1,0
902,3,200,"E",NA,2,1
903,3,201,NA,NA,NA,0
904,3,201,NA,NA,NA,0
905,3,201,NA,NA,NA,0
906,3,202,"E",237,2,2
907,3,202,"H",NA,0,0
908,3,202,"H",269,0,0
909,6,203,NA,NA,NA,0
910,6,203,"H",280,3,0
911,6,203,"H",NA,3,0
912,6,203,"E",NA,5,2
913,6,203,NA,NA,NA,0
914,6,203,NA,NA,NA,0
915,6,204,NA,NA,NA,0
916,6,204,"E",NA,4,1
917,6,204,NA,NA,NA,0
918,6,204,NA,NA,NA,0
919,6,204,"H",NA,3,0
920,6,204,"E",213,4,0
921,3,205,NA,NA,NA,0
922,3,205,NA,NA,NA,0
923,3,205,"C",NA,2,0
924,4,206,NA,NA,NA,0
925,4,206,"H",157,2,0
926,4,206,"E",NA,3,1
927,4,206,NA,NA,NA,0
928,5,207,"H",107,2,0
929,5,207,NA,NA,NA,0
930,5,207,"E",77,4,2
931,5,207,NA,NA,NA,0
932,5,207,"H",104,2,0
933,5,208,"E",NA,4,0
934,5,208,NA,NA,NA,0
935,5,208,NA,NA,NA,0
936,5,208,NA,NA,NA,0
937,5,208,NA,NA,NA,0
938,5,209,NA,NA,NA,0
939,5,209,"E",NA,4,1
940,5,209,NA,NA,NA,0
941,5,209,"H",NA,2,0
942,5,209,"H",266,3,1
943,5,210,"H",105,3,0
944,5,210,NA,NA,NA,0
945,5,210,NA,NA,NA,0
946,5,210,"E",61,4,1
947,5,210,NA,NA,NA,0
948,6,211,NA,NA,NA,0
949,6,211,"E",212,5,0
950,6,211,NA,NA,NA,0
951,6,211,NA,NA,NA,0
952,6,211,NA,NA,NA,0
953,6,211,NA,NA,NA,0
954,5,212,NA,NA,NA,0
955,5,212,NA,NA,NA,0
956,5,212,NA,NA,NA,0
957,5,212,NA,NA,NA,0
958,5,212,NA,NA,NA,0
959,6,213,NA,NA,NA,0
960,6,213,NA,NA,NA,0
961,6,213,NA,NA,NA,0
962,6,213,NA,NA,NA,0
963,6,213,NA,NA,NA,0
964,6,213,NA,NA,NA,0
965,3,214,NA,NA,NA,0
966,3,214,NA,NA,NA,0
967,3,214,NA,NA,NA,0
968,4,215,"E",NA,3,0
969,4,215,NA,NA,NA,0
970,4,215,NA,NA,NA,0
971,4,215,NA,NA,NA,0
972,3,216,NA,NA,NA,0
973,3,216,NA,NA,NA,0
974,3,216,NA,NA,NA,0
975,6,217,NA,NA,NA,0
976,6,217,"H",NA,4,1
977,6,217,NA,NA,NA,0
978,6,217,NA,NA,NA,0
979,6,217,"H",NA,3,0
980,6,217,"E",104,5,1
981,6,218,"E",NA,4,0
982,6,218,NA,NA,NA,0
983,6,218,NA,NA,NA,0
984,6,218,"E",157,5,0
985,6,218,NA,NA,NA,0
986,6,218,NA,NA,NA,0
987,5,219,"H",NA,1,1
988,5,219,"E",NA,NA,0
989,5,219,"E",320,2,1
990,5,219,"H",NA,NA,0
991,5,219,"E",NA,4,0
992,3,220,NA,NA,NA,0
993,3,220,NA,NA,NA,0
994,3,220,NA,NA,NA,0
995,6,221,NA,NA,NA,0
996,6,221,NA,NA,NA,0
997,6,221,NA,NA,NA,0
998,6,221,NA,NA,NA,0
999,6,221,NA,NA,NA,0
1000,6,221,NA,NA,NA,0
