"ID","SIZE","HH","TYPE","TIME","S_NUM","I_NUM"
1,6,1,"0",20,5,2
2,6,1,"H",64,2,2
3,6,1,"H",86,0,0
4,6,1,"H",38,3,1
5,6,1,"H",97,0,0
6,6,1,"H",118,0,0
7,4,2,NA,NA,NA,0
8,4,2,NA,NA,NA,0
9,4,2,NA,NA,NA,0
10,4,2,NA,NA,NA,0
11,5,3,NA,NA,NA,0
12,5,3,NA,NA,NA,0
13,5,3,NA,NA,NA,0
14,5,3,NA,NA,NA,0
15,5,3,NA,NA,NA,0
16,3,4,"C",359,2,0
17,3,4,NA,NA,NA,0
18,3,4,NA,NA,NA,0
19,5,5,NA,NA,NA,0
20,5,5,NA,NA,NA,0
21,5,5,NA,NA,NA,0
22,5,5,NA,NA,NA,0
23,5,5,NA,NA,NA,0
24,5,6,NA,NA,NA,0
25,5,6,NA,NA,NA,0
26,5,6,NA,NA,NA,0
27,5,6,NA,NA,NA,0
28,5,6,NA,NA,NA,0
29,6,7,NA,NA,NA,0
30,6,7,NA,NA,NA,0
31,6,7,"C",NA,NA,0
32,6,7,NA,NA,NA,0
33,6,7,NA,NA,NA,0
34,6,7,NA,NA,NA,0
35,6,8,NA,NA,NA,0
36,6,8,NA,NA,NA,0
37,6,8,NA,NA,NA,0
38,6,8,NA,NA,NA,0
39,6,8,NA,NA,NA,0
40,6,8,NA,NA,NA,0
41,6,9,NA,NA,NA,0
42,6,9,NA,NA,NA,0
43,6,9,NA,NA,NA,0
44,6,9,NA,NA,NA,0
45,6,9,NA,NA,NA,0
46,6,9,NA,NA,NA,0
47,6,10,NA,NA,NA,0
48,6,10,NA,NA,NA,0
49,6,10,NA,NA,NA,0
50,6,10,NA,NA,NA,0
51,6,10,NA,NA,NA,0
52,6,10,NA,NA,NA,0
53,5,11,NA,NA,NA,0
54,5,11,NA,NA,NA,0
55,5,11,NA,NA,NA,0
56,5,11,NA,NA,NA,0
57,5,11,NA,NA,NA,0
58,4,12,NA,NA,NA,0
59,4,12,NA,NA,NA,0
60,4,12,NA,NA,NA,0
61,4,12,NA,NA,NA,0
62,4,13,NA,NA,NA,0
63,4,13,NA,NA,NA,0
64,4,13,NA,NA,NA,0
65,4,13,"C",NA,NA,0
66,4,14,NA,NA,NA,0
67,4,14,NA,NA,NA,0
68,4,14,NA,NA,NA,0
69,4,14,NA,NA,NA,0
70,4,15,NA,NA,NA,0
71,4,15,NA,NA,NA,0
72,4,15,NA,NA,NA,0
73,4,15,NA,NA,NA,0
74,6,16,NA,NA,NA,0
75,6,16,NA,NA,NA,0
76,6,16,NA,NA,NA,0
77,6,16,NA,NA,NA,0
78,6,16,NA,NA,NA,0
79,6,16,NA,NA,NA,0
80,3,17,NA,NA,NA,0
81,3,17,NA,NA,NA,0
82,3,17,NA,NA,NA,0
83,4,18,NA,NA,NA,0
84,4,18,NA,NA,NA,0
85,4,18,NA,NA,NA,0
86,4,18,NA,NA,NA,0
87,3,19,NA,NA,NA,0
88,3,19,NA,NA,NA,0
89,3,19,NA,NA,NA,0
90,3,20,NA,NA,NA,0
91,3,20,NA,NA,NA,0
92,3,20,NA,NA,NA,0
93,6,21,NA,NA,NA,0
94,6,21,"H",206,2,0
95,6,21,"C",137,5,2
96,6,21,"H",183,3,1
97,6,21,"C",NA,NA,0
98,6,21,"H",181,3,0
99,6,22,NA,NA,NA,0
100,6,22,NA,NA,NA,0
101,6,22,NA,NA,NA,0
102,6,22,NA,NA,NA,0
103,6,22,NA,NA,NA,0
104,6,22,NA,NA,NA,0
105,5,23,"C",286,4,1
106,5,23,"H",359,1,0
107,5,23,NA,NA,NA,0
108,5,23,"H",325,3,2
109,5,23,"H",NA,NA,0
110,4,24,"C",NA,NA,0
111,4,24,NA,NA,NA,0
112,4,24,NA,NA,NA,0
113,4,24,NA,NA,NA,0
114,5,25,NA,NA,NA,0
115,5,25,NA,NA,NA,0
116,5,25,NA,NA,NA,0
117,5,25,NA,NA,NA,0
118,5,25,NA,NA,NA,0
119,4,26,NA,NA,NA,0
120,4,26,NA,NA,NA,0
121,4,26,NA,NA,NA,0
122,4,26,NA,NA,NA,0
123,3,27,NA,NA,NA,0
124,3,27,NA,NA,NA,0
125,3,27,NA,NA,NA,0
126,6,28,NA,NA,NA,0
127,6,28,"C",NA,NA,0
128,6,28,NA,NA,NA,0
129,6,28,NA,NA,NA,0
130,6,28,NA,NA,NA,0
131,6,28,NA,NA,NA,0
132,3,29,NA,NA,NA,0
133,3,29,NA,NA,NA,0
134,3,29,NA,NA,NA,0
135,6,30,NA,NA,NA,0
136,6,30,NA,NA,NA,0
137,6,30,NA,NA,NA,0
138,6,30,NA,NA,NA,0
139,6,30,NA,NA,NA,0
140,6,30,NA,NA,NA,0
141,3,31,NA,NA,NA,0
142,3,31,NA,NA,NA,0
143,3,31,NA,NA,NA,0
144,4,32,NA,NA,NA,0
145,4,32,NA,NA,NA,0
146,4,32,NA,NA,NA,0
147,4,32,NA,NA,NA,0
148,4,33,NA,NA,NA,0
149,4,33,NA,NA,NA,0
150,4,33,NA,NA,NA,0
151,4,33,NA,NA,NA,0
152,4,34,NA,NA,NA,0
153,4,34,NA,NA,NA,0
154,4,34,NA,NA,NA,0
155,4,34,NA,NA,NA,0
156,5,35,NA,NA,NA,0
157,5,35,NA,NA,NA,0
158,5,35,NA,NA,NA,0
159,5,35,NA,NA,NA,0
160,5,35,"C",364,4,0
161,5,36,"H",140,3,1
162,5,36,"H",173,2,0
163,5,36,NA,NA,NA,0
164,5,36,"C",98,4,1
165,5,36,NA,NA,NA,0
166,3,37,NA,NA,NA,0
167,3,37,NA,NA,NA,0
168,3,37,NA,NA,NA,0
169,3,38,"C",NA,NA,0
170,3,38,NA,NA,NA,0
171,3,38,NA,NA,NA,0
172,4,39,NA,NA,NA,0
173,4,39,NA,NA,NA,0
174,4,39,NA,NA,NA,0
175,4,39,NA,NA,NA,0
176,4,40,NA,NA,NA,0
177,4,40,NA,NA,NA,0
178,4,40,NA,NA,NA,0
179,4,40,NA,NA,NA,0
180,5,41,NA,NA,NA,0
181,5,41,NA,NA,NA,0
182,5,41,NA,NA,NA,0
183,5,41,NA,NA,NA,0
184,5,41,NA,NA,NA,0
185,4,42,NA,NA,NA,0
186,4,42,NA,NA,NA,0
187,4,42,NA,NA,NA,0
188,4,42,NA,NA,NA,0
189,5,43,NA,NA,NA,0
190,5,43,NA,NA,NA,0
191,5,43,NA,NA,NA,0
192,5,43,NA,NA,NA,0
193,5,43,NA,NA,NA,0
194,3,44,NA,NA,NA,0
195,3,44,NA,NA,NA,0
196,3,44,"C",NA,NA,0
197,4,45,NA,NA,NA,0
198,4,45,"C",311,3,1
199,4,45,"H",360,2,0
200,4,45,NA,NA,NA,0
201,4,46,"C",330,3,0
202,4,46,NA,NA,NA,0
203,4,46,NA,NA,NA,0
204,4,46,NA,NA,NA,0
205,5,47,NA,NA,NA,0
206,5,47,NA,NA,NA,0
207,5,47,NA,NA,NA,0
208,5,47,NA,NA,NA,0
209,5,47,NA,NA,NA,0
210,3,48,"C",341,2,1
211,3,48,NA,NA,NA,0
212,3,48,"H",NA,NA,0
213,6,49,NA,NA,NA,0
214,6,49,NA,NA,NA,0
215,6,49,NA,NA,NA,0
216,6,49,NA,NA,NA,0
217,6,49,NA,NA,NA,0
218,6,49,NA,NA,NA,0
219,4,50,"H",351,0,0
220,4,50,"H",351,0,0
221,4,50,"H",332,1,1
222,4,50,"C",296,3,2
223,5,51,NA,NA,NA,0
224,5,51,NA,NA,NA,0
225,5,51,NA,NA,NA,0
226,5,51,NA,NA,NA,0
227,5,51,NA,NA,NA,0
228,6,52,NA,NA,NA,0
229,6,52,NA,NA,NA,0
230,6,52,NA,NA,NA,0
231,6,52,NA,NA,NA,0
232,6,52,NA,NA,NA,0
233,6,52,NA,NA,NA,0
234,5,53,NA,NA,NA,0
235,5,53,NA,NA,NA,0
236,5,53,"H",348,3,0
237,5,53,NA,NA,NA,0
238,5,53,"C",305,4,1
239,6,54,NA,NA,NA,0
240,6,54,NA,NA,NA,0
241,6,54,NA,NA,NA,0
242,6,54,NA,NA,NA,0
243,6,54,"C",NA,NA,0
244,6,54,NA,NA,NA,0
245,4,55,"H",271,0,0
246,4,55,"H",244,0,0
247,4,55,"H",247,0,0
248,4,55,"C",223,3,3
249,5,56,NA,NA,NA,0
250,5,56,NA,NA,NA,0
251,5,56,NA,NA,NA,0
252,5,56,NA,NA,NA,0
253,5,56,NA,NA,NA,0
254,4,57,"H",247,1,1
255,4,57,"H",286,0,0
256,4,57,"C",213,2,1
257,4,57,"C",215,2,0
258,4,58,NA,NA,NA,0
259,4,58,NA,NA,NA,0
260,4,58,"C",206,3,0
261,4,58,NA,NA,NA,0
262,3,59,NA,NA,NA,0
263,3,59,NA,NA,NA,0
264,3,59,"C",363,2,0
265,3,60,NA,NA,NA,0
266,3,60,NA,NA,NA,0
267,3,60,NA,NA,NA,0
268,6,61,NA,NA,NA,0
269,6,61,"H",294,4,2
270,6,61,"C",262,5,1
271,6,61,"H",317,2,0
272,6,61,NA,NA,NA,0
273,6,61,"H",331,2,0
274,6,62,NA,NA,NA,0
275,6,62,NA,NA,NA,0
276,6,62,NA,NA,NA,0
277,6,62,NA,NA,NA,0
278,6,62,NA,NA,NA,0
279,6,62,NA,NA,NA,0
280,5,63,NA,NA,NA,0
281,5,63,NA,NA,NA,0
282,5,63,NA,NA,NA,0
283,5,63,NA,NA,NA,0
284,5,63,NA,NA,NA,0
285,6,64,NA,NA,NA,0
286,6,64,"H",142,4,1
287,6,64,NA,NA,NA,0
288,6,64,"H",158,3,0
289,6,64,"C",117,5,1
290,6,64,NA,NA,NA,0
291,6,65,NA,NA,NA,0
292,6,65,NA,NA,NA,0
293,6,65,"H",97,4,0
294,6,65,NA,NA,NA,0
295,6,65,NA,NA,NA,0
296,6,65,"C",83,5,1
297,5,66,NA,NA,NA,0
298,5,66,"C",NA,NA,0
299,5,66,NA,NA,NA,0
300,5,66,NA,NA,NA,0
301,5,66,NA,NA,NA,0
302,6,67,NA,NA,NA,0
303,6,67,NA,NA,NA,0
304,6,67,NA,NA,NA,0
305,6,67,NA,NA,NA,0
306,6,67,NA,NA,NA,0
307,6,67,NA,NA,NA,0
308,6,68,NA,NA,NA,0
309,6,68,NA,NA,NA,0
310,6,68,NA,NA,NA,0
311,6,68,NA,NA,NA,0
312,6,68,NA,NA,NA,0
313,6,68,NA,NA,NA,0
314,4,69,NA,NA,NA,0
315,4,69,NA,NA,NA,0
316,4,69,NA,NA,NA,0
317,4,69,NA,NA,NA,0
318,5,70,NA,NA,NA,0
319,5,70,NA,NA,NA,0
320,5,70,NA,NA,NA,0
321,5,70,NA,NA,NA,0
322,5,70,NA,NA,NA,0
323,6,71,NA,NA,NA,0
324,6,71,NA,NA,NA,0
325,6,71,NA,NA,NA,0
326,6,71,"C",NA,NA,0
327,6,71,NA,NA,NA,0
328,6,71,NA,NA,NA,0
329,5,72,NA,NA,NA,0
330,5,72,NA,NA,NA,0
331,5,72,NA,NA,NA,0
332,5,72,NA,NA,NA,0
333,5,72,NA,NA,NA,0
334,6,73,NA,NA,NA,0
335,6,73,NA,NA,NA,0
336,6,73,"C",82,5,0
337,6,73,NA,NA,NA,0
338,6,73,NA,NA,NA,0
339,6,73,NA,NA,NA,0
340,6,74,NA,NA,NA,0
341,6,74,NA,NA,NA,0
342,6,74,NA,NA,NA,0
343,6,74,NA,NA,NA,0
344,6,74,NA,NA,NA,0
345,6,74,NA,NA,NA,0
346,3,75,NA,NA,NA,0
347,3,75,NA,NA,NA,0
348,3,75,NA,NA,NA,0
349,6,76,"H",311,0,0
350,6,76,"C",274,1,1
351,6,76,"C",250,5,2
352,6,76,"H",292,0,0
353,6,76,"H",293,0,0
354,6,76,"H",267,2,1
355,4,77,NA,NA,NA,0
356,4,77,NA,NA,NA,0
357,4,77,NA,NA,NA,0
358,4,77,NA,NA,NA,0
359,3,78,NA,NA,NA,0
360,3,78,NA,NA,NA,0
361,3,78,NA,NA,NA,0
362,4,79,NA,NA,NA,0
363,4,79,NA,NA,NA,0
364,4,79,NA,NA,NA,0
365,4,79,NA,NA,NA,0
366,5,80,NA,NA,NA,0
367,5,80,NA,NA,NA,0
368,5,80,NA,NA,NA,0
369,5,80,NA,NA,NA,0
370,5,80,NA,NA,NA,0
371,5,81,NA,NA,NA,0
372,5,81,NA,NA,NA,0
373,5,81,NA,NA,NA,0
374,5,81,NA,NA,NA,0
375,5,81,NA,NA,NA,0
376,3,82,NA,NA,NA,0
377,3,82,NA,NA,NA,0
378,3,82,NA,NA,NA,0
379,6,83,NA,NA,NA,0
380,6,83,NA,NA,NA,0
381,6,83,NA,NA,NA,0
382,6,83,NA,NA,NA,0
383,6,83,NA,NA,NA,0
384,6,83,NA,NA,NA,0
385,6,84,NA,NA,NA,0
386,6,84,NA,NA,NA,0
387,6,84,NA,NA,NA,0
388,6,84,NA,NA,NA,0
389,6,84,NA,NA,NA,0
390,6,84,NA,NA,NA,0
391,5,85,"C",NA,NA,0
392,5,85,NA,NA,NA,0
393,5,85,NA,NA,NA,0
394,5,85,NA,NA,NA,0
395,5,85,"C",NA,NA,0
396,5,86,NA,NA,NA,0
397,5,86,NA,NA,NA,0
398,5,86,"C",300,4,0
399,5,86,NA,NA,NA,0
400,5,86,NA,NA,NA,0
401,5,87,NA,NA,NA,0
402,5,87,NA,NA,NA,0
403,5,87,NA,NA,NA,0
404,5,87,NA,NA,NA,0
405,5,87,NA,NA,NA,0
406,4,88,NA,NA,NA,0
407,4,88,NA,NA,NA,0
408,4,88,"H",332,2,0
409,4,88,"C",282,3,1
410,6,89,NA,NA,NA,0
411,6,89,NA,NA,NA,0
412,6,89,NA,NA,NA,0
413,6,89,NA,NA,NA,0
414,6,89,NA,NA,NA,0
415,6,89,NA,NA,NA,0
416,3,90,NA,NA,NA,0
417,3,90,NA,NA,NA,0
418,3,90,NA,NA,NA,0
419,5,91,NA,NA,NA,0
420,5,91,NA,NA,NA,0
421,5,91,NA,NA,NA,0
422,5,91,NA,NA,NA,0
423,5,91,NA,NA,NA,0
424,6,92,"C",227,5,0
425,6,92,NA,NA,NA,0
426,6,92,NA,NA,NA,0
427,6,92,NA,NA,NA,0
428,6,92,NA,NA,NA,0
429,6,92,"C",NA,NA,0
430,5,93,"C",357,3,2
431,5,93,NA,NA,NA,0
432,5,93,"C",324,3,0
433,5,93,"H",NA,NA,0
434,5,93,"H",NA,NA,0
435,3,94,"C",248,2,0
436,3,94,NA,NA,NA,0
437,3,94,NA,NA,NA,0
438,6,95,NA,NA,NA,0
439,6,95,NA,NA,NA,0
440,6,95,NA,NA,NA,0
441,6,95,NA,NA,NA,0
442,6,95,NA,NA,NA,0
443,6,95,NA,NA,NA,0
444,3,96,"H",NA,NA,0
445,3,96,"H",NA,NA,0
446,3,96,"C",360,2,2
447,5,97,NA,NA,NA,0
448,5,97,NA,NA,NA,0
449,5,97,NA,NA,NA,0
450,5,97,NA,NA,NA,0
451,5,97,NA,NA,NA,0
452,3,98,NA,NA,NA,0
453,3,98,NA,NA,NA,0
454,3,98,NA,NA,NA,0
455,4,99,NA,NA,NA,0
456,4,99,NA,NA,NA,0
457,4,99,NA,NA,NA,0
458,4,99,NA,NA,NA,0
459,6,100,NA,NA,NA,0
460,6,100,NA,NA,NA,0
461,6,100,NA,NA,NA,0
462,6,100,NA,NA,NA,0
463,6,100,NA,NA,NA,0
464,6,100,NA,NA,NA,0
465,6,101,NA,NA,NA,0
466,6,101,NA,NA,NA,0
467,6,101,NA,NA,NA,0
468,6,101,NA,NA,NA,0
469,6,101,NA,NA,NA,0
470,6,101,NA,NA,NA,0
471,3,102,NA,NA,NA,0
472,3,102,NA,NA,NA,0
473,3,102,NA,NA,NA,0
474,5,103,NA,NA,NA,0
475,5,103,NA,NA,NA,0
476,5,103,NA,NA,NA,0
477,5,103,NA,NA,NA,0
478,5,103,NA,NA,NA,0
479,6,104,NA,NA,NA,0
480,6,104,NA,NA,NA,0
481,6,104,NA,NA,NA,0
482,6,104,NA,NA,NA,0
483,6,104,NA,NA,NA,0
484,6,104,NA,NA,NA,0
485,4,105,NA,NA,NA,0
486,4,105,NA,NA,NA,0
487,4,105,NA,NA,NA,0
488,4,105,NA,NA,NA,0
489,5,106,NA,NA,NA,0
490,5,106,NA,NA,NA,0
491,5,106,NA,NA,NA,0
492,5,106,NA,NA,NA,0
493,5,106,NA,NA,NA,0
494,6,107,"C",236,5,3
495,6,107,NA,NA,NA,0
496,6,107,NA,NA,NA,0
497,6,107,"H",260,2,0
498,6,107,"H",277,2,0
499,6,107,"H",265,2,0
500,3,108,NA,NA,NA,0
501,3,108,NA,NA,NA,0
502,3,108,NA,NA,NA,0
503,5,109,NA,NA,NA,0
504,5,109,NA,NA,NA,0
505,5,109,NA,NA,NA,0
506,5,109,NA,NA,NA,0
507,5,109,NA,NA,NA,0
508,3,110,NA,NA,NA,0
509,3,110,NA,NA,NA,0
510,3,110,NA,NA,NA,0
511,6,111,NA,NA,NA,0
512,6,111,NA,NA,NA,0
513,6,111,NA,NA,NA,0
514,6,111,NA,NA,NA,0
515,6,111,NA,NA,NA,0
516,6,111,NA,NA,NA,0
517,6,112,NA,NA,NA,0
518,6,112,NA,NA,NA,0
519,6,112,NA,NA,NA,0
520,6,112,"C",NA,NA,0
521,6,112,NA,NA,NA,0
522,6,112,NA,NA,NA,0
523,3,113,NA,NA,NA,0
524,3,113,NA,NA,NA,0
525,3,113,NA,NA,NA,0
526,3,114,NA,NA,NA,0
527,3,114,NA,NA,NA,0
528,3,114,NA,NA,NA,0
529,3,115,NA,NA,NA,0
530,3,115,NA,NA,NA,0
531,3,115,NA,NA,NA,0
532,3,116,NA,NA,NA,0
533,3,116,NA,NA,NA,0
534,3,116,NA,NA,NA,0
535,6,117,NA,NA,NA,0
536,6,117,NA,NA,NA,0
537,6,117,NA,NA,NA,0
538,6,117,NA,NA,NA,0
539,6,117,NA,NA,NA,0
540,6,117,NA,NA,NA,0
541,4,118,NA,NA,NA,0
542,4,118,NA,NA,NA,0
543,4,118,NA,NA,NA,0
544,4,118,NA,NA,NA,0
545,5,119,NA,NA,NA,0
546,5,119,NA,NA,NA,0
547,5,119,NA,NA,NA,0
548,5,119,NA,NA,NA,0
549,5,119,NA,NA,NA,0
550,4,120,NA,NA,NA,0
551,4,120,NA,NA,NA,0
552,4,120,NA,NA,NA,0
553,4,120,NA,NA,NA,0
554,3,121,NA,NA,NA,0
555,3,121,NA,NA,NA,0
556,3,121,NA,NA,NA,0
557,4,122,NA,NA,NA,0
558,4,122,"C",NA,NA,0
559,4,122,NA,NA,NA,0
560,4,122,NA,NA,NA,0
561,4,123,NA,NA,NA,0
562,4,123,NA,NA,NA,0
563,4,123,NA,NA,NA,0
564,4,123,NA,NA,NA,0
565,3,124,NA,NA,NA,0
566,3,124,NA,NA,NA,0
567,3,124,NA,NA,NA,0
568,5,125,NA,NA,NA,0
569,5,125,NA,NA,NA,0
570,5,125,NA,NA,NA,0
571,5,125,NA,NA,NA,0
572,5,125,NA,NA,NA,0
573,3,126,NA,NA,NA,0
574,3,126,NA,NA,NA,0
575,3,126,NA,NA,NA,0
576,5,127,NA,NA,NA,0
577,5,127,NA,NA,NA,0
578,5,127,NA,NA,NA,0
579,5,127,NA,NA,NA,0
580,5,127,NA,NA,NA,0
581,3,128,NA,NA,NA,0
582,3,128,NA,NA,NA,0
583,3,128,NA,NA,NA,0
584,5,129,NA,NA,NA,0
585,5,129,NA,NA,NA,0
586,5,129,NA,NA,NA,0
587,5,129,NA,NA,NA,0
588,5,129,NA,NA,NA,0
589,4,130,NA,NA,NA,0
590,4,130,NA,NA,NA,0
591,4,130,NA,NA,NA,0
592,4,130,NA,NA,NA,0
593,5,131,NA,NA,NA,0
594,5,131,NA,NA,NA,0
595,5,131,NA,NA,NA,0
596,5,131,NA,NA,NA,0
597,5,131,NA,NA,NA,0
598,6,132,NA,NA,NA,0
599,6,132,NA,NA,NA,0
600,6,132,NA,NA,NA,0
601,6,132,NA,NA,NA,0
602,6,132,NA,NA,NA,0
603,6,132,NA,NA,NA,0
604,3,133,NA,NA,NA,0
605,3,133,NA,NA,NA,0
606,3,133,NA,NA,NA,0
607,4,134,NA,NA,NA,0
608,4,134,NA,NA,NA,0
609,4,134,NA,NA,NA,0
610,4,134,NA,NA,NA,0
611,3,135,NA,NA,NA,0
612,3,135,NA,NA,NA,0
613,3,135,NA,NA,NA,0
614,4,136,NA,NA,NA,0
615,4,136,NA,NA,NA,0
616,4,136,NA,NA,NA,0
617,4,136,"C",NA,NA,0
618,6,137,NA,NA,NA,0
619,6,137,NA,NA,NA,0
620,6,137,NA,NA,NA,0
621,6,137,NA,NA,NA,0
622,6,137,NA,NA,NA,0
623,6,137,NA,NA,NA,0
624,6,138,"C",NA,NA,0
625,6,138,NA,NA,NA,0
626,6,138,NA,NA,NA,0
627,6,138,NA,NA,NA,0
628,6,138,NA,NA,NA,0
629,6,138,NA,NA,NA,0
630,6,139,NA,NA,NA,0
631,6,139,NA,NA,NA,0
632,6,139,NA,NA,NA,0
633,6,139,NA,NA,NA,0
634,6,139,NA,NA,NA,0
635,6,139,NA,NA,NA,0
636,6,140,NA,NA,NA,0
637,6,140,NA,NA,NA,0
638,6,140,NA,NA,NA,0
639,6,140,NA,NA,NA,0
640,6,140,NA,NA,NA,0
641,6,140,NA,NA,NA,0
642,6,141,"C",NA,NA,0
643,6,141,NA,NA,NA,0
644,6,141,NA,NA,NA,0
645,6,141,NA,NA,NA,0
646,6,141,NA,NA,NA,0
647,6,141,NA,NA,NA,0
648,5,142,NA,NA,NA,0
649,5,142,NA,NA,NA,0
650,5,142,NA,NA,NA,0
651,5,142,NA,NA,NA,0
652,5,142,NA,NA,NA,0
653,3,143,NA,NA,NA,0
654,3,143,NA,NA,NA,0
655,3,143,NA,NA,NA,0
656,5,144,NA,NA,NA,0
657,5,144,NA,NA,NA,0
658,5,144,NA,NA,NA,0
659,5,144,NA,NA,NA,0
660,5,144,NA,NA,NA,0
661,3,145,NA,NA,NA,0
662,3,145,NA,NA,NA,0
663,3,145,NA,NA,NA,0
664,4,146,NA,NA,NA,0
665,4,146,NA,NA,NA,0
666,4,146,NA,NA,NA,0
667,4,146,NA,NA,NA,0
668,4,147,NA,NA,NA,0
669,4,147,NA,NA,NA,0
670,4,147,NA,NA,NA,0
671,4,147,NA,NA,NA,0
672,5,148,NA,NA,NA,0
673,5,148,NA,NA,NA,0
674,5,148,NA,NA,NA,0
675,5,148,NA,NA,NA,0
676,5,148,NA,NA,NA,0
677,5,149,NA,NA,NA,0
678,5,149,NA,NA,NA,0
679,5,149,NA,NA,NA,0
680,5,149,NA,NA,NA,0
681,5,149,NA,NA,NA,0
682,3,150,NA,NA,NA,0
683,3,150,NA,NA,NA,0
684,3,150,NA,NA,NA,0
685,3,151,"C",NA,NA,0
686,3,151,NA,NA,NA,0
687,3,151,NA,NA,NA,0
688,5,152,NA,NA,NA,0
689,5,152,NA,NA,NA,0
690,5,152,NA,NA,NA,0
691,5,152,NA,NA,NA,0
692,5,152,NA,NA,NA,0
693,4,153,"H",345,0,0
694,4,153,"H",317,0,0
695,4,153,"C",282,3,2
696,4,153,"H",307,1,1
697,6,154,NA,NA,NA,0
698,6,154,"H",NA,NA,0
699,6,154,NA,NA,NA,0
700,6,154,"H",365,3,0
701,6,154,NA,NA,NA,0
702,6,154,"C",338,5,2
703,3,155,NA,NA,NA,0
704,3,155,NA,NA,NA,0
705,3,155,NA,NA,NA,0
706,3,156,NA,NA,NA,0
707,3,156,NA,NA,NA,0
708,3,156,NA,NA,NA,0
709,6,157,NA,NA,NA,0
710,6,157,NA,NA,NA,0
711,6,157,NA,NA,NA,0
712,6,157,NA,NA,NA,0
713,6,157,NA,NA,NA,0
714,6,157,NA,NA,NA,0
715,5,158,"H",294,3,0
716,5,158,"C",263,4,1
717,5,158,NA,NA,NA,0
718,5,158,NA,NA,NA,0
719,5,158,NA,NA,NA,0
720,6,159,NA,NA,NA,0
721,6,159,NA,NA,NA,0
722,6,159,NA,NA,NA,0
723,6,159,NA,NA,NA,0
724,6,159,NA,NA,NA,0
725,6,159,NA,NA,NA,0
726,5,160,"H",NA,NA,0
727,5,160,"C",343,4,2
728,5,160,"H",NA,NA,0
729,5,160,"H",361,2,1
730,5,160,NA,NA,NA,0
731,3,161,NA,NA,NA,0
732,3,161,NA,NA,NA,0
733,3,161,NA,NA,NA,0
734,5,162,NA,NA,NA,0
735,5,162,NA,NA,NA,0
736,5,162,NA,NA,NA,0
737,5,162,NA,NA,NA,0
738,5,162,NA,NA,NA,0
739,3,163,NA,NA,NA,0
740,3,163,NA,NA,NA,0
741,3,163,NA,NA,NA,0
742,4,164,NA,NA,NA,0
743,4,164,NA,NA,NA,0
744,4,164,"C",NA,NA,0
745,4,164,NA,NA,NA,0
746,4,165,NA,NA,NA,0
747,4,165,NA,NA,NA,0
748,4,165,NA,NA,NA,0
749,4,165,NA,NA,NA,0
750,6,166,"H",211,3,0
751,6,166,"C",164,5,2
752,6,166,NA,NA,NA,0
753,6,166,"C",NA,NA,0
754,6,166,"H",204,3,0
755,6,166,NA,NA,NA,0
756,5,167,"H",344,0,0
757,5,167,"H",NA,NA,0
758,5,167,"H",338,0,0
759,5,167,"C",306,4,3
760,5,167,"H",331,1,1
761,6,168,NA,NA,NA,0
762,6,168,NA,NA,NA,0
763,6,168,NA,NA,NA,0
764,6,168,NA,NA,NA,0
765,6,168,NA,NA,NA,0
766,6,168,NA,NA,NA,0
767,5,169,NA,NA,NA,0
768,5,169,NA,NA,NA,0
769,5,169,NA,NA,NA,0
770,5,169,NA,NA,NA,0
771,5,169,NA,NA,NA,0
772,5,170,NA,NA,NA,0
773,5,170,NA,NA,NA,0
774,5,170,NA,NA,NA,0
775,5,170,NA,NA,NA,0
776,5,170,NA,NA,NA,0
777,3,171,NA,NA,NA,0
778,3,171,NA,NA,NA,0
779,3,171,NA,NA,NA,0
780,5,172,NA,NA,NA,0
781,5,172,NA,NA,NA,0
782,5,172,NA,NA,NA,0
783,5,172,NA,NA,NA,0
784,5,172,NA,NA,NA,0
785,3,173,NA,NA,NA,0
786,3,173,NA,NA,NA,0
787,3,173,NA,NA,NA,0
788,6,174,NA,NA,NA,0
789,6,174,NA,NA,NA,0
790,6,174,NA,NA,NA,0
791,6,174,NA,NA,NA,0
792,6,174,NA,NA,NA,0
793,6,174,NA,NA,NA,0
794,3,175,NA,NA,NA,0
795,3,175,NA,NA,NA,0
796,3,175,"C",272,2,0
797,6,176,NA,NA,NA,0
798,6,176,NA,NA,NA,0
799,6,176,NA,NA,NA,0
800,6,176,NA,NA,NA,0
801,6,176,NA,NA,NA,0
802,6,176,NA,NA,NA,0
803,3,177,NA,NA,NA,0
804,3,177,NA,NA,NA,0
805,3,177,NA,NA,NA,0
806,6,178,NA,NA,NA,0
807,6,178,NA,NA,NA,0
808,6,178,NA,NA,NA,0
809,6,178,NA,NA,NA,0
810,6,178,NA,NA,NA,0
811,6,178,NA,NA,NA,0
812,6,179,NA,NA,NA,0
813,6,179,NA,NA,NA,0
814,6,179,NA,NA,NA,0
815,6,179,NA,NA,NA,0
816,6,179,NA,NA,NA,0
817,6,179,NA,NA,NA,0
818,3,180,NA,NA,NA,0
819,3,180,NA,NA,NA,0
820,3,180,NA,NA,NA,0
821,4,181,NA,NA,NA,0
822,4,181,NA,NA,NA,0
823,4,181,NA,NA,NA,0
824,4,181,NA,NA,NA,0
825,5,182,NA,NA,NA,0
826,5,182,NA,NA,NA,0
827,5,182,NA,NA,NA,0
828,5,182,NA,NA,NA,0
829,5,182,NA,NA,NA,0
830,3,183,NA,NA,NA,0
831,3,183,NA,NA,NA,0
832,3,183,NA,NA,NA,0
833,5,184,NA,NA,NA,0
834,5,184,NA,NA,NA,0
835,5,184,NA,NA,NA,0
836,5,184,NA,NA,NA,0
837,5,184,NA,NA,NA,0
838,4,185,NA,NA,NA,0
839,4,185,NA,NA,NA,0
840,4,185,NA,NA,NA,0
841,4,185,NA,NA,NA,0
842,4,186,NA,NA,NA,0
843,4,186,NA,NA,NA,0
844,4,186,NA,NA,NA,0
845,4,186,NA,NA,NA,0
846,3,187,NA,NA,NA,0
847,3,187,NA,NA,NA,0
848,3,187,"C",NA,NA,0
849,4,188,NA,NA,NA,0
850,4,188,NA,NA,NA,0
851,4,188,NA,NA,NA,0
852,4,188,NA,NA,NA,0
853,5,189,NA,NA,NA,0
854,5,189,NA,NA,NA,0
855,5,189,NA,NA,NA,0
856,5,189,NA,NA,NA,0
857,5,189,NA,NA,NA,0
858,5,190,NA,NA,NA,0
859,5,190,NA,NA,NA,0
860,5,190,NA,NA,NA,0
861,5,190,NA,NA,NA,0
862,5,190,NA,NA,NA,0
863,5,191,NA,NA,NA,0
864,5,191,NA,NA,NA,0
865,5,191,"H",300,3,0
866,5,191,"C",277,4,1
867,5,191,NA,NA,NA,0
868,5,192,"H",NA,NA,0
869,5,192,NA,NA,NA,0
870,5,192,NA,NA,NA,0
871,5,192,"H",NA,NA,0
872,5,192,"C",358,4,2
873,6,193,"H",NA,NA,0
874,6,193,"H",NA,NA,0
875,6,193,NA,NA,NA,0
876,6,193,"H",355,2,1
877,6,193,"H",348,3,1
878,6,193,"C",321,5,2
879,4,194,NA,NA,NA,0
880,4,194,NA,NA,NA,0
881,4,194,NA,NA,NA,0
882,4,194,NA,NA,NA,0
883,3,195,NA,NA,NA,0
884,3,195,NA,NA,NA,0
885,3,195,NA,NA,NA,0
886,4,196,NA,NA,NA,0
887,4,196,NA,NA,NA,0
888,4,196,NA,NA,NA,0
889,4,196,NA,NA,NA,0
890,6,197,NA,NA,NA,0
891,6,197,NA,NA,NA,0
892,6,197,NA,NA,NA,0
893,6,197,NA,NA,NA,0
894,6,197,NA,NA,NA,0
895,6,197,NA,NA,NA,0
896,5,198,NA,NA,NA,0
897,5,198,NA,NA,NA,0
898,5,198,"C",321,4,1
899,5,198,"H",349,3,1
900,5,198,"H",NA,NA,0
901,6,199,"C",190,5,2
902,6,199,"H",210,3,2
903,6,199,"H",233,1,0
904,6,199,"H",235,1,0
905,6,199,"H",296,0,0
906,6,199,"H",250,1,1
907,6,200,NA,NA,NA,0
908,6,200,NA,NA,NA,0
909,6,200,NA,NA,NA,0
910,6,200,NA,NA,NA,0
911,6,200,NA,NA,NA,0
912,6,200,NA,NA,NA,0
913,5,201,NA,NA,NA,0
914,5,201,NA,NA,NA,0
915,5,201,NA,NA,NA,0
916,5,201,NA,NA,NA,0
917,5,201,NA,NA,NA,0
918,5,202,NA,NA,NA,0
919,5,202,NA,NA,NA,0
920,5,202,NA,NA,NA,0
921,5,202,NA,NA,NA,0
922,5,202,NA,NA,NA,0
923,6,203,NA,NA,NA,0
924,6,203,NA,NA,NA,0
925,6,203,NA,NA,NA,0
926,6,203,NA,NA,NA,0
927,6,203,NA,NA,NA,0
928,6,203,NA,NA,NA,0
929,5,204,NA,NA,NA,0
930,5,204,NA,NA,NA,0
931,5,204,NA,NA,NA,0
932,5,204,NA,NA,NA,0
933,5,204,NA,NA,NA,0
934,4,205,NA,NA,NA,0
935,4,205,NA,NA,NA,0
936,4,205,NA,NA,NA,0
937,4,205,NA,NA,NA,0
938,6,206,NA,NA,NA,0
939,6,206,NA,NA,NA,0
940,6,206,NA,NA,NA,0
941,6,206,NA,NA,NA,0
942,6,206,NA,NA,NA,0
943,6,206,NA,NA,NA,0
944,3,207,NA,NA,NA,0
945,3,207,NA,NA,NA,0
946,3,207,NA,NA,NA,0
947,4,208,"C",209,3,2
948,4,208,"H",242,1,0
949,4,208,"H",226,1,0
950,4,208,NA,NA,NA,0
951,6,209,NA,NA,NA,0
952,6,209,NA,NA,NA,0
953,6,209,NA,NA,NA,0
954,6,209,NA,NA,NA,0
955,6,209,NA,NA,NA,0
956,6,209,NA,NA,NA,0
957,6,210,NA,NA,NA,0
958,6,210,NA,NA,NA,0
959,6,210,NA,NA,NA,0
960,6,210,"C",NA,NA,0
961,6,210,NA,NA,NA,0
962,6,210,NA,NA,NA,0
963,4,211,NA,NA,NA,0
964,4,211,NA,NA,NA,0
965,4,211,NA,NA,NA,0
966,4,211,NA,NA,NA,0
967,6,212,NA,NA,NA,0
968,6,212,NA,NA,NA,0
969,6,212,NA,NA,NA,0
970,6,212,NA,NA,NA,0
971,6,212,NA,NA,NA,0
972,6,212,"C",246,5,0
973,3,213,NA,NA,NA,0
974,3,213,NA,NA,NA,0
975,3,213,NA,NA,NA,0
976,4,214,NA,NA,NA,0
977,4,214,NA,NA,NA,0
978,4,214,NA,NA,NA,0
979,4,214,NA,NA,NA,0
980,4,215,NA,NA,NA,0
981,4,215,NA,NA,NA,0
982,4,215,NA,NA,NA,0
983,4,215,NA,NA,NA,0
984,4,216,NA,NA,NA,0
985,4,216,NA,NA,NA,0
986,4,216,NA,NA,NA,0
987,4,216,NA,NA,NA,0
988,3,217,NA,NA,NA,0
989,3,217,NA,NA,NA,0
990,3,217,NA,NA,NA,0
991,3,218,NA,NA,NA,0
992,3,218,NA,NA,NA,0
993,3,218,NA,NA,NA,0
994,4,219,NA,NA,NA,0
995,4,219,NA,NA,NA,0
996,4,219,NA,NA,NA,0
997,4,219,NA,NA,NA,0
998,3,220,"C",156,2,1
999,3,220,"H",231,1,0
1000,3,220,NA,NA,NA,0
