"ID","SIZE","HH","TYPE","TIME","S_NUM","I_NUM"
1,3,1,"0",59,2,1
2,3,1,"H",99,1,1
3,3,1,"H",135,0,0
4,6,2,NA,NA,NA,0
5,6,2,NA,NA,NA,0
6,6,2,NA,NA,NA,0
7,6,2,NA,NA,NA,0
8,6,2,NA,NA,NA,0
9,6,2,NA,NA,NA,0
10,5,3,NA,NA,NA,0
11,5,3,NA,NA,NA,0
12,5,3,NA,NA,NA,0
13,5,3,NA,NA,NA,0
14,5,3,NA,NA,NA,0
15,5,4,NA,NA,NA,0
16,5,4,NA,NA,NA,0
17,5,4,NA,NA,NA,0
18,5,4,NA,NA,NA,0
19,5,4,NA,NA,NA,0
20,5,5,NA,NA,NA,0
21,5,5,NA,NA,NA,0
22,5,5,NA,NA,NA,0
23,5,5,NA,NA,NA,0
24,5,5,NA,NA,NA,0
25,6,6,"H",NA,NA,0
26,6,6,"H",310,2,0
27,6,6,NA,NA,NA,0
28,6,6,"C",288,5,3
29,6,6,"H",330,2,1
30,6,6,"H",319,2,0
31,3,7,NA,NA,NA,0
32,3,7,NA,NA,NA,0
33,3,7,NA,NA,NA,0
34,6,8,NA,NA,NA,0
35,6,8,NA,NA,NA,0
36,6,8,NA,NA,NA,0
37,6,8,NA,NA,NA,0
38,6,8,NA,NA,NA,0
39,6,8,NA,NA,NA,0
40,4,9,NA,NA,NA,0
41,4,9,NA,NA,NA,0
42,4,9,NA,NA,NA,0
43,4,9,NA,NA,NA,0
44,5,10,NA,NA,NA,0
45,5,10,NA,NA,NA,0
46,5,10,NA,NA,NA,0
47,5,10,NA,NA,NA,0
48,5,10,NA,NA,NA,0
49,6,11,NA,NA,NA,0
50,6,11,NA,NA,NA,0
51,6,11,NA,NA,NA,0
52,6,11,NA,NA,NA,0
53,6,11,NA,NA,NA,0
54,6,11,NA,NA,NA,0
55,3,12,NA,NA,NA,0
56,3,12,NA,NA,NA,0
57,3,12,NA,NA,NA,0
58,5,13,NA,NA,NA,0
59,5,13,NA,NA,NA,0
60,5,13,NA,NA,NA,0
61,5,13,NA,NA,NA,0
62,5,13,NA,NA,NA,0
63,3,14,NA,NA,NA,0
64,3,14,NA,NA,NA,0
65,3,14,NA,NA,NA,0
66,6,15,NA,NA,NA,0
67,6,15,NA,NA,NA,0
68,6,15,NA,NA,NA,0
69,6,15,NA,NA,NA,0
70,6,15,NA,NA,NA,0
71,6,15,NA,NA,NA,0
72,6,16,NA,NA,NA,0
73,6,16,NA,NA,NA,0
74,6,16,NA,NA,NA,0
75,6,16,NA,NA,NA,0
76,6,16,NA,NA,NA,0
77,6,16,NA,NA,NA,0
78,5,17,NA,NA,NA,0
79,5,17,NA,NA,NA,0
80,5,17,NA,NA,NA,0
81,5,17,NA,NA,NA,0
82,5,17,NA,NA,NA,0
83,3,18,"C",185,2,0
84,3,18,NA,NA,NA,0
85,3,18,NA,NA,NA,0
86,6,19,NA,NA,NA,0
87,6,19,"H",169,2,0
88,6,19,"H",154,2,0
89,6,19,NA,NA,NA,0
90,6,19,"H",173,2,0
91,6,19,"C",141,5,3
92,5,20,NA,NA,NA,0
93,5,20,NA,NA,NA,0
94,5,20,NA,NA,NA,0
95,5,20,NA,NA,NA,0
96,5,20,NA,NA,NA,0
97,5,21,NA,NA,NA,0
98,5,21,NA,NA,NA,0
99,5,21,NA,NA,NA,0
100,5,21,"H",188,3,0
101,5,21,"C",166,4,1
102,4,22,NA,NA,NA,0
103,4,22,"H",232,2,0
104,4,22,NA,NA,NA,0
105,4,22,"C",208,3,1
106,4,23,NA,NA,NA,0
107,4,23,NA,NA,NA,0
108,4,23,NA,NA,NA,0
109,4,23,NA,NA,NA,0
110,4,24,NA,NA,NA,0
111,4,24,NA,NA,NA,0
112,4,24,NA,NA,NA,0
113,4,24,NA,NA,NA,0
114,5,25,NA,NA,NA,0
115,5,25,NA,NA,NA,0
116,5,25,NA,NA,NA,0
117,5,25,NA,NA,NA,0
118,5,25,NA,NA,NA,0
119,6,26,NA,NA,NA,0
120,6,26,NA,NA,NA,0
121,6,26,NA,NA,NA,0
122,6,26,NA,NA,NA,0
123,6,26,NA,NA,NA,0
124,6,26,NA,NA,NA,0
125,5,27,"H",NA,NA,0
126,5,27,"C",340,4,1
127,5,27,NA,NA,NA,0
128,5,27,NA,NA,NA,0
129,5,27,NA,NA,NA,0
130,4,28,NA,NA,NA,0
131,4,28,NA,NA,NA,0
132,4,28,NA,NA,NA,0
133,4,28,NA,NA,NA,0
134,4,29,"C",346,2,0
135,4,29,"C",317,3,0
136,4,29,NA,NA,NA,0
137,4,29,NA,NA,NA,0
138,5,30,NA,NA,NA,0
139,5,30,NA,NA,NA,0
140,5,30,NA,NA,NA,0
141,5,30,NA,NA,NA,0
142,5,30,NA,NA,NA,0
143,4,31,NA,NA,NA,0
144,4,31,NA,NA,NA,0
145,4,31,NA,NA,NA,0
146,4,31,NA,NA,NA,0
147,6,32,NA,NA,NA,0
148,6,32,NA,NA,NA,0
149,6,32,NA,NA,NA,0
150,6,32,NA,NA,NA,0
151,6,32,NA,NA,NA,0
152,6,32,"C",NA,NA,0
153,3,33,NA,NA,NA,0
154,3,33,NA,NA,NA,0
155,3,33,NA,NA,NA,0
156,5,34,NA,NA,NA,0
157,5,34,NA,NA,NA,0
158,5,34,NA,NA,NA,0
159,5,34,NA,NA,NA,0
160,5,34,NA,NA,NA,0
161,6,35,NA,NA,NA,0
162,6,35,NA,NA,NA,0
163,6,35,NA,NA,NA,0
164,6,35,NA,NA,NA,0
165,6,35,NA,NA,NA,0
166,6,35,NA,NA,NA,0
167,4,36,NA,NA,NA,0
168,4,36,NA,NA,NA,0
169,4,36,NA,NA,NA,0
170,4,36,NA,NA,NA,0
171,5,37,NA,NA,NA,0
172,5,37,NA,NA,NA,0
173,5,37,NA,NA,NA,0
174,5,37,NA,NA,NA,0
175,5,37,NA,NA,NA,0
176,5,38,NA,NA,NA,0
177,5,38,NA,NA,NA,0
178,5,38,NA,NA,NA,0
179,5,38,NA,NA,NA,0
180,5,38,NA,NA,NA,0
181,5,39,NA,NA,NA,0
182,5,39,NA,NA,NA,0
183,5,39,NA,NA,NA,0
184,5,39,NA,NA,NA,0
185,5,39,NA,NA,NA,0
186,5,40,NA,NA,NA,0
187,5,40,NA,NA,NA,0
188,5,40,NA,NA,NA,0
189,5,40,NA,NA,NA,0
190,5,40,NA,NA,NA,0
191,6,41,NA,NA,NA,0
192,6,41,NA,NA,NA,0
193,6,41,NA,NA,NA,0
194,6,41,NA,NA,NA,0
195,6,41,NA,NA,NA,0
196,6,41,NA,NA,NA,0
197,6,42,NA,NA,NA,0
198,6,42,NA,NA,NA,0
199,6,42,NA,NA,NA,0
200,6,42,NA,NA,NA,0
201,6,42,NA,NA,NA,0
202,6,42,NA,NA,NA,0
203,3,43,NA,NA,NA,0
204,3,43,"C",NA,NA,0
205,3,43,NA,NA,NA,0
206,6,44,"C",251,5,0
207,6,44,NA,NA,NA,0
208,6,44,NA,NA,NA,0
209,6,44,NA,NA,NA,0
210,6,44,NA,NA,NA,0
211,6,44,NA,NA,NA,0
212,5,45,NA,NA,NA,0
213,5,45,NA,NA,NA,0
214,5,45,NA,NA,NA,0
215,5,45,NA,NA,NA,0
216,5,45,NA,NA,NA,0
217,5,46,NA,NA,NA,0
218,5,46,NA,NA,NA,0
219,5,46,NA,NA,NA,0
220,5,46,NA,NA,NA,0
221,5,46,NA,NA,NA,0
222,5,47,NA,NA,NA,0
223,5,47,NA,NA,NA,0
224,5,47,NA,NA,NA,0
225,5,47,NA,NA,NA,0
226,5,47,NA,NA,NA,0
227,5,48,NA,NA,NA,0
228,5,48,NA,NA,NA,0
229,5,48,NA,NA,NA,0
230,5,48,NA,NA,NA,0
231,5,48,NA,NA,NA,0
232,4,49,NA,NA,NA,0
233,4,49,NA,NA,NA,0
234,4,49,NA,NA,NA,0
235,4,49,NA,NA,NA,0
236,5,50,NA,NA,NA,0
237,5,50,NA,NA,NA,0
238,5,50,NA,NA,NA,0
239,5,50,NA,NA,NA,0
240,5,50,NA,NA,NA,0
241,3,51,NA,NA,NA,0
242,3,51,NA,NA,NA,0
243,3,51,NA,NA,NA,0
244,5,52,"H",353,1,1
245,5,52,"H",337,3,2
246,5,52,"C",308,4,1
247,5,52,"H",NA,NA,0
248,5,52,"H",NA,NA,0
249,5,53,NA,NA,NA,0
250,5,53,NA,NA,NA,0
251,5,53,NA,NA,NA,0
252,5,53,NA,NA,NA,0
253,5,53,NA,NA,NA,0
254,4,54,NA,NA,NA,0
255,4,54,NA,NA,NA,0
256,4,54,NA,NA,NA,0
257,4,54,NA,NA,NA,0
258,6,55,NA,NA,NA,0
259,6,55,NA,NA,NA,0
260,6,55,NA,NA,NA,0
261,6,55,NA,NA,NA,0
262,6,55,NA,NA,NA,0
263,6,55,NA,NA,NA,0
264,5,56,NA,NA,NA,0
265,5,56,NA,NA,NA,0
266,5,56,NA,NA,NA,0
267,5,56,NA,NA,NA,0
268,5,56,NA,NA,NA,0
269,3,57,NA,NA,NA,0
270,3,57,NA,NA,NA,0
271,3,57,NA,NA,NA,0
272,6,58,NA,NA,NA,0
273,6,58,NA,NA,NA,0
274,6,58,NA,NA,NA,0
275,6,58,NA,NA,NA,0
276,6,58,NA,NA,NA,0
277,6,58,NA,NA,NA,0
278,3,59,NA,NA,NA,0
279,3,59,NA,NA,NA,0
280,3,59,NA,NA,NA,0
281,6,60,NA,NA,NA,0
282,6,60,NA,NA,NA,0
283,6,60,NA,NA,NA,0
284,6,60,NA,NA,NA,0
285,6,60,NA,NA,NA,0
286,6,60,NA,NA,NA,0
287,3,61,NA,NA,NA,0
288,3,61,NA,NA,NA,0
289,3,61,NA,NA,NA,0
290,5,62,NA,NA,NA,0
291,5,62,NA,NA,NA,0
292,5,62,NA,NA,NA,0
293,5,62,NA,NA,NA,0
294,5,62,NA,NA,NA,0
295,3,63,NA,NA,NA,0
296,3,63,NA,NA,NA,0
297,3,63,NA,NA,NA,0
298,4,64,NA,NA,NA,0
299,4,64,NA,NA,NA,0
300,4,64,NA,NA,NA,0
301,4,64,NA,NA,NA,0
302,3,65,NA,NA,NA,0
303,3,65,NA,NA,NA,0
304,3,65,NA,NA,NA,0
305,5,66,NA,NA,NA,0
306,5,66,NA,NA,NA,0
307,5,66,NA,NA,NA,0
308,5,66,NA,NA,NA,0
309,5,66,NA,NA,NA,0
310,3,67,NA,NA,NA,0
311,3,67,NA,NA,NA,0
312,3,67,NA,NA,NA,0
313,6,68,NA,NA,NA,0
314,6,68,NA,NA,NA,0
315,6,68,NA,NA,NA,0
316,6,68,NA,NA,NA,0
317,6,68,NA,NA,NA,0
318,6,68,NA,NA,NA,0
319,6,69,"C",289,5,0
320,6,69,NA,NA,NA,0
321,6,69,NA,NA,NA,0
322,6,69,NA,NA,NA,0
323,6,69,NA,NA,NA,0
324,6,69,NA,NA,NA,0
325,5,70,NA,NA,NA,0
326,5,70,NA,NA,NA,0
327,5,70,NA,NA,NA,0
328,5,70,NA,NA,NA,0
329,5,70,NA,NA,NA,0
330,4,71,NA,NA,NA,0
331,4,71,NA,NA,NA,0
332,4,71,NA,NA,NA,0
333,4,71,NA,NA,NA,0
334,6,72,NA,NA,NA,0
335,6,72,"C",319,5,1
336,6,72,"H",352,3,2
337,6,72,"H",NA,NA,0
338,6,72,"H",NA,NA,0
339,6,72,"C",NA,NA,0
340,5,73,"H",249,1,1
341,5,73,"C",214,4,3
342,5,73,"H",274,0,0
343,5,73,"H",253,0,0
344,5,73,"H",312,0,0
345,6,74,NA,NA,NA,0
346,6,74,NA,NA,NA,0
347,6,74,NA,NA,NA,0
348,6,74,NA,NA,NA,0
349,6,74,NA,NA,NA,0
350,6,74,NA,NA,NA,0
351,4,75,NA,NA,NA,0
352,4,75,NA,NA,NA,0
353,4,75,NA,NA,NA,0
354,4,75,NA,NA,NA,0
355,6,76,NA,NA,NA,0
356,6,76,NA,NA,NA,0
357,6,76,NA,NA,NA,0
358,6,76,NA,NA,NA,0
359,6,76,NA,NA,NA,0
360,6,76,NA,NA,NA,0
361,3,77,NA,NA,NA,0
362,3,77,NA,NA,NA,0
363,3,77,NA,NA,NA,0
364,6,78,"H",132,1,1
365,6,78,"H",140,0,0
366,6,78,"H",174,0,0
367,6,78,"C",108,5,4
368,6,78,"H",153,0,0
369,6,78,"H",158,0,0
370,4,79,NA,NA,NA,0
371,4,79,NA,NA,NA,0
372,4,79,NA,NA,NA,0
373,4,79,NA,NA,NA,0
374,3,80,NA,NA,NA,0
375,3,80,NA,NA,NA,0
376,3,80,NA,NA,NA,0
377,4,81,NA,NA,NA,0
378,4,81,NA,NA,NA,0
379,4,81,NA,NA,NA,0
380,4,81,NA,NA,NA,0
381,5,82,NA,NA,NA,0
382,5,82,NA,NA,NA,0
383,5,82,NA,NA,NA,0
384,5,82,NA,NA,NA,0
385,5,82,NA,NA,NA,0
386,4,83,NA,NA,NA,0
387,4,83,NA,NA,NA,0
388,4,83,NA,NA,NA,0
389,4,83,"C",340,3,0
390,3,84,NA,NA,NA,0
391,3,84,NA,NA,NA,0
392,3,84,NA,NA,NA,0
393,3,85,NA,NA,NA,0
394,3,85,NA,NA,NA,0
395,3,85,NA,NA,NA,0
396,5,86,NA,NA,NA,0
397,5,86,NA,NA,NA,0
398,5,86,NA,NA,NA,0
399,5,86,NA,NA,NA,0
400,5,86,NA,NA,NA,0
401,6,87,NA,NA,NA,0
402,6,87,NA,NA,NA,0
403,6,87,NA,NA,NA,0
404,6,87,NA,NA,NA,0
405,6,87,NA,NA,NA,0
406,6,87,NA,NA,NA,0
407,5,88,NA,NA,NA,0
408,5,88,NA,NA,NA,0
409,5,88,"C",304,4,0
410,5,88,NA,NA,NA,0
411,5,88,NA,NA,NA,0
412,4,89,NA,NA,NA,0
413,4,89,NA,NA,NA,0
414,4,89,NA,NA,NA,0
415,4,89,NA,NA,NA,0
416,6,90,"C",280,5,2
417,6,90,"H",358,2,2
418,6,90,"H",341,3,1
419,6,90,"H",NA,NA,0
420,6,90,"H",NA,NA,0
421,6,90,"H",304,3,0
422,6,91,NA,NA,NA,0
423,6,91,NA,NA,NA,0
424,6,91,NA,NA,NA,0
425,6,91,NA,NA,NA,0
426,6,91,NA,NA,NA,0
427,6,91,NA,NA,NA,0
428,6,92,NA,NA,NA,0
429,6,92,NA,NA,NA,0
430,6,92,NA,NA,NA,0
431,6,92,NA,NA,NA,0
432,6,92,NA,NA,NA,0
433,6,92,NA,NA,NA,0
434,5,93,"H",161,0,0
435,5,93,"H",100,3,2
436,5,93,"H",132,1,1
437,5,93,"H",137,1,0
438,5,93,"C",81,4,1
439,4,94,NA,NA,NA,0
440,4,94,NA,NA,NA,0
441,4,94,NA,NA,NA,0
442,4,94,NA,NA,NA,0
443,5,95,NA,NA,NA,0
444,5,95,NA,NA,NA,0
445,5,95,"C",352,4,0
446,5,95,NA,NA,NA,0
447,5,95,NA,NA,NA,0
448,6,96,NA,NA,NA,0
449,6,96,NA,NA,NA,0
450,6,96,"C",NA,NA,0
451,6,96,NA,NA,NA,0
452,6,96,NA,NA,NA,0
453,6,96,NA,NA,NA,0
454,3,97,NA,NA,NA,0
455,3,97,NA,NA,NA,0
456,3,97,NA,NA,NA,0
457,4,98,NA,NA,NA,0
458,4,98,NA,NA,NA,0
459,4,98,NA,NA,NA,0
460,4,98,NA,NA,NA,0
461,6,99,NA,NA,NA,0
462,6,99,NA,NA,NA,0
463,6,99,NA,NA,NA,0
464,6,99,NA,NA,NA,0
465,6,99,"C",NA,NA,0
466,6,99,NA,NA,NA,0
467,3,100,NA,NA,NA,0
468,3,100,NA,NA,NA,0
469,3,100,NA,NA,NA,0
470,3,101,NA,NA,NA,0
471,3,101,NA,NA,NA,0
472,3,101,NA,NA,NA,0
473,4,102,NA,NA,NA,0
474,4,102,NA,NA,NA,0
475,4,102,NA,NA,NA,0
476,4,102,NA,NA,NA,0
477,6,103,NA,NA,NA,0
478,6,103,NA,NA,NA,0
479,6,103,NA,NA,NA,0
480,6,103,NA,NA,NA,0
481,6,103,NA,NA,NA,0
482,6,103,NA,NA,NA,0
483,4,104,NA,NA,NA,0
484,4,104,NA,NA,NA,0
485,4,104,NA,NA,NA,0
486,4,104,NA,NA,NA,0
487,4,105,NA,NA,NA,0
488,4,105,NA,NA,NA,0
489,4,105,NA,NA,NA,0
490,4,105,NA,NA,NA,0
491,4,106,NA,NA,NA,0
492,4,106,NA,NA,NA,0
493,4,106,NA,NA,NA,0
494,4,106,NA,NA,NA,0
495,3,107,NA,NA,NA,0
496,3,107,NA,NA,NA,0
497,3,107,NA,NA,NA,0
498,3,108,NA,NA,NA,0
499,3,108,NA,NA,NA,0
500,3,108,NA,NA,NA,0
501,3,109,NA,NA,NA,0
502,3,109,NA,NA,NA,0
503,3,109,NA,NA,NA,0
504,4,110,NA,NA,NA,0
505,4,110,NA,NA,NA,0
506,4,110,NA,NA,NA,0
507,4,110,NA,NA,NA,0
508,4,111,NA,NA,NA,0
509,4,111,NA,NA,NA,0
510,4,111,NA,NA,NA,0
511,4,111,NA,NA,NA,0
512,5,112,NA,NA,NA,0
513,5,112,NA,NA,NA,0
514,5,112,NA,NA,NA,0
515,5,112,NA,NA,NA,0
516,5,112,NA,NA,NA,0
517,4,113,NA,NA,NA,0
518,4,113,NA,NA,NA,0
519,4,113,NA,NA,NA,0
520,4,113,NA,NA,NA,0
521,4,114,NA,NA,NA,0
522,4,114,NA,NA,NA,0
523,4,114,"C",NA,NA,0
524,4,114,NA,NA,NA,0
525,5,115,NA,NA,NA,0
526,5,115,NA,NA,NA,0
527,5,115,NA,NA,NA,0
528,5,115,NA,NA,NA,0
529,5,115,NA,NA,NA,0
530,3,116,NA,NA,NA,0
531,3,116,NA,NA,NA,0
532,3,116,NA,NA,NA,0
533,6,117,NA,NA,NA,0
534,6,117,NA,NA,NA,0
535,6,117,NA,NA,NA,0
536,6,117,NA,NA,NA,0
537,6,117,NA,NA,NA,0
538,6,117,NA,NA,NA,0
539,3,118,NA,NA,NA,0
540,3,118,NA,NA,NA,0
541,3,118,NA,NA,NA,0
542,6,119,NA,NA,NA,0
543,6,119,NA,NA,NA,0
544,6,119,NA,NA,NA,0
545,6,119,NA,NA,NA,0
546,6,119,NA,NA,NA,0
547,6,119,NA,NA,NA,0
548,5,120,NA,NA,NA,0
549,5,120,"C",294,4,0
550,5,120,NA,NA,NA,0
551,5,120,NA,NA,NA,0
552,5,120,NA,NA,NA,0
553,6,121,NA,NA,NA,0
554,6,121,NA,NA,NA,0
555,6,121,NA,NA,NA,0
556,6,121,"C",NA,NA,0
557,6,121,NA,NA,NA,0
558,6,121,NA,NA,NA,0
559,5,122,"C",252,4,0
560,5,122,NA,NA,NA,0
561,5,122,NA,NA,NA,0
562,5,122,NA,NA,NA,0
563,5,122,NA,NA,NA,0
564,3,123,"C",NA,NA,0
565,3,123,NA,NA,NA,0
566,3,123,NA,NA,NA,0
567,4,124,"H",215,1,0
568,4,124,NA,NA,NA,0
569,4,124,"C",98,3,1
570,4,124,"H",128,2,1
571,5,125,"C",175,4,0
572,5,125,NA,NA,NA,0
573,5,125,NA,NA,NA,0
574,5,125,NA,NA,NA,0
575,5,125,"C",NA,NA,0
576,5,126,NA,NA,NA,0
577,5,126,NA,NA,NA,0
578,5,126,NA,NA,NA,0
579,5,126,NA,NA,NA,0
580,5,126,NA,NA,NA,0
581,3,127,NA,NA,NA,0
582,3,127,NA,NA,NA,0
583,3,127,NA,NA,NA,0
584,3,128,NA,NA,NA,0
585,3,128,NA,NA,NA,0
586,3,128,NA,NA,NA,0
587,3,129,NA,NA,NA,0
588,3,129,NA,NA,NA,0
589,3,129,NA,NA,NA,0
590,6,130,NA,NA,NA,0
591,6,130,NA,NA,NA,0
592,6,130,NA,NA,NA,0
593,6,130,NA,NA,NA,0
594,6,130,NA,NA,NA,0
595,6,130,NA,NA,NA,0
596,4,131,"C",355,3,1
597,4,131,NA,NA,NA,0
598,4,131,"H",NA,NA,0
599,4,131,NA,NA,NA,0
600,6,132,NA,NA,NA,0
601,6,132,NA,NA,NA,0
602,6,132,NA,NA,NA,0
603,6,132,NA,NA,NA,0
604,6,132,"C",325,5,0
605,6,132,NA,NA,NA,0
606,4,133,NA,NA,NA,0
607,4,133,NA,NA,NA,0
608,4,133,NA,NA,NA,0
609,4,133,NA,NA,NA,0
610,4,134,NA,NA,NA,0
611,4,134,NA,NA,NA,0
612,4,134,"C",268,3,0
613,4,134,NA,NA,NA,0
614,4,135,NA,NA,NA,0
615,4,135,NA,NA,NA,0
616,4,135,NA,NA,NA,0
617,4,135,NA,NA,NA,0
618,3,136,NA,NA,NA,0
619,3,136,NA,NA,NA,0
620,3,136,NA,NA,NA,0
621,5,137,NA,NA,NA,0
622,5,137,NA,NA,NA,0
623,5,137,NA,NA,NA,0
624,5,137,NA,NA,NA,0
625,5,137,NA,NA,NA,0
626,5,138,NA,NA,NA,0
627,5,138,NA,NA,NA,0
628,5,138,NA,NA,NA,0
629,5,138,NA,NA,NA,0
630,5,138,NA,NA,NA,0
631,6,139,NA,NA,NA,0
632,6,139,NA,NA,NA,0
633,6,139,NA,NA,NA,0
634,6,139,NA,NA,NA,0
635,6,139,NA,NA,NA,0
636,6,139,NA,NA,NA,0
637,5,140,NA,NA,NA,0
638,5,140,NA,NA,NA,0
639,5,140,NA,NA,NA,0
640,5,140,NA,NA,NA,0
641,5,140,NA,NA,NA,0
642,4,141,NA,NA,NA,0
643,4,141,NA,NA,NA,0
644,4,141,NA,NA,NA,0
645,4,141,NA,NA,NA,0
646,6,142,"H",206,4,3
647,6,142,"H",222,1,0
648,6,142,"C",162,5,1
649,6,142,"H",228,1,0
650,6,142,NA,NA,NA,0
651,6,142,"H",235,1,0
652,5,143,NA,NA,NA,0
653,5,143,NA,NA,NA,0
654,5,143,NA,NA,NA,0
655,5,143,NA,NA,NA,0
656,5,143,NA,NA,NA,0
657,3,144,NA,NA,NA,0
658,3,144,NA,NA,NA,0
659,3,144,NA,NA,NA,0
660,4,145,NA,NA,NA,0
661,4,145,NA,NA,NA,0
662,4,145,NA,NA,NA,0
663,4,145,NA,NA,NA,0
664,3,146,"H",NA,NA,0
665,3,146,"C",331,2,1
666,3,146,NA,NA,NA,0
667,6,147,NA,NA,NA,0
668,6,147,NA,NA,NA,0
669,6,147,NA,NA,NA,0
670,6,147,NA,NA,NA,0
671,6,147,NA,NA,NA,0
672,6,147,NA,NA,NA,0
673,6,148,NA,NA,NA,0
674,6,148,NA,NA,NA,0
675,6,148,NA,NA,NA,0
676,6,148,NA,NA,NA,0
677,6,148,"C",147,5,0
678,6,148,NA,NA,NA,0
679,4,149,"H",NA,NA,0
680,4,149,"C",357,2,1
681,4,149,"C",NA,NA,0
682,4,149,NA,NA,NA,0
683,4,150,NA,NA,NA,0
684,4,150,NA,NA,NA,0
685,4,150,NA,NA,NA,0
686,4,150,NA,NA,NA,0
687,3,151,NA,NA,NA,0
688,3,151,NA,NA,NA,0
689,3,151,NA,NA,NA,0
690,5,152,NA,NA,NA,0
691,5,152,NA,NA,NA,0
692,5,152,NA,NA,NA,0
693,5,152,NA,NA,NA,0
694,5,152,NA,NA,NA,0
695,3,153,NA,NA,NA,0
696,3,153,NA,NA,NA,0
697,3,153,NA,NA,NA,0
698,6,154,NA,NA,NA,0
699,6,154,NA,NA,NA,0
700,6,154,NA,NA,NA,0
701,6,154,NA,NA,NA,0
702,6,154,NA,NA,NA,0
703,6,154,NA,NA,NA,0
704,5,155,NA,NA,NA,0
705,5,155,NA,NA,NA,0
706,5,155,NA,NA,NA,0
707,5,155,NA,NA,NA,0
708,5,155,NA,NA,NA,0
709,4,156,"C",194,2,1
710,4,156,"H",222,1,0
711,4,156,"C",172,2,0
712,4,156,NA,NA,NA,0
713,5,157,NA,NA,NA,0
714,5,157,"C",302,4,2
715,5,157,"H",341,1,0
716,5,157,"H",363,1,0
717,5,157,"H",338,2,1
718,4,158,NA,NA,NA,0
719,4,158,NA,NA,NA,0
720,4,158,NA,NA,NA,0
721,4,158,NA,NA,NA,0
722,6,159,"C",335,5,1
723,6,159,NA,NA,NA,0
724,6,159,NA,NA,NA,0
725,6,159,NA,NA,NA,0
726,6,159,"H",NA,NA,0
727,6,159,NA,NA,NA,0
728,4,160,NA,NA,NA,0
729,4,160,NA,NA,NA,0
730,4,160,NA,NA,NA,0
731,4,160,NA,NA,NA,0
732,5,161,NA,NA,NA,0
733,5,161,NA,NA,NA,0
734,5,161,NA,NA,NA,0
735,5,161,NA,NA,NA,0
736,5,161,NA,NA,NA,0
737,4,162,NA,NA,NA,0
738,4,162,NA,NA,NA,0
739,4,162,NA,NA,NA,0
740,4,162,NA,NA,NA,0
741,6,163,NA,NA,NA,0
742,6,163,NA,NA,NA,0
743,6,163,NA,NA,NA,0
744,6,163,NA,NA,NA,0
745,6,163,NA,NA,NA,0
746,6,163,NA,NA,NA,0
747,6,164,"C",307,5,3
748,6,164,"H",NA,NA,0
749,6,164,"H",344,2,1
750,6,164,"H",335,2,0
751,6,164,NA,NA,NA,0
752,6,164,"H",NA,NA,0
753,4,165,NA,NA,NA,0
754,4,165,NA,NA,NA,0
755,4,165,NA,NA,NA,0
756,4,165,NA,NA,NA,0
757,6,166,NA,NA,NA,0
758,6,166,NA,NA,NA,0
759,6,166,NA,NA,NA,0
760,6,166,NA,NA,NA,0
761,6,166,NA,NA,NA,0
762,6,166,NA,NA,NA,0
763,4,167,NA,NA,NA,0
764,4,167,NA,NA,NA,0
765,4,167,NA,NA,NA,0
766,4,167,NA,NA,NA,0
767,5,168,NA,NA,NA,0
768,5,168,NA,NA,NA,0
769,5,168,NA,NA,NA,0
770,5,168,NA,NA,NA,0
771,5,168,NA,NA,NA,0
772,3,169,NA,NA,NA,0
773,3,169,NA,NA,NA,0
774,3,169,NA,NA,NA,0
775,6,170,NA,NA,NA,0
776,6,170,NA,NA,NA,0
777,6,170,NA,NA,NA,0
778,6,170,NA,NA,NA,0
779,6,170,NA,NA,NA,0
780,6,170,NA,NA,NA,0
781,3,171,NA,NA,NA,0
782,3,171,NA,NA,NA,0
783,3,171,NA,NA,NA,0
784,5,172,NA,NA,NA,0
785,5,172,NA,NA,NA,0
786,5,172,"C",255,4,0
787,5,172,NA,NA,NA,0
788,5,172,NA,NA,NA,0
789,4,173,NA,NA,NA,0
790,4,173,NA,NA,NA,0
791,4,173,NA,NA,NA,0
792,4,173,NA,NA,NA,0
793,6,174,NA,NA,NA,0
794,6,174,NA,NA,NA,0
795,6,174,NA,NA,NA,0
796,6,174,NA,NA,NA,0
797,6,174,NA,NA,NA,0
798,6,174,NA,NA,NA,0
799,5,175,NA,NA,NA,0
800,5,175,NA,NA,NA,0
801,5,175,NA,NA,NA,0
802,5,175,NA,NA,NA,0
803,5,175,NA,NA,NA,0
804,4,176,NA,NA,NA,0
805,4,176,NA,NA,NA,0
806,4,176,"C",326,3,0
807,4,176,NA,NA,NA,0
808,3,177,NA,NA,NA,0
809,3,177,NA,NA,NA,0
810,3,177,NA,NA,NA,0
811,5,178,NA,NA,NA,0
812,5,178,NA,NA,NA,0
813,5,178,NA,NA,NA,0
814,5,178,NA,NA,NA,0
815,5,178,NA,NA,NA,0
816,6,179,NA,NA,NA,0
817,6,179,NA,NA,NA,0
818,6,179,NA,NA,NA,0
819,6,179,NA,NA,NA,0
820,6,179,NA,NA,NA,0
821,6,179,NA,NA,NA,0
822,6,180,"C",292,5,0
823,6,180,NA,NA,NA,0
824,6,180,NA,NA,NA,0
825,6,180,"C",NA,NA,0
826,6,180,NA,NA,NA,0
827,6,180,NA,NA,NA,0
828,4,181,NA,NA,NA,0
829,4,181,NA,NA,NA,0
830,4,181,NA,NA,NA,0
831,4,181,NA,NA,NA,0
832,6,182,NA,NA,NA,0
833,6,182,NA,NA,NA,0
834,6,182,NA,NA,NA,0
835,6,182,NA,NA,NA,0
836,6,182,NA,NA,NA,0
837,6,182,NA,NA,NA,0
838,3,183,NA,NA,NA,0
839,3,183,NA,NA,NA,0
840,3,183,NA,NA,NA,0
841,3,184,NA,NA,NA,0
842,3,184,NA,NA,NA,0
843,3,184,NA,NA,NA,0
844,6,185,NA,NA,NA,0
845,6,185,NA,NA,NA,0
846,6,185,NA,NA,NA,0
847,6,185,NA,NA,NA,0
848,6,185,NA,NA,NA,0
849,6,185,NA,NA,NA,0
850,4,186,NA,NA,NA,0
851,4,186,NA,NA,NA,0
852,4,186,NA,NA,NA,0
853,4,186,NA,NA,NA,0
854,5,187,NA,NA,NA,0
855,5,187,NA,NA,NA,0
856,5,187,NA,NA,NA,0
857,5,187,NA,NA,NA,0
858,5,187,NA,NA,NA,0
859,4,188,NA,NA,NA,0
860,4,188,NA,NA,NA,0
861,4,188,NA,NA,NA,0
862,4,188,NA,NA,NA,0
863,5,189,NA,NA,NA,0
864,5,189,NA,NA,NA,0
865,5,189,NA,NA,NA,0
866,5,189,NA,NA,NA,0
867,5,189,NA,NA,NA,0
868,6,190,NA,NA,NA,0
869,6,190,NA,NA,NA,0
870,6,190,NA,NA,NA,0
871,6,190,NA,NA,NA,0
872,6,190,NA,NA,NA,0
873,6,190,NA,NA,NA,0
874,4,191,NA,NA,NA,0
875,4,191,NA,NA,NA,0
876,4,191,NA,NA,NA,0
877,4,191,NA,NA,NA,0
878,3,192,NA,NA,NA,0
879,3,192,NA,NA,NA,0
880,3,192,NA,NA,NA,0
881,3,193,NA,NA,NA,0
882,3,193,NA,NA,NA,0
883,3,193,NA,NA,NA,0
884,5,194,NA,NA,NA,0
885,5,194,NA,NA,NA,0
886,5,194,NA,NA,NA,0
887,5,194,NA,NA,NA,0
888,5,194,NA,NA,NA,0
889,6,195,"C",360,5,3
890,6,195,"H",NA,NA,0
891,6,195,NA,NA,NA,0
892,6,195,"H",NA,NA,0
893,6,195,NA,NA,NA,0
894,6,195,"H",NA,NA,0
895,5,196,"C",278,4,0
896,5,196,NA,NA,NA,0
897,5,196,NA,NA,NA,0
898,5,196,NA,NA,NA,0
899,5,196,NA,NA,NA,0
900,3,197,NA,NA,NA,0
901,3,197,NA,NA,NA,0
902,3,197,"C",353,2,0
903,5,198,NA,NA,NA,0
904,5,198,NA,NA,NA,0
905,5,198,NA,NA,NA,0
906,5,198,NA,NA,NA,0
907,5,198,NA,NA,NA,0
908,5,199,"H",224,3,2
909,5,199,"C",173,4,1
910,5,199,"H",248,1,0
911,5,199,"H",246,1,0
912,5,199,NA,NA,NA,0
913,3,200,NA,NA,NA,0
914,3,200,NA,NA,NA,0
915,3,200,NA,NA,NA,0
916,4,201,NA,NA,NA,0
917,4,201,NA,NA,NA,0
918,4,201,NA,NA,NA,0
919,4,201,NA,NA,NA,0
920,3,202,NA,NA,NA,0
921,3,202,"H",358,1,0
922,3,202,"C",317,2,1
923,5,203,NA,NA,NA,0
924,5,203,NA,NA,NA,0
925,5,203,NA,NA,NA,0
926,5,203,NA,NA,NA,0
927,5,203,NA,NA,NA,0
928,3,204,NA,NA,NA,0
929,3,204,NA,NA,NA,0
930,3,204,NA,NA,NA,0
931,6,205,NA,NA,NA,0
932,6,205,"C",NA,NA,0
933,6,205,NA,NA,NA,0
934,6,205,NA,NA,NA,0
935,6,205,NA,NA,NA,0
936,6,205,NA,NA,NA,0
937,5,206,NA,NA,NA,0
938,5,206,NA,NA,NA,0
939,5,206,NA,NA,NA,0
940,5,206,NA,NA,NA,0
941,5,206,NA,NA,NA,0
942,6,207,NA,NA,NA,0
943,6,207,NA,NA,NA,0
944,6,207,NA,NA,NA,0
945,6,207,NA,NA,NA,0
946,6,207,NA,NA,NA,0
947,6,207,NA,NA,NA,0
948,5,208,"H",284,3,0
949,5,208,NA,NA,NA,0
950,5,208,NA,NA,NA,0
951,5,208,NA,NA,NA,0
952,5,208,"C",270,4,1
953,3,209,NA,NA,NA,0
954,3,209,NA,NA,NA,0
955,3,209,NA,NA,NA,0
956,6,210,"H",323,3,0
957,6,210,"H",317,3,0
958,6,210,NA,NA,NA,0
959,6,210,"C",352,2,0
960,6,210,"C",298,5,2
961,6,210,NA,NA,NA,0
962,5,211,NA,NA,NA,0
963,5,211,NA,NA,NA,0
964,5,211,NA,NA,NA,0
965,5,211,NA,NA,NA,0
966,5,211,NA,NA,NA,0
967,5,212,NA,NA,NA,0
968,5,212,NA,NA,NA,0
969,5,212,NA,NA,NA,0
970,5,212,NA,NA,NA,0
971,5,212,NA,NA,NA,0
972,5,213,NA,NA,NA,0
973,5,213,NA,NA,NA,0
974,5,213,NA,NA,NA,0
975,5,213,NA,NA,NA,0
976,5,213,NA,NA,NA,0
977,3,214,NA,NA,NA,0
978,3,214,NA,NA,NA,0
979,3,214,NA,NA,NA,0
980,4,215,NA,NA,NA,0
981,4,215,"C",NA,NA,0
982,4,215,NA,NA,NA,0
983,4,215,NA,NA,NA,0
984,6,216,"H",211,3,0
985,6,216,"H",299,0,0
986,6,216,"H",251,1,1
987,6,216,"H",259,0,0
988,6,216,"C",187,5,2
989,6,216,"H",215,3,2
990,5,217,NA,NA,NA,0
991,5,217,NA,NA,NA,0
992,5,217,NA,NA,NA,0
993,5,217,NA,NA,NA,0
994,5,217,NA,NA,NA,0
995,6,218,NA,NA,NA,0
996,6,218,NA,NA,NA,0
997,6,218,NA,NA,NA,0
998,6,218,NA,NA,NA,0
999,6,218,NA,NA,NA,0
1000,6,218,NA,NA,NA,0
