"ID","SIZE","HH","TYPE","TIME","S_NUM","I_NUM"
1,4,1,"0",50,3,1
2,4,1,NA,NA,NA,0
3,4,1,NA,NA,NA,0
4,4,1,"H",67,2,0
5,4,2,NA,NA,NA,0
6,4,2,NA,NA,NA,0
7,4,2,NA,NA,NA,0
8,4,2,NA,NA,NA,0
9,5,3,"H",352,1,1
10,5,3,"C",324,4,2
11,5,3,"H",352,1,0
12,5,3,"H",NA,NA,0
13,5,3,"H",337,2,1
14,4,4,"H",355,2,1
15,4,4,"H",NA,NA,0
16,4,4,"C",326,3,1
17,4,4,NA,NA,NA,0
18,5,5,NA,NA,NA,0
19,5,5,NA,NA,NA,0
20,5,5,NA,NA,NA,0
21,5,5,NA,NA,NA,0
22,5,5,NA,NA,NA,0
23,5,6,"C",351,4,0
24,5,6,NA,NA,NA,0
25,5,6,NA,NA,NA,0
26,5,6,NA,NA,NA,0
27,5,6,NA,NA,NA,0
28,4,7,NA,NA,NA,0
29,4,7,NA,NA,NA,0
30,4,7,"C",306,3,0
31,4,7,NA,NA,NA,0
32,5,8,NA,NA,NA,0
33,5,8,NA,NA,NA,0
34,5,8,NA,NA,NA,0
35,5,8,NA,NA,NA,0
36,5,8,NA,NA,NA,0
37,5,9,NA,NA,NA,0
38,5,9,NA,NA,NA,0
39,5,9,NA,NA,NA,0
40,5,9,NA,NA,NA,0
41,5,9,NA,NA,NA,0
42,5,10,NA,NA,NA,0
43,5,10,NA,NA,NA,0
44,5,10,"C",241,4,0
45,5,10,NA,NA,NA,0
46,5,10,NA,NA,NA,0
47,3,11,NA,NA,NA,0
48,3,11,NA,NA,NA,0
49,3,11,NA,NA,NA,0
50,4,12,NA,NA,NA,0
51,4,12,"H",336,1,0
52,4,12,"C",307,3,2
53,4,12,"H",336,1,0
54,6,13,"H",277,3,1
55,6,13,"H",285,2,1
56,6,13,"C",236,5,2
57,6,13,"H",342,0,0
58,6,13,"H",333,0,0
59,6,13,"H",310,1,1
60,6,14,NA,NA,NA,0
61,6,14,NA,NA,NA,0
62,6,14,NA,NA,NA,0
63,6,14,NA,NA,NA,0
64,6,14,NA,NA,NA,0
65,6,14,NA,NA,NA,0
66,6,15,NA,NA,NA,0
67,6,15,NA,NA,NA,0
68,6,15,NA,NA,NA,0
69,6,15,NA,NA,NA,0
70,6,15,NA,NA,NA,0
71,6,15,NA,NA,NA,0
72,5,16,NA,NA,NA,0
73,5,16,NA,NA,NA,0
74,5,16,NA,NA,NA,0
75,5,16,NA,NA,NA,0
76,5,16,NA,NA,NA,0
77,4,17,NA,NA,NA,0
78,4,17,NA,NA,NA,0
79,4,17,NA,NA,NA,0
80,4,17,NA,NA,NA,0
81,4,18,NA,NA,NA,0
82,4,18,NA,NA,NA,0
83,4,18,NA,NA,NA,0
84,4,18,NA,NA,NA,0
85,6,19,NA,NA,NA,0
86,6,19,NA,NA,NA,0
87,6,19,NA,NA,NA,0
88,6,19,NA,NA,NA,0
89,6,19,NA,NA,NA,0
90,6,19,NA,NA,NA,0
91,3,20,NA,NA,NA,0
92,3,20,NA,NA,NA,0
93,3,20,NA,NA,NA,0
94,6,21,NA,NA,NA,0
95,6,21,NA,NA,NA,0
96,6,21,NA,NA,NA,0
97,6,21,NA,NA,NA,0
98,6,21,NA,NA,NA,0
99,6,21,NA,NA,NA,0
100,6,22,NA,NA,NA,0
101,6,22,"H",NA,NA,0
102,6,22,"C",339,5,4
103,6,22,"H",NA,NA,0
104,6,22,"H",NA,NA,0
105,6,22,"H",NA,NA,0
106,5,23,NA,NA,NA,0
107,5,23,NA,NA,NA,0
108,5,23,NA,NA,NA,0
109,5,23,NA,NA,NA,0
110,5,23,NA,NA,NA,0
111,4,24,NA,NA,NA,0
112,4,24,NA,NA,NA,0
113,4,24,NA,NA,NA,0
114,4,24,NA,NA,NA,0
115,3,25,NA,NA,NA,0
116,3,25,NA,NA,NA,0
117,3,25,NA,NA,NA,0
118,6,26,NA,NA,NA,0
119,6,26,NA,NA,NA,0
120,6,26,NA,NA,NA,0
121,6,26,NA,NA,NA,0
122,6,26,NA,NA,NA,0
123,6,26,NA,NA,NA,0
124,3,27,NA,NA,NA,0
125,3,27,NA,NA,NA,0
126,3,27,NA,NA,NA,0
127,4,28,NA,NA,NA,0
128,4,28,NA,NA,NA,0
129,4,28,NA,NA,NA,0
130,4,28,NA,NA,NA,0
131,3,29,NA,NA,NA,0
132,3,29,NA,NA,NA,0
133,3,29,NA,NA,NA,0
134,6,30,NA,NA,NA,0
135,6,30,"H",NA,NA,0
136,6,30,NA,NA,NA,0
137,6,30,NA,NA,NA,0
138,6,30,"C",365,5,1
139,6,30,NA,NA,NA,0
140,4,31,NA,NA,NA,0
141,4,31,"C",NA,NA,0
142,4,31,NA,NA,NA,0
143,4,31,NA,NA,NA,0
144,5,32,NA,NA,NA,0
145,5,32,NA,NA,NA,0
146,5,32,NA,NA,NA,0
147,5,32,NA,NA,NA,0
148,5,32,NA,NA,NA,0
149,3,33,NA,NA,NA,0
150,3,33,NA,NA,NA,0
151,3,33,NA,NA,NA,0
152,6,34,NA,NA,NA,0
153,6,34,NA,NA,NA,0
154,6,34,NA,NA,NA,0
155,6,34,NA,NA,NA,0
156,6,34,NA,NA,NA,0
157,6,34,NA,NA,NA,0
158,4,35,NA,NA,NA,0
159,4,35,NA,NA,NA,0
160,4,35,NA,NA,NA,0
161,4,35,"C",NA,NA,0
162,5,36,NA,NA,NA,0
163,5,36,NA,NA,NA,0
164,5,36,NA,NA,NA,0
165,5,36,NA,NA,NA,0
166,5,36,NA,NA,NA,0
167,4,37,NA,NA,NA,0
168,4,37,NA,NA,NA,0
169,4,37,"C",340,3,0
170,4,37,NA,NA,NA,0
171,4,38,NA,NA,NA,0
172,4,38,NA,NA,NA,0
173,4,38,NA,NA,NA,0
174,4,38,NA,NA,NA,0
175,4,39,NA,NA,NA,0
176,4,39,NA,NA,NA,0
177,4,39,NA,NA,NA,0
178,4,39,NA,NA,NA,0
179,5,40,NA,NA,NA,0
180,5,40,NA,NA,NA,0
181,5,40,NA,NA,NA,0
182,5,40,NA,NA,NA,0
183,5,40,NA,NA,NA,0
184,3,41,NA,NA,NA,0
185,3,41,NA,NA,NA,0
186,3,41,NA,NA,NA,0
187,4,42,NA,NA,NA,0
188,4,42,NA,NA,NA,0
189,4,42,NA,NA,NA,0
190,4,42,NA,NA,NA,0
191,3,43,NA,NA,NA,0
192,3,43,NA,NA,NA,0
193,3,43,NA,NA,NA,0
194,5,44,NA,NA,NA,0
195,5,44,NA,NA,NA,0
196,5,44,NA,NA,NA,0
197,5,44,NA,NA,NA,0
198,5,44,NA,NA,NA,0
199,6,45,NA,NA,NA,0
200,6,45,NA,NA,NA,0
201,6,45,NA,NA,NA,0
202,6,45,NA,NA,NA,0
203,6,45,NA,NA,NA,0
204,6,45,NA,NA,NA,0
205,5,46,NA,NA,NA,0
206,5,46,NA,NA,NA,0
207,5,46,NA,NA,NA,0
208,5,46,NA,NA,NA,0
209,5,46,NA,NA,NA,0
210,4,47,NA,NA,NA,0
211,4,47,NA,NA,NA,0
212,4,47,NA,NA,NA,0
213,4,47,NA,NA,NA,0
214,5,48,"C",NA,NA,0
215,5,48,NA,NA,NA,0
216,5,48,NA,NA,NA,0
217,5,48,NA,NA,NA,0
218,5,48,NA,NA,NA,0
219,5,49,"C",160,4,0
220,5,49,NA,NA,NA,0
221,5,49,NA,NA,NA,0
222,5,49,NA,NA,NA,0
223,5,49,NA,NA,NA,0
224,5,50,"H",NA,NA,0
225,5,50,NA,NA,NA,0
226,5,50,NA,NA,NA,0
227,5,50,NA,NA,NA,0
228,5,50,"C",342,4,1
229,5,51,"H",264,2,1
230,5,51,"C",241,4,2
231,5,51,NA,NA,NA,0
232,5,51,"H",273,1,0
233,5,51,"H",261,2,0
234,4,52,NA,NA,NA,0
235,4,52,NA,NA,NA,0
236,4,52,NA,NA,NA,0
237,4,52,NA,NA,NA,0
238,5,53,NA,NA,NA,0
239,5,53,"C",NA,NA,0
240,5,53,NA,NA,NA,0
241,5,53,NA,NA,NA,0
242,5,53,NA,NA,NA,0
243,3,54,NA,NA,NA,0
244,3,54,NA,NA,NA,0
245,3,54,NA,NA,NA,0
246,4,55,NA,NA,NA,0
247,4,55,NA,NA,NA,0
248,4,55,NA,NA,NA,0
249,4,55,NA,NA,NA,0
250,6,56,NA,NA,NA,0
251,6,56,NA,NA,NA,0
252,6,56,NA,NA,NA,0
253,6,56,NA,NA,NA,0
254,6,56,NA,NA,NA,0
255,6,56,NA,NA,NA,0
256,6,57,NA,NA,NA,0
257,6,57,NA,NA,NA,0
258,6,57,"H",NA,NA,0
259,6,57,NA,NA,NA,0
260,6,57,"C",327,5,1
261,6,57,NA,NA,NA,0
262,6,58,NA,NA,NA,0
263,6,58,NA,NA,NA,0
264,6,58,NA,NA,NA,0
265,6,58,NA,NA,NA,0
266,6,58,NA,NA,NA,0
267,6,58,NA,NA,NA,0
268,3,59,NA,NA,NA,0
269,3,59,NA,NA,NA,0
270,3,59,NA,NA,NA,0
271,5,60,"H",NA,NA,0
272,5,60,NA,NA,NA,0
273,5,60,"H",NA,NA,0
274,5,60,"C",355,4,2
275,5,60,NA,NA,NA,0
276,4,61,"H",NA,NA,0
277,4,61,"H",NA,NA,0
278,4,61,NA,NA,NA,0
279,4,61,"C",336,3,2
280,3,62,NA,NA,NA,0
281,3,62,NA,NA,NA,0
282,3,62,NA,NA,NA,0
283,6,63,NA,NA,NA,0
284,6,63,NA,NA,NA,0
285,6,63,NA,NA,NA,0
286,6,63,NA,NA,NA,0
287,6,63,"H",NA,NA,0
288,6,63,"C",359,5,1
289,3,64,NA,NA,NA,0
290,3,64,NA,NA,NA,0
291,3,64,NA,NA,NA,0
292,5,65,NA,NA,NA,0
293,5,65,"C",NA,NA,0
294,5,65,NA,NA,NA,0
295,5,65,NA,NA,NA,0
296,5,65,NA,NA,NA,0
297,4,66,NA,NA,NA,0
298,4,66,NA,NA,NA,0
299,4,66,NA,NA,NA,0
300,4,66,NA,NA,NA,0
301,6,67,NA,NA,NA,0
302,6,67,NA,NA,NA,0
303,6,67,NA,NA,NA,0
304,6,67,NA,NA,NA,0
305,6,67,NA,NA,NA,0
306,6,67,NA,NA,NA,0
307,3,68,NA,NA,NA,0
308,3,68,NA,NA,NA,0
309,3,68,NA,NA,NA,0
310,3,69,NA,NA,NA,0
311,3,69,NA,NA,NA,0
312,3,69,NA,NA,NA,0
313,5,70,NA,NA,NA,0
314,5,70,NA,NA,NA,0
315,5,70,NA,NA,NA,0
316,5,70,NA,NA,NA,0
317,5,70,NA,NA,NA,0
318,6,71,NA,NA,NA,0
319,6,71,NA,NA,NA,0
320,6,71,NA,NA,NA,0
321,6,71,NA,NA,NA,0
322,6,71,NA,NA,NA,0
323,6,71,NA,NA,NA,0
324,6,72,"H",NA,NA,0
325,6,72,"H",355,3,2
326,6,72,"C",320,5,2
327,6,72,"H",NA,NA,0
328,6,72,"H",342,3,0
329,6,72,NA,NA,NA,0
330,4,73,NA,NA,NA,0
331,4,73,NA,NA,NA,0
332,4,73,NA,NA,NA,0
333,4,73,NA,NA,NA,0
334,4,74,NA,NA,NA,0
335,4,74,NA,NA,NA,0
336,4,74,NA,NA,NA,0
337,4,74,NA,NA,NA,0
338,3,75,NA,NA,NA,0
339,3,75,NA,NA,NA,0
340,3,75,"C",NA,NA,0
341,6,76,"C",342,5,1
342,6,76,"H",356,4,4
343,6,76,"H",NA,NA,0
344,6,76,"H",NA,NA,0
345,6,76,"H",NA,NA,0
346,6,76,"H",NA,NA,0
347,5,77,"H",240,0,0
348,5,77,"H",234,1,1
349,5,77,"H",229,1,0
350,5,77,"C",211,4,3
351,5,77,"H",258,0,0
352,5,78,NA,NA,NA,0
353,5,78,NA,NA,NA,0
354,5,78,NA,NA,NA,0
355,5,78,NA,NA,NA,0
356,5,78,NA,NA,NA,0
357,5,79,NA,NA,NA,0
358,5,79,NA,NA,NA,0
359,5,79,NA,NA,NA,0
360,5,79,NA,NA,NA,0
361,5,79,"C",360,4,0
362,5,80,NA,NA,NA,0
363,5,80,NA,NA,NA,0
364,5,80,NA,NA,NA,0
365,5,80,NA,NA,NA,0
366,5,80,NA,NA,NA,0
367,6,81,NA,NA,NA,0
368,6,81,NA,NA,NA,0
369,6,81,NA,NA,NA,0
370,6,81,NA,NA,NA,0
371,6,81,NA,NA,NA,0
372,6,81,NA,NA,NA,0
373,4,82,NA,NA,NA,0
374,4,82,NA,NA,NA,0
375,4,82,"C",NA,NA,0
376,4,82,NA,NA,NA,0
377,6,83,NA,NA,NA,0
378,6,83,NA,NA,NA,0
379,6,83,NA,NA,NA,0
380,6,83,NA,NA,NA,0
381,6,83,NA,NA,NA,0
382,6,83,NA,NA,NA,0
383,4,84,NA,NA,NA,0
384,4,84,NA,NA,NA,0
385,4,84,NA,NA,NA,0
386,4,84,NA,NA,NA,0
387,4,85,NA,NA,NA,0
388,4,85,NA,NA,NA,0
389,4,85,NA,NA,NA,0
390,4,85,NA,NA,NA,0
391,5,86,NA,NA,NA,0
392,5,86,"H",NA,NA,0
393,5,86,"C",359,3,1
394,5,86,NA,NA,NA,0
395,5,86,"C",215,4,0
396,5,87,NA,NA,NA,0
397,5,87,NA,NA,NA,0
398,5,87,NA,NA,NA,0
399,5,87,NA,NA,NA,0
400,5,87,NA,NA,NA,0
401,6,88,NA,NA,NA,0
402,6,88,NA,NA,NA,0
403,6,88,NA,NA,NA,0
404,6,88,NA,NA,NA,0
405,6,88,NA,NA,NA,0
406,6,88,NA,NA,NA,0
407,3,89,NA,NA,NA,0
408,3,89,NA,NA,NA,0
409,3,89,NA,NA,NA,0
410,6,90,NA,NA,NA,0
411,6,90,NA,NA,NA,0
412,6,90,NA,NA,NA,0
413,6,90,NA,NA,NA,0
414,6,90,NA,NA,NA,0
415,6,90,NA,NA,NA,0
416,5,91,NA,NA,NA,0
417,5,91,NA,NA,NA,0
418,5,91,NA,NA,NA,0
419,5,91,NA,NA,NA,0
420,5,91,NA,NA,NA,0
421,4,92,NA,NA,NA,0
422,4,92,"H",361,1,0
423,4,92,"H",NA,NA,0
424,4,92,"C",319,3,2
425,5,93,NA,NA,NA,0
426,5,93,NA,NA,NA,0
427,5,93,NA,NA,NA,0
428,5,93,NA,NA,NA,0
429,5,93,NA,NA,NA,0
430,4,94,NA,NA,NA,0
431,4,94,NA,NA,NA,0
432,4,94,NA,NA,NA,0
433,4,94,NA,NA,NA,0
434,4,95,NA,NA,NA,0
435,4,95,NA,NA,NA,0
436,4,95,NA,NA,NA,0
437,4,95,NA,NA,NA,0
438,5,96,NA,NA,NA,0
439,5,96,"H",350,2,0
440,5,96,"C",339,4,2
441,5,96,"H",NA,NA,0
442,5,96,NA,NA,NA,0
443,4,97,"C",NA,NA,0
444,4,97,NA,NA,NA,0
445,4,97,NA,NA,NA,0
446,4,97,NA,NA,NA,0
447,4,98,NA,NA,NA,0
448,4,98,NA,NA,NA,0
449,4,98,NA,NA,NA,0
450,4,98,NA,NA,NA,0
451,5,99,NA,NA,NA,0
452,5,99,NA,NA,NA,0
453,5,99,NA,NA,NA,0
454,5,99,NA,NA,NA,0
455,5,99,NA,NA,NA,0
456,3,100,NA,NA,NA,0
457,3,100,NA,NA,NA,0
458,3,100,NA,NA,NA,0
459,4,101,NA,NA,NA,0
460,4,101,NA,NA,NA,0
461,4,101,NA,NA,NA,0
462,4,101,NA,NA,NA,0
463,5,102,NA,NA,NA,0
464,5,102,NA,NA,NA,0
465,5,102,NA,NA,NA,0
466,5,102,NA,NA,NA,0
467,5,102,NA,NA,NA,0
468,5,103,NA,NA,NA,0
469,5,103,NA,NA,NA,0
470,5,103,NA,NA,NA,0
471,5,103,NA,NA,NA,0
472,5,103,NA,NA,NA,0
473,3,104,NA,NA,NA,0
474,3,104,NA,NA,NA,0
475,3,104,NA,NA,NA,0
476,5,105,NA,NA,NA,0
477,5,105,NA,NA,NA,0
478,5,105,NA,NA,NA,0
479,5,105,NA,NA,NA,0
480,5,105,NA,NA,NA,0
481,5,106,NA,NA,NA,0
482,5,106,NA,NA,NA,0
483,5,106,NA,NA,NA,0
484,5,106,NA,NA,NA,0
485,5,106,NA,NA,NA,0
486,5,107,NA,NA,NA,0
487,5,107,NA,NA,NA,0
488,5,107,NA,NA,NA,0
489,5,107,NA,NA,NA,0
490,5,107,NA,NA,NA,0
491,5,108,NA,NA,NA,0
492,5,108,NA,NA,NA,0
493,5,108,NA,NA,NA,0
494,5,108,NA,NA,NA,0
495,5,108,NA,NA,NA,0
496,6,109,NA,NA,NA,0
497,6,109,NA,NA,NA,0
498,6,109,NA,NA,NA,0
499,6,109,NA,NA,NA,0
500,6,109,NA,NA,NA,0
501,6,109,NA,NA,NA,0
502,6,110,NA,NA,NA,0
503,6,110,NA,NA,NA,0
504,6,110,NA,NA,NA,0
505,6,110,NA,NA,NA,0
506,6,110,NA,NA,NA,0
507,6,110,NA,NA,NA,0
508,3,111,NA,NA,NA,0
509,3,111,NA,NA,NA,0
510,3,111,NA,NA,NA,0
511,6,112,NA,NA,NA,0
512,6,112,NA,NA,NA,0
513,6,112,NA,NA,NA,0
514,6,112,NA,NA,NA,0
515,6,112,NA,NA,NA,0
516,6,112,NA,NA,NA,0
517,4,113,NA,NA,NA,0
518,4,113,NA,NA,NA,0
519,4,113,"C",NA,NA,0
520,4,113,NA,NA,NA,0
521,3,114,NA,NA,NA,0
522,3,114,NA,NA,NA,0
523,3,114,NA,NA,NA,0
524,5,115,NA,NA,NA,0
525,5,115,NA,NA,NA,0
526,5,115,NA,NA,NA,0
527,5,115,NA,NA,NA,0
528,5,115,NA,NA,NA,0
529,6,116,NA,NA,NA,0
530,6,116,NA,NA,NA,0
531,6,116,NA,NA,NA,0
532,6,116,NA,NA,NA,0
533,6,116,NA,NA,NA,0
534,6,116,NA,NA,NA,0
535,6,117,NA,NA,NA,0
536,6,117,NA,NA,NA,0
537,6,117,NA,NA,NA,0
538,6,117,NA,NA,NA,0
539,6,117,NA,NA,NA,0
540,6,117,NA,NA,NA,0
541,5,118,NA,NA,NA,0
542,5,118,NA,NA,NA,0
543,5,118,NA,NA,NA,0
544,5,118,NA,NA,NA,0
545,5,118,NA,NA,NA,0
546,3,119,NA,NA,NA,0
547,3,119,NA,NA,NA,0
548,3,119,NA,NA,NA,0
549,6,120,NA,NA,NA,0
550,6,120,NA,NA,NA,0
551,6,120,NA,NA,NA,0
552,6,120,NA,NA,NA,0
553,6,120,NA,NA,NA,0
554,6,120,NA,NA,NA,0
555,5,121,NA,NA,NA,0
556,5,121,NA,NA,NA,0
557,5,121,NA,NA,NA,0
558,5,121,NA,NA,NA,0
559,5,121,NA,NA,NA,0
560,5,122,NA,NA,NA,0
561,5,122,"C",NA,NA,0
562,5,122,NA,NA,NA,0
563,5,122,NA,NA,NA,0
564,5,122,NA,NA,NA,0
565,4,123,NA,NA,NA,0
566,4,123,NA,NA,NA,0
567,4,123,NA,NA,NA,0
568,4,123,NA,NA,NA,0
569,4,124,NA,NA,NA,0
570,4,124,NA,NA,NA,0
571,4,124,NA,NA,NA,0
572,4,124,NA,NA,NA,0
573,5,125,NA,NA,NA,0
574,5,125,NA,NA,NA,0
575,5,125,NA,NA,NA,0
576,5,125,NA,NA,NA,0
577,5,125,NA,NA,NA,0
578,3,126,NA,NA,NA,0
579,3,126,NA,NA,NA,0
580,3,126,NA,NA,NA,0
581,4,127,NA,NA,NA,0
582,4,127,NA,NA,NA,0
583,4,127,NA,NA,NA,0
584,4,127,NA,NA,NA,0
585,5,128,NA,NA,NA,0
586,5,128,NA,NA,NA,0
587,5,128,"C",NA,NA,0
588,5,128,NA,NA,NA,0
589,5,128,NA,NA,NA,0
590,3,129,NA,NA,NA,0
591,3,129,NA,NA,NA,0
592,3,129,NA,NA,NA,0
593,5,130,NA,NA,NA,0
594,5,130,NA,NA,NA,0
595,5,130,NA,NA,NA,0
596,5,130,NA,NA,NA,0
597,5,130,NA,NA,NA,0
598,6,131,NA,NA,NA,0
599,6,131,NA,NA,NA,0
600,6,131,NA,NA,NA,0
601,6,131,NA,NA,NA,0
602,6,131,NA,NA,NA,0
603,6,131,NA,NA,NA,0
604,6,132,NA,NA,NA,0
605,6,132,NA,NA,NA,0
606,6,132,NA,NA,NA,0
607,6,132,NA,NA,NA,0
608,6,132,NA,NA,NA,0
609,6,132,NA,NA,NA,0
610,4,133,NA,NA,NA,0
611,4,133,NA,NA,NA,0
612,4,133,NA,NA,NA,0
613,4,133,NA,NA,NA,0
614,4,134,NA,NA,NA,0
615,4,134,NA,NA,NA,0
616,4,134,NA,NA,NA,0
617,4,134,NA,NA,NA,0
618,3,135,NA,NA,NA,0
619,3,135,NA,NA,NA,0
620,3,135,NA,NA,NA,0
621,3,136,NA,NA,NA,0
622,3,136,"C",111,2,0
623,3,136,NA,NA,NA,0
624,3,137,NA,NA,NA,0
625,3,137,NA,NA,NA,0
626,3,137,NA,NA,NA,0
627,3,138,NA,NA,NA,0
628,3,138,NA,NA,NA,0
629,3,138,NA,NA,NA,0
630,5,139,NA,NA,NA,0
631,5,139,NA,NA,NA,0
632,5,139,"C",295,4,0
633,5,139,NA,NA,NA,0
634,5,139,NA,NA,NA,0
635,6,140,NA,NA,NA,0
636,6,140,NA,NA,NA,0
637,6,140,"C",363,5,0
638,6,140,NA,NA,NA,0
639,6,140,NA,NA,NA,0
640,6,140,NA,NA,NA,0
641,6,141,NA,NA,NA,0
642,6,141,NA,NA,NA,0
643,6,141,NA,NA,NA,0
644,6,141,NA,NA,NA,0
645,6,141,NA,NA,NA,0
646,6,141,NA,NA,NA,0
647,4,142,NA,NA,NA,0
648,4,142,NA,NA,NA,0
649,4,142,NA,NA,NA,0
650,4,142,NA,NA,NA,0
651,3,143,NA,NA,NA,0
652,3,143,NA,NA,NA,0
653,3,143,NA,NA,NA,0
654,4,144,NA,NA,NA,0
655,4,144,NA,NA,NA,0
656,4,144,NA,NA,NA,0
657,4,144,NA,NA,NA,0
658,4,145,NA,NA,NA,0
659,4,145,NA,NA,NA,0
660,4,145,"C",NA,NA,0
661,4,145,NA,NA,NA,0
662,4,146,NA,NA,NA,0
663,4,146,"C",261,3,1
664,4,146,NA,NA,NA,0
665,4,146,"H",292,2,0
666,4,147,NA,NA,NA,0
667,4,147,NA,NA,NA,0
668,4,147,NA,NA,NA,0
669,4,147,NA,NA,NA,0
670,5,148,NA,NA,NA,0
671,5,148,NA,NA,NA,0
672,5,148,NA,NA,NA,0
673,5,148,NA,NA,NA,0
674,5,148,NA,NA,NA,0
675,5,149,NA,NA,NA,0
676,5,149,NA,NA,NA,0
677,5,149,NA,NA,NA,0
678,5,149,NA,NA,NA,0
679,5,149,NA,NA,NA,0
680,6,150,NA,NA,NA,0
681,6,150,NA,NA,NA,0
682,6,150,NA,NA,NA,0
683,6,150,"C",NA,NA,0
684,6,150,NA,NA,NA,0
685,6,150,NA,NA,NA,0
686,6,151,"H",297,0,0
687,6,151,"C",240,5,2
688,6,151,"H",322,0,0
689,6,151,"H",320,0,0
690,6,151,"H",283,3,3
691,6,151,"H",285,2,0
692,5,152,NA,NA,NA,0
693,5,152,NA,NA,NA,0
694,5,152,NA,NA,NA,0
695,5,152,NA,NA,NA,0
696,5,152,NA,NA,NA,0
697,3,153,NA,NA,NA,0
698,3,153,NA,NA,NA,0
699,3,153,NA,NA,NA,0
700,6,154,NA,NA,NA,0
701,6,154,NA,NA,NA,0
702,6,154,NA,NA,NA,0
703,6,154,NA,NA,NA,0
704,6,154,NA,NA,NA,0
705,6,154,NA,NA,NA,0
706,6,155,NA,NA,NA,0
707,6,155,NA,NA,NA,0
708,6,155,"H",NA,NA,0
709,6,155,"H",358,4,1
710,6,155,"C",336,5,1
711,6,155,NA,NA,NA,0
712,5,156,NA,NA,NA,0
713,5,156,NA,NA,NA,0
714,5,156,NA,NA,NA,0
715,5,156,NA,NA,NA,0
716,5,156,NA,NA,NA,0
717,5,157,NA,NA,NA,0
718,5,157,NA,NA,NA,0
719,5,157,NA,NA,NA,0
720,5,157,NA,NA,NA,0
721,5,157,NA,NA,NA,0
722,5,158,NA,NA,NA,0
723,5,158,NA,NA,NA,0
724,5,158,NA,NA,NA,0
725,5,158,NA,NA,NA,0
726,5,158,NA,NA,NA,0
727,4,159,NA,NA,NA,0
728,4,159,NA,NA,NA,0
729,4,159,NA,NA,NA,0
730,4,159,"C",175,3,0
731,3,160,NA,NA,NA,0
732,3,160,NA,NA,NA,0
733,3,160,NA,NA,NA,0
734,3,161,NA,NA,NA,0
735,3,161,NA,NA,NA,0
736,3,161,NA,NA,NA,0
737,4,162,NA,NA,NA,0
738,4,162,NA,NA,NA,0
739,4,162,NA,NA,NA,0
740,4,162,NA,NA,NA,0
741,3,163,NA,NA,NA,0
742,3,163,NA,NA,NA,0
743,3,163,NA,NA,NA,0
744,5,164,NA,NA,NA,0
745,5,164,NA,NA,NA,0
746,5,164,NA,NA,NA,0
747,5,164,NA,NA,NA,0
748,5,164,NA,NA,NA,0
749,4,165,"C",NA,NA,0
750,4,165,NA,NA,NA,0
751,4,165,NA,NA,NA,0
752,4,165,NA,NA,NA,0
753,5,166,NA,NA,NA,0
754,5,166,"H",328,1,0
755,5,166,"C",220,4,0
756,5,166,"C",304,3,2
757,5,166,"H",333,1,0
758,4,167,NA,NA,NA,0
759,4,167,NA,NA,NA,0
760,4,167,NA,NA,NA,0
761,4,167,NA,NA,NA,0
762,3,168,NA,NA,NA,0
763,3,168,NA,NA,NA,0
764,3,168,NA,NA,NA,0
765,6,169,NA,NA,NA,0
766,6,169,NA,NA,NA,0
767,6,169,NA,NA,NA,0
768,6,169,NA,NA,NA,0
769,6,169,NA,NA,NA,0
770,6,169,NA,NA,NA,0
771,6,170,NA,NA,NA,0
772,6,170,NA,NA,NA,0
773,6,170,NA,NA,NA,0
774,6,170,NA,NA,NA,0
775,6,170,NA,NA,NA,0
776,6,170,NA,NA,NA,0
777,5,171,"C",137,4,1
778,5,171,"H",217,0,0
779,5,171,"H",171,3,2
780,5,171,"H",188,1,1
781,5,171,"H",202,0,0
782,6,172,NA,NA,NA,0
783,6,172,NA,NA,NA,0
784,6,172,NA,NA,NA,0
785,6,172,NA,NA,NA,0
786,6,172,NA,NA,NA,0
787,6,172,NA,NA,NA,0
788,6,173,NA,NA,NA,0
789,6,173,NA,NA,NA,0
790,6,173,NA,NA,NA,0
791,6,173,NA,NA,NA,0
792,6,173,NA,NA,NA,0
793,6,173,"C",NA,NA,0
794,3,174,NA,NA,NA,0
795,3,174,NA,NA,NA,0
796,3,174,NA,NA,NA,0
797,5,175,NA,NA,NA,0
798,5,175,NA,NA,NA,0
799,5,175,NA,NA,NA,0
800,5,175,NA,NA,NA,0
801,5,175,NA,NA,NA,0
802,3,176,NA,NA,NA,0
803,3,176,NA,NA,NA,0
804,3,176,NA,NA,NA,0
805,4,177,NA,NA,NA,0
806,4,177,NA,NA,NA,0
807,4,177,NA,NA,NA,0
808,4,177,NA,NA,NA,0
809,5,178,NA,NA,NA,0
810,5,178,"H",166,3,0
811,5,178,NA,NA,NA,0
812,5,178,"C",144,4,1
813,5,178,NA,NA,NA,0
814,6,179,"C",336,5,3
815,6,179,"H",360,1,0
816,6,179,"H",357,2,1
817,6,179,"H",NA,NA,0
818,6,179,"H",365,1,0
819,6,179,NA,NA,NA,0
820,4,180,"H",333,1,0
821,4,180,NA,NA,NA,0
822,4,180,"C",290,3,2
823,4,180,"H",330,1,0
824,4,181,"C",NA,NA,0
825,4,181,NA,NA,NA,0
826,4,181,NA,NA,NA,0
827,4,181,NA,NA,NA,0
828,3,182,NA,NA,NA,0
829,3,182,NA,NA,NA,0
830,3,182,NA,NA,NA,0
831,3,183,NA,NA,NA,0
832,3,183,NA,NA,NA,0
833,3,183,NA,NA,NA,0
834,4,184,NA,NA,NA,0
835,4,184,NA,NA,NA,0
836,4,184,NA,NA,NA,0
837,4,184,NA,NA,NA,0
838,4,185,NA,NA,NA,0
839,4,185,NA,NA,NA,0
840,4,185,NA,NA,NA,0
841,4,185,NA,NA,NA,0
842,3,186,NA,NA,NA,0
843,3,186,NA,NA,NA,0
844,3,186,NA,NA,NA,0
845,6,187,NA,NA,NA,0
846,6,187,NA,NA,NA,0
847,6,187,NA,NA,NA,0
848,6,187,NA,NA,NA,0
849,6,187,NA,NA,NA,0
850,6,187,NA,NA,NA,0
851,5,188,NA,NA,NA,0
852,5,188,NA,NA,NA,0
853,5,188,NA,NA,NA,0
854,5,188,NA,NA,NA,0
855,5,188,NA,NA,NA,0
856,4,189,NA,NA,NA,0
857,4,189,NA,NA,NA,0
858,4,189,NA,NA,NA,0
859,4,189,"C",NA,NA,0
860,6,190,"C",289,5,2
861,6,190,"H",340,0,0
862,6,190,"H",316,2,2
863,6,190,"H",348,0,0
864,6,190,"H",330,0,0
865,6,190,"H",314,3,1
866,4,191,NA,NA,NA,0
867,4,191,NA,NA,NA,0
868,4,191,NA,NA,NA,0
869,4,191,NA,NA,NA,0
870,6,192,NA,NA,NA,0
871,6,192,NA,NA,NA,0
872,6,192,NA,NA,NA,0
873,6,192,NA,NA,NA,0
874,6,192,NA,NA,NA,0
875,6,192,NA,NA,NA,0
876,4,193,NA,NA,NA,0
877,4,193,"C",NA,NA,0
878,4,193,"C",273,3,0
879,4,193,NA,NA,NA,0
880,4,194,NA,NA,NA,0
881,4,194,NA,NA,NA,0
882,4,194,NA,NA,NA,0
883,4,194,NA,NA,NA,0
884,3,195,"C",NA,NA,0
885,3,195,NA,NA,NA,0
886,3,195,NA,NA,NA,0
887,4,196,NA,NA,NA,0
888,4,196,NA,NA,NA,0
889,4,196,NA,NA,NA,0
890,4,196,NA,NA,NA,0
891,5,197,NA,NA,NA,0
892,5,197,NA,NA,NA,0
893,5,197,NA,NA,NA,0
894,5,197,NA,NA,NA,0
895,5,197,NA,NA,NA,0
896,4,198,NA,NA,NA,0
897,4,198,NA,NA,NA,0
898,4,198,NA,NA,NA,0
899,4,198,NA,NA,NA,0
900,3,199,"C",319,2,0
901,3,199,NA,NA,NA,0
902,3,199,"C",NA,NA,0
903,4,200,NA,NA,NA,0
904,4,200,NA,NA,NA,0
905,4,200,NA,NA,NA,0
906,4,200,NA,NA,NA,0
907,3,201,NA,NA,NA,0
908,3,201,NA,NA,NA,0
909,3,201,NA,NA,NA,0
910,3,202,NA,NA,NA,0
911,3,202,NA,NA,NA,0
912,3,202,NA,NA,NA,0
913,3,203,NA,NA,NA,0
914,3,203,NA,NA,NA,0
915,3,203,NA,NA,NA,0
916,6,204,NA,NA,NA,0
917,6,204,NA,NA,NA,0
918,6,204,NA,NA,NA,0
919,6,204,NA,NA,NA,0
920,6,204,NA,NA,NA,0
921,6,204,NA,NA,NA,0
922,4,205,NA,NA,NA,0
923,4,205,NA,NA,NA,0
924,4,205,NA,NA,NA,0
925,4,205,NA,NA,NA,0
926,5,206,NA,NA,NA,0
927,5,206,NA,NA,NA,0
928,5,206,NA,NA,NA,0
929,5,206,NA,NA,NA,0
930,5,206,NA,NA,NA,0
931,4,207,NA,NA,NA,0
932,4,207,NA,NA,NA,0
933,4,207,NA,NA,NA,0
934,4,207,NA,NA,NA,0
935,5,208,NA,NA,NA,0
936,5,208,NA,NA,NA,0
937,5,208,NA,NA,NA,0
938,5,208,NA,NA,NA,0
939,5,208,"C",88,4,0
940,4,209,NA,NA,NA,0
941,4,209,NA,NA,NA,0
942,4,209,NA,NA,NA,0
943,4,209,NA,NA,NA,0
944,3,210,NA,NA,NA,0
945,3,210,NA,NA,NA,0
946,3,210,NA,NA,NA,0
947,6,211,NA,NA,NA,0
948,6,211,NA,NA,NA,0
949,6,211,NA,NA,NA,0
950,6,211,NA,NA,NA,0
951,6,211,NA,NA,NA,0
952,6,211,NA,NA,NA,0
953,5,212,NA,NA,NA,0
954,5,212,NA,NA,NA,0
955,5,212,NA,NA,NA,0
956,5,212,NA,NA,NA,0
957,5,212,NA,NA,NA,0
958,4,213,NA,NA,NA,0
959,4,213,NA,NA,NA,0
960,4,213,NA,NA,NA,0
961,4,213,NA,NA,NA,0
962,5,214,NA,NA,NA,0
963,5,214,NA,NA,NA,0
964,5,214,NA,NA,NA,0
965,5,214,NA,NA,NA,0
966,5,214,NA,NA,NA,0
967,4,215,NA,NA,NA,0
968,4,215,NA,NA,NA,0
969,4,215,NA,NA,NA,0
970,4,215,NA,NA,NA,0
971,4,216,NA,NA,NA,0
972,4,216,NA,NA,NA,0
973,4,216,NA,NA,NA,0
974,4,216,NA,NA,NA,0
975,3,217,NA,NA,NA,0
976,3,217,NA,NA,NA,0
977,3,217,NA,NA,NA,0
978,3,218,NA,NA,NA,0
979,3,218,NA,NA,NA,0
980,3,218,NA,NA,NA,0
981,4,219,NA,NA,NA,0
982,4,219,NA,NA,NA,0
983,4,219,NA,NA,NA,0
984,4,219,NA,NA,NA,0
985,4,220,NA,NA,NA,0
986,4,220,NA,NA,NA,0
987,4,220,NA,NA,NA,0
988,4,220,NA,NA,NA,0
989,3,221,NA,NA,NA,0
990,3,221,NA,NA,NA,0
991,3,221,NA,NA,NA,0
992,5,222,NA,NA,NA,0
993,5,222,NA,NA,NA,0
994,5,222,NA,NA,NA,0
995,5,222,NA,NA,NA,0
996,5,222,NA,NA,NA,0
997,4,223,NA,NA,NA,0
998,4,223,NA,NA,NA,0
999,4,223,NA,NA,NA,0
1000,4,223,NA,NA,NA,0
