"ID","SIZE","HH","TYPE","TIME","S_num","I_num"
1,5,1,"0",22,4,2
2,5,1,"H",88,2,0
3,5,1,"H",94,2,0
4,5,1,NA,NA,NA,0
5,5,1,NA,NA,NA,0
6,4,2,NA,NA,NA,0
7,4,2,NA,NA,NA,0
8,4,2,NA,NA,NA,0
9,4,2,NA,NA,NA,0
10,3,3,NA,NA,NA,0
11,3,3,NA,NA,NA,0
12,3,3,NA,NA,NA,0
13,6,4,NA,NA,NA,0
14,6,4,NA,NA,NA,0
15,6,4,"C",303,5,0
16,6,4,NA,NA,NA,0
17,6,4,NA,NA,NA,0
18,6,4,NA,NA,NA,0
19,5,5,NA,NA,NA,0
20,5,5,NA,NA,NA,0
21,5,5,NA,NA,NA,0
22,5,5,NA,NA,NA,0
23,5,5,NA,NA,NA,0
24,4,6,NA,NA,NA,0
25,4,6,NA,NA,NA,0
26,4,6,NA,NA,NA,0
27,4,6,NA,NA,NA,0
28,3,7,NA,NA,NA,0
29,3,7,NA,NA,NA,0
30,3,7,NA,NA,NA,0
31,5,8,NA,NA,NA,0
32,5,8,NA,NA,NA,0
33,5,8,NA,NA,NA,0
34,5,8,NA,NA,NA,0
35,5,8,NA,NA,NA,0
36,3,9,NA,NA,NA,0
37,3,9,NA,NA,NA,0
38,3,9,NA,NA,NA,0
39,5,10,NA,NA,NA,0
40,5,10,NA,NA,NA,0
41,5,10,NA,NA,NA,0
42,5,10,NA,NA,NA,0
43,5,10,NA,NA,NA,0
44,3,11,NA,NA,NA,0
45,3,11,NA,NA,NA,0
46,3,11,NA,NA,NA,0
47,4,12,NA,NA,NA,0
48,4,12,NA,NA,NA,0
49,4,12,NA,NA,NA,0
50,4,12,NA,NA,NA,0
51,4,13,NA,NA,NA,0
52,4,13,NA,NA,NA,0
53,4,13,NA,NA,NA,0
54,4,13,NA,NA,NA,0
55,5,14,NA,NA,NA,0
56,5,14,NA,NA,NA,0
57,5,14,NA,NA,NA,0
58,5,14,NA,NA,NA,0
59,5,14,NA,NA,NA,0
60,3,15,NA,NA,NA,0
61,3,15,NA,NA,NA,0
62,3,15,NA,NA,NA,0
63,3,16,NA,NA,NA,0
64,3,16,"C",120,2,0
65,3,16,NA,NA,NA,0
66,5,17,NA,NA,NA,0
67,5,17,NA,NA,NA,0
68,5,17,NA,NA,NA,0
69,5,17,NA,NA,NA,0
70,5,17,NA,NA,NA,0
71,6,18,NA,NA,NA,0
72,6,18,NA,NA,NA,0
73,6,18,NA,NA,NA,0
74,6,18,NA,NA,NA,0
75,6,18,NA,NA,NA,0
76,6,18,NA,NA,NA,0
77,4,19,NA,NA,NA,0
78,4,19,"C",362,2,1
79,4,19,"C",312,3,0
80,4,19,"H",NA,NA,0
81,6,20,NA,NA,NA,0
82,6,20,NA,NA,NA,0
83,6,20,NA,NA,NA,0
84,6,20,NA,NA,NA,0
85,6,20,NA,NA,NA,0
86,6,20,NA,NA,NA,0
87,3,21,NA,NA,NA,0
88,3,21,NA,NA,NA,0
89,3,21,NA,NA,NA,0
90,5,22,NA,NA,NA,0
91,5,22,NA,NA,NA,0
92,5,22,NA,NA,NA,0
93,5,22,NA,NA,NA,0
94,5,22,NA,NA,NA,0
95,5,23,NA,NA,NA,0
96,5,23,NA,NA,NA,0
97,5,23,"C",299,4,0
98,5,23,NA,NA,NA,0
99,5,23,NA,NA,NA,0
100,6,24,NA,NA,NA,0
101,6,24,NA,NA,NA,0
102,6,24,NA,NA,NA,0
103,6,24,NA,NA,NA,0
104,6,24,NA,NA,NA,0
105,6,24,NA,NA,NA,0
106,5,25,NA,NA,NA,0
107,5,25,"C",224,4,1
108,5,25,NA,NA,NA,0
109,5,25,NA,NA,NA,0
110,5,25,"H",265,3,0
111,6,26,NA,NA,NA,0
112,6,26,NA,NA,NA,0
113,6,26,NA,NA,NA,0
114,6,26,NA,NA,NA,0
115,6,26,NA,NA,NA,0
116,6,26,NA,NA,NA,0
117,4,27,NA,NA,NA,0
118,4,27,NA,NA,NA,0
119,4,27,NA,NA,NA,0
120,4,27,NA,NA,NA,0
121,3,28,NA,NA,NA,0
122,3,28,NA,NA,NA,0
123,3,28,NA,NA,NA,0
124,4,29,NA,NA,NA,0
125,4,29,NA,NA,NA,0
126,4,29,NA,NA,NA,0
127,4,29,NA,NA,NA,0
128,6,30,"H",NA,NA,0
129,6,30,NA,NA,NA,0
130,6,30,NA,NA,NA,0
131,6,30,"C",324,5,1
132,6,30,NA,NA,NA,0
133,6,30,NA,NA,NA,0
134,4,31,NA,NA,NA,0
135,4,31,NA,NA,NA,0
136,4,31,NA,NA,NA,0
137,4,31,NA,NA,NA,0
138,6,32,NA,NA,NA,0
139,6,32,NA,NA,NA,0
140,6,32,NA,NA,NA,0
141,6,32,NA,NA,NA,0
142,6,32,NA,NA,NA,0
143,6,32,NA,NA,NA,0
144,4,33,NA,NA,NA,0
145,4,33,NA,NA,NA,0
146,4,33,NA,NA,NA,0
147,4,33,NA,NA,NA,0
148,3,34,NA,NA,NA,0
149,3,34,NA,NA,NA,0
150,3,34,NA,NA,NA,0
151,3,35,NA,NA,NA,0
152,3,35,NA,NA,NA,0
153,3,35,NA,NA,NA,0
154,3,36,"C",365,2,0
155,3,36,NA,NA,NA,0
156,3,36,NA,NA,NA,0
157,5,37,NA,NA,NA,0
158,5,37,NA,NA,NA,0
159,5,37,NA,NA,NA,0
160,5,37,NA,NA,NA,0
161,5,37,NA,NA,NA,0
162,6,38,NA,NA,NA,0
163,6,38,NA,NA,NA,0
164,6,38,NA,NA,NA,0
165,6,38,NA,NA,NA,0
166,6,38,NA,NA,NA,0
167,6,38,NA,NA,NA,0
168,5,39,NA,NA,NA,0
169,5,39,NA,NA,NA,0
170,5,39,NA,NA,NA,0
171,5,39,NA,NA,NA,0
172,5,39,NA,NA,NA,0
173,5,40,NA,NA,NA,0
174,5,40,NA,NA,NA,0
175,5,40,NA,NA,NA,0
176,5,40,NA,NA,NA,0
177,5,40,NA,NA,NA,0
178,3,41,"H",360,1,1
179,3,41,"C",336,2,1
180,3,41,"H",NA,NA,0
181,4,42,NA,NA,NA,0
182,4,42,NA,NA,NA,0
183,4,42,NA,NA,NA,0
184,4,42,NA,NA,NA,0
185,5,43,NA,NA,NA,0
186,5,43,NA,NA,NA,0
187,5,43,NA,NA,NA,0
188,5,43,NA,NA,NA,0
189,5,43,NA,NA,NA,0
190,6,44,"C",119,4,1
191,6,44,"C",124,3,1
192,6,44,"H",165,2,0
193,6,44,"H",208,1,0
194,6,44,"H",182,2,1
195,6,44,NA,NA,NA,0
196,5,45,NA,NA,NA,0
197,5,45,NA,NA,NA,0
198,5,45,NA,NA,NA,0
199,5,45,NA,NA,NA,0
200,5,45,NA,NA,NA,0
201,3,46,NA,NA,NA,0
202,3,46,NA,NA,NA,0
203,3,46,NA,NA,NA,0
204,4,47,NA,NA,NA,0
205,4,47,NA,NA,NA,0
206,4,47,NA,NA,NA,0
207,4,47,NA,NA,NA,0
208,5,48,"H",NA,NA,0
209,5,48,NA,NA,NA,0
210,5,48,NA,NA,NA,0
211,5,48,"C",340,4,1
212,5,48,NA,NA,NA,0
213,4,49,"H",NA,NA,0
214,4,49,NA,NA,NA,0
215,4,49,"C",365,3,1
216,4,49,NA,NA,NA,0
217,4,50,NA,NA,NA,0
218,4,50,NA,NA,NA,0
219,4,50,NA,NA,NA,0
220,4,50,NA,NA,NA,0
221,6,51,NA,NA,NA,0
222,6,51,NA,NA,NA,0
223,6,51,NA,NA,NA,0
224,6,51,NA,NA,NA,0
225,6,51,NA,NA,NA,0
226,6,51,NA,NA,NA,0
227,5,52,"H",357,2,1
228,5,52,NA,NA,NA,0
229,5,52,"C",335,4,2
230,5,52,"H",NA,NA,0
231,5,52,"H",NA,NA,0
232,3,53,NA,NA,NA,0
233,3,53,NA,NA,NA,0
234,3,53,NA,NA,NA,0
235,3,54,NA,NA,NA,0
236,3,54,NA,NA,NA,0
237,3,54,NA,NA,NA,0
238,4,55,NA,NA,NA,0
239,4,55,NA,NA,NA,0
240,4,55,NA,NA,NA,0
241,4,55,NA,NA,NA,0
242,5,56,NA,NA,NA,0
243,5,56,NA,NA,NA,0
244,5,56,NA,NA,NA,0
245,5,56,NA,NA,NA,0
246,5,56,NA,NA,NA,0
247,6,57,NA,NA,NA,0
248,6,57,NA,NA,NA,0
249,6,57,NA,NA,NA,0
250,6,57,NA,NA,NA,0
251,6,57,NA,NA,NA,0
252,6,57,NA,NA,NA,0
253,4,58,NA,NA,NA,0
254,4,58,NA,NA,NA,0
255,4,58,NA,NA,NA,0
256,4,58,NA,NA,NA,0
257,3,59,"C",361,2,0
258,3,59,NA,NA,NA,0
259,3,59,NA,NA,NA,0
260,6,60,NA,NA,NA,0
261,6,60,NA,NA,NA,0
262,6,60,NA,NA,NA,0
263,6,60,NA,NA,NA,0
264,6,60,NA,NA,NA,0
265,6,60,NA,NA,NA,0
266,3,61,NA,NA,NA,0
267,3,61,NA,NA,NA,0
268,3,61,NA,NA,NA,0
269,4,62,NA,NA,NA,0
270,4,62,NA,NA,NA,0
271,4,62,NA,NA,NA,0
272,4,62,NA,NA,NA,0
273,3,63,NA,NA,NA,0
274,3,63,"C",NA,NA,0
275,3,63,NA,NA,NA,0
276,5,64,"H",242,0,0
277,5,64,"C",128,4,4
278,5,64,"H",174,0,0
279,5,64,"H",159,0,0
280,5,64,"H",164,0,0
281,6,65,NA,NA,NA,0
282,6,65,NA,NA,NA,0
283,6,65,NA,NA,NA,0
284,6,65,NA,NA,NA,0
285,6,65,NA,NA,NA,0
286,6,65,NA,NA,NA,0
287,6,66,NA,NA,NA,0
288,6,66,NA,NA,NA,0
289,6,66,NA,NA,NA,0
290,6,66,NA,NA,NA,0
291,6,66,NA,NA,NA,0
292,6,66,NA,NA,NA,0
293,5,67,NA,NA,NA,0
294,5,67,NA,NA,NA,0
295,5,67,NA,NA,NA,0
296,5,67,NA,NA,NA,0
297,5,67,NA,NA,NA,0
298,4,68,"H",249,2,1
299,4,68,"H",330,0,0
300,4,68,"H",285,1,1
301,4,68,"C",238,3,1
302,4,69,NA,NA,NA,0
303,4,69,NA,NA,NA,0
304,4,69,NA,NA,NA,0
305,4,69,NA,NA,NA,0
306,4,70,NA,NA,NA,0
307,4,70,NA,NA,NA,0
308,4,70,NA,NA,NA,0
309,4,70,NA,NA,NA,0
310,6,71,NA,NA,NA,0
311,6,71,NA,NA,NA,0
312,6,71,NA,NA,NA,0
313,6,71,NA,NA,NA,0
314,6,71,NA,NA,NA,0
315,6,71,NA,NA,NA,0
316,5,72,"H",358,2,1
317,5,72,"C",311,4,2
318,5,72,"H",341,2,0
319,5,72,"H",NA,NA,0
320,5,72,NA,NA,NA,0
321,6,73,NA,NA,NA,0
322,6,73,NA,NA,NA,0
323,6,73,NA,NA,NA,0
324,6,73,NA,NA,NA,0
325,6,73,NA,NA,NA,0
326,6,73,NA,NA,NA,0
327,4,74,NA,NA,NA,0
328,4,74,NA,NA,NA,0
329,4,74,NA,NA,NA,0
330,4,74,NA,NA,NA,0
331,4,75,NA,NA,NA,0
332,4,75,NA,NA,NA,0
333,4,75,NA,NA,NA,0
334,4,75,NA,NA,NA,0
335,4,76,NA,NA,NA,0
336,4,76,NA,NA,NA,0
337,4,76,NA,NA,NA,0
338,4,76,NA,NA,NA,0
339,6,77,NA,NA,NA,0
340,6,77,NA,NA,NA,0
341,6,77,NA,NA,NA,0
342,6,77,NA,NA,NA,0
343,6,77,NA,NA,NA,0
344,6,77,NA,NA,NA,0
345,4,78,NA,NA,NA,0
346,4,78,NA,NA,NA,0
347,4,78,"C",364,3,0
348,4,78,NA,NA,NA,0
349,3,79,NA,NA,NA,0
350,3,79,NA,NA,NA,0
351,3,79,NA,NA,NA,0
352,4,80,NA,NA,NA,0
353,4,80,NA,NA,NA,0
354,4,80,NA,NA,NA,0
355,4,80,NA,NA,NA,0
356,3,81,NA,NA,NA,0
357,3,81,NA,NA,NA,0
358,3,81,NA,NA,NA,0
359,6,82,NA,NA,NA,0
360,6,82,NA,NA,NA,0
361,6,82,NA,NA,NA,0
362,6,82,NA,NA,NA,0
363,6,82,NA,NA,NA,0
364,6,82,NA,NA,NA,0
365,6,83,"C",333,5,2
366,6,83,"H",NA,NA,0
367,6,83,NA,NA,NA,0
368,6,83,NA,NA,NA,0
369,6,83,NA,NA,NA,0
370,6,83,"H",365,3,0
371,4,84,NA,NA,NA,0
372,4,84,NA,NA,NA,0
373,4,84,NA,NA,NA,0
374,4,84,NA,NA,NA,0
375,6,85,NA,NA,NA,0
376,6,85,"C",NA,NA,0
377,6,85,NA,NA,NA,0
378,6,85,NA,NA,NA,0
379,6,85,NA,NA,NA,0
380,6,85,NA,NA,NA,0
381,4,86,NA,NA,NA,0
382,4,86,NA,NA,NA,0
383,4,86,NA,NA,NA,0
384,4,86,NA,NA,NA,0
385,5,87,"H",NA,NA,0
386,5,87,NA,NA,NA,0
387,5,87,NA,NA,NA,0
388,5,87,NA,NA,NA,0
389,5,87,"C",318,4,1
390,3,88,NA,NA,NA,0
391,3,88,NA,NA,NA,0
392,3,88,NA,NA,NA,0
393,4,89,"C",263,3,2
394,4,89,"H",291,1,0
395,4,89,"H",302,1,0
396,4,89,NA,NA,NA,0
397,4,90,NA,NA,NA,0
398,4,90,NA,NA,NA,0
399,4,90,NA,NA,NA,0
400,4,90,NA,NA,NA,0
401,4,91,NA,NA,NA,0
402,4,91,NA,NA,NA,0
403,4,91,NA,NA,NA,0
404,4,91,NA,NA,NA,0
405,4,92,NA,NA,NA,0
406,4,92,NA,NA,NA,0
407,4,92,"C",155,3,0
408,4,92,NA,NA,NA,0
409,4,93,NA,NA,NA,0
410,4,93,NA,NA,NA,0
411,4,93,NA,NA,NA,0
412,4,93,NA,NA,NA,0
413,4,94,NA,NA,NA,0
414,4,94,NA,NA,NA,0
415,4,94,NA,NA,NA,0
416,4,94,NA,NA,NA,0
417,6,95,NA,NA,NA,0
418,6,95,NA,NA,NA,0
419,6,95,"C",359,4,1
420,6,95,NA,NA,NA,0
421,6,95,"C",NA,NA,0
422,6,95,"H",NA,NA,0
423,3,96,NA,NA,NA,0
424,3,96,NA,NA,NA,0
425,3,96,NA,NA,NA,0
426,5,97,"C",NA,NA,0
427,5,97,NA,NA,NA,0
428,5,97,NA,NA,NA,0
429,5,97,NA,NA,NA,0
430,5,97,NA,NA,NA,0
431,6,98,"H",270,4,2
432,6,98,"H",296,2,2
433,6,98,"C",232,5,1
434,6,98,"H",338,0,0
435,6,98,"H",311,0,0
436,6,98,"H",324,0,0
437,5,99,NA,NA,NA,0
438,5,99,NA,NA,NA,0
439,5,99,NA,NA,NA,0
440,5,99,NA,NA,NA,0
441,5,99,NA,NA,NA,0
442,6,100,NA,NA,NA,0
443,6,100,NA,NA,NA,0
444,6,100,NA,NA,NA,0
445,6,100,NA,NA,NA,0
446,6,100,NA,NA,NA,0
447,6,100,NA,NA,NA,0
448,4,101,NA,NA,NA,0
449,4,101,NA,NA,NA,0
450,4,101,NA,NA,NA,0
451,4,101,NA,NA,NA,0
452,5,102,NA,NA,NA,0
453,5,102,NA,NA,NA,0
454,5,102,NA,NA,NA,0
455,5,102,NA,NA,NA,0
456,5,102,NA,NA,NA,0
457,5,103,NA,NA,NA,0
458,5,103,"C",NA,NA,0
459,5,103,NA,NA,NA,0
460,5,103,NA,NA,NA,0
461,5,103,NA,NA,NA,0
462,4,104,NA,NA,NA,0
463,4,104,NA,NA,NA,0
464,4,104,NA,NA,NA,0
465,4,104,NA,NA,NA,0
466,4,105,"C",NA,NA,0
467,4,105,NA,NA,NA,0
468,4,105,NA,NA,NA,0
469,4,105,NA,NA,NA,0
470,6,106,NA,NA,NA,0
471,6,106,"C",351,5,1
472,6,106,"H",NA,NA,0
473,6,106,NA,NA,NA,0
474,6,106,NA,NA,NA,0
475,6,106,NA,NA,NA,0
476,5,107,"C",317,4,0
477,5,107,NA,NA,NA,0
478,5,107,NA,NA,NA,0
479,5,107,NA,NA,NA,0
480,5,107,NA,NA,NA,0
481,6,108,NA,NA,NA,0
482,6,108,NA,NA,NA,0
483,6,108,NA,NA,NA,0
484,6,108,NA,NA,NA,0
485,6,108,NA,NA,NA,0
486,6,108,NA,NA,NA,0
487,6,109,NA,NA,NA,0
488,6,109,NA,NA,NA,0
489,6,109,NA,NA,NA,0
490,6,109,NA,NA,NA,0
491,6,109,NA,NA,NA,0
492,6,109,NA,NA,NA,0
493,6,110,NA,NA,NA,0
494,6,110,NA,NA,NA,0
495,6,110,NA,NA,NA,0
496,6,110,NA,NA,NA,0
497,6,110,NA,NA,NA,0
498,6,110,NA,NA,NA,0
499,4,111,"C",330,3,0
500,4,111,NA,NA,NA,0
501,4,111,NA,NA,NA,0
502,4,111,NA,NA,NA,0
503,3,112,NA,NA,NA,0
504,3,112,"H",NA,NA,0
505,3,112,"C",321,2,1
506,6,113,NA,NA,NA,0
507,6,113,NA,NA,NA,0
508,6,113,NA,NA,NA,0
509,6,113,NA,NA,NA,0
510,6,113,NA,NA,NA,0
511,6,113,NA,NA,NA,0
512,4,114,NA,NA,NA,0
513,4,114,NA,NA,NA,0
514,4,114,NA,NA,NA,0
515,4,114,NA,NA,NA,0
516,6,115,NA,NA,NA,0
517,6,115,NA,NA,NA,0
518,6,115,NA,NA,NA,0
519,6,115,NA,NA,NA,0
520,6,115,NA,NA,NA,0
521,6,115,NA,NA,NA,0
522,5,116,NA,NA,NA,0
523,5,116,NA,NA,NA,0
524,5,116,NA,NA,NA,0
525,5,116,NA,NA,NA,0
526,5,116,NA,NA,NA,0
527,6,117,NA,NA,NA,0
528,6,117,NA,NA,NA,0
529,6,117,NA,NA,NA,0
530,6,117,NA,NA,NA,0
531,6,117,NA,NA,NA,0
532,6,117,NA,NA,NA,0
533,5,118,"H",330,2,0
534,5,118,"C",304,4,2
535,5,118,NA,NA,NA,0
536,5,118,NA,NA,NA,0
537,5,118,"H",335,2,0
538,6,119,NA,NA,NA,0
539,6,119,NA,NA,NA,0
540,6,119,NA,NA,NA,0
541,6,119,NA,NA,NA,0
542,6,119,NA,NA,NA,0
543,6,119,NA,NA,NA,0
544,6,120,NA,NA,NA,0
545,6,120,NA,NA,NA,0
546,6,120,NA,NA,NA,0
547,6,120,NA,NA,NA,0
548,6,120,NA,NA,NA,0
549,6,120,NA,NA,NA,0
550,3,121,NA,NA,NA,0
551,3,121,NA,NA,NA,0
552,3,121,NA,NA,NA,0
553,4,122,NA,NA,NA,0
554,4,122,NA,NA,NA,0
555,4,122,NA,NA,NA,0
556,4,122,NA,NA,NA,0
557,3,123,NA,NA,NA,0
558,3,123,NA,NA,NA,0
559,3,123,NA,NA,NA,0
560,6,124,NA,NA,NA,0
561,6,124,NA,NA,NA,0
562,6,124,NA,NA,NA,0
563,6,124,NA,NA,NA,0
564,6,124,NA,NA,NA,0
565,6,124,NA,NA,NA,0
566,3,125,NA,NA,NA,0
567,3,125,NA,NA,NA,0
568,3,125,NA,NA,NA,0
569,4,126,NA,NA,NA,0
570,4,126,NA,NA,NA,0
571,4,126,NA,NA,NA,0
572,4,126,NA,NA,NA,0
573,5,127,"H",329,3,2
574,5,127,"H",361,0,0
575,5,127,"H",NA,NA,0
576,5,127,"H",352,1,1
577,5,127,"C",298,4,1
578,3,128,NA,NA,NA,0
579,3,128,NA,NA,NA,0
580,3,128,NA,NA,NA,0
581,6,129,"C",359,5,2
582,6,129,"H",NA,NA,0
583,6,129,"H",NA,NA,0
584,6,129,NA,NA,NA,0
585,6,129,NA,NA,NA,0
586,6,129,NA,NA,NA,0
587,5,130,NA,NA,NA,0
588,5,130,NA,NA,NA,0
589,5,130,NA,NA,NA,0
590,5,130,NA,NA,NA,0
591,5,130,NA,NA,NA,0
592,6,131,NA,NA,NA,0
593,6,131,NA,NA,NA,0
594,6,131,NA,NA,NA,0
595,6,131,NA,NA,NA,0
596,6,131,NA,NA,NA,0
597,6,131,NA,NA,NA,0
598,4,132,NA,NA,NA,0
599,4,132,NA,NA,NA,0
600,4,132,NA,NA,NA,0
601,4,132,NA,NA,NA,0
602,3,133,NA,NA,NA,0
603,3,133,NA,NA,NA,0
604,3,133,NA,NA,NA,0
605,3,134,NA,NA,NA,0
606,3,134,NA,NA,NA,0
607,3,134,NA,NA,NA,0
608,4,135,NA,NA,NA,0
609,4,135,NA,NA,NA,0
610,4,135,NA,NA,NA,0
611,4,135,NA,NA,NA,0
612,5,136,NA,NA,NA,0
613,5,136,NA,NA,NA,0
614,5,136,NA,NA,NA,0
615,5,136,NA,NA,NA,0
616,5,136,NA,NA,NA,0
617,6,137,NA,NA,NA,0
618,6,137,NA,NA,NA,0
619,6,137,NA,NA,NA,0
620,6,137,NA,NA,NA,0
621,6,137,NA,NA,NA,0
622,6,137,"C",NA,NA,0
623,5,138,"C",NA,NA,0
624,5,138,"C",NA,NA,0
625,5,138,NA,NA,NA,0
626,5,138,NA,NA,NA,0
627,5,138,NA,NA,NA,0
628,3,139,NA,NA,NA,0
629,3,139,NA,NA,NA,0
630,3,139,NA,NA,NA,0
631,5,140,NA,NA,NA,0
632,5,140,NA,NA,NA,0
633,5,140,NA,NA,NA,0
634,5,140,NA,NA,NA,0
635,5,140,NA,NA,NA,0
636,3,141,NA,NA,NA,0
637,3,141,NA,NA,NA,0
638,3,141,NA,NA,NA,0
639,6,142,NA,NA,NA,0
640,6,142,NA,NA,NA,0
641,6,142,NA,NA,NA,0
642,6,142,NA,NA,NA,0
643,6,142,NA,NA,NA,0
644,6,142,NA,NA,NA,0
645,6,143,NA,NA,NA,0
646,6,143,NA,NA,NA,0
647,6,143,NA,NA,NA,0
648,6,143,"C",NA,NA,0
649,6,143,NA,NA,NA,0
650,6,143,NA,NA,NA,0
651,6,144,NA,NA,NA,0
652,6,144,NA,NA,NA,0
653,6,144,NA,NA,NA,0
654,6,144,NA,NA,NA,0
655,6,144,NA,NA,NA,0
656,6,144,NA,NA,NA,0
657,3,145,NA,NA,NA,0
658,3,145,"C",212,2,0
659,3,145,NA,NA,NA,0
660,6,146,"H",NA,NA,0
661,6,146,"C",310,5,3
662,6,146,"H",349,0,0
663,6,146,"H",NA,NA,0
664,6,146,"H",329,1,1
665,6,146,"H",327,2,1
666,3,147,NA,NA,NA,0
667,3,147,NA,NA,NA,0
668,3,147,NA,NA,NA,0
669,5,148,"C",240,4,3
670,5,148,"H",271,1,0
671,5,148,NA,NA,NA,0
672,5,148,"H",287,1,0
673,5,148,"H",270,1,0
674,4,149,NA,NA,NA,0
675,4,149,NA,NA,NA,0
676,4,149,NA,NA,NA,0
677,4,149,NA,NA,NA,0
678,5,150,NA,NA,NA,0
679,5,150,"C",305,4,0
680,5,150,NA,NA,NA,0
681,5,150,NA,NA,NA,0
682,5,150,NA,NA,NA,0
683,6,151,NA,NA,NA,0
684,6,151,NA,NA,NA,0
685,6,151,NA,NA,NA,0
686,6,151,NA,NA,NA,0
687,6,151,NA,NA,NA,0
688,6,151,NA,NA,NA,0
689,4,152,NA,NA,NA,0
690,4,152,NA,NA,NA,0
691,4,152,NA,NA,NA,0
692,4,152,NA,NA,NA,0
693,5,153,NA,NA,NA,0
694,5,153,NA,NA,NA,0
695,5,153,NA,NA,NA,0
696,5,153,NA,NA,NA,0
697,5,153,NA,NA,NA,0
698,5,154,"C",NA,NA,0
699,5,154,NA,NA,NA,0
700,5,154,"C",NA,NA,0
701,5,154,NA,NA,NA,0
702,5,154,NA,NA,NA,0
703,4,155,"C",NA,NA,0
704,4,155,NA,NA,NA,0
705,4,155,NA,NA,NA,0
706,4,155,NA,NA,NA,0
707,4,156,NA,NA,NA,0
708,4,156,NA,NA,NA,0
709,4,156,NA,NA,NA,0
710,4,156,NA,NA,NA,0
711,6,157,NA,NA,NA,0
712,6,157,NA,NA,NA,0
713,6,157,NA,NA,NA,0
714,6,157,NA,NA,NA,0
715,6,157,NA,NA,NA,0
716,6,157,NA,NA,NA,0
717,5,158,NA,NA,NA,0
718,5,158,NA,NA,NA,0
719,5,158,NA,NA,NA,0
720,5,158,NA,NA,NA,0
721,5,158,NA,NA,NA,0
722,5,159,NA,NA,NA,0
723,5,159,NA,NA,NA,0
724,5,159,NA,NA,NA,0
725,5,159,NA,NA,NA,0
726,5,159,NA,NA,NA,0
727,4,160,NA,NA,NA,0
728,4,160,NA,NA,NA,0
729,4,160,NA,NA,NA,0
730,4,160,NA,NA,NA,0
731,5,161,NA,NA,NA,0
732,5,161,NA,NA,NA,0
733,5,161,NA,NA,NA,0
734,5,161,NA,NA,NA,0
735,5,161,NA,NA,NA,0
736,3,162,NA,NA,NA,0
737,3,162,NA,NA,NA,0
738,3,162,NA,NA,NA,0
739,3,163,NA,NA,NA,0
740,3,163,NA,NA,NA,0
741,3,163,NA,NA,NA,0
742,5,164,"H",287,1,0
743,5,164,NA,NA,NA,0
744,5,164,"H",230,3,1
745,5,164,"C",194,4,1
746,5,164,"H",243,2,1
747,4,165,NA,NA,NA,0
748,4,165,NA,NA,NA,0
749,4,165,NA,NA,NA,0
750,4,165,NA,NA,NA,0
751,4,166,NA,NA,NA,0
752,4,166,NA,NA,NA,0
753,4,166,"C",362,3,1
754,4,166,"H",NA,NA,0
755,5,167,NA,NA,NA,0
756,5,167,NA,NA,NA,0
757,5,167,NA,NA,NA,0
758,5,167,NA,NA,NA,0
759,5,167,NA,NA,NA,0
760,3,168,NA,NA,NA,0
761,3,168,NA,NA,NA,0
762,3,168,NA,NA,NA,0
763,5,169,NA,NA,NA,0
764,5,169,NA,NA,NA,0
765,5,169,"H",NA,NA,0
766,5,169,"C",353,4,1
767,5,169,NA,NA,NA,0
768,4,170,NA,NA,NA,0
769,4,170,NA,NA,NA,0
770,4,170,NA,NA,NA,0
771,4,170,NA,NA,NA,0
772,4,171,NA,NA,NA,0
773,4,171,NA,NA,NA,0
774,4,171,NA,NA,NA,0
775,4,171,NA,NA,NA,0
776,6,172,NA,NA,NA,0
777,6,172,NA,NA,NA,0
778,6,172,NA,NA,NA,0
779,6,172,NA,NA,NA,0
780,6,172,NA,NA,NA,0
781,6,172,NA,NA,NA,0
782,6,173,NA,NA,NA,0
783,6,173,NA,NA,NA,0
784,6,173,NA,NA,NA,0
785,6,173,NA,NA,NA,0
786,6,173,NA,NA,NA,0
787,6,173,NA,NA,NA,0
788,4,174,NA,NA,NA,0
789,4,174,NA,NA,NA,0
790,4,174,NA,NA,NA,0
791,4,174,NA,NA,NA,0
792,5,175,NA,NA,NA,0
793,5,175,NA,NA,NA,0
794,5,175,NA,NA,NA,0
795,5,175,NA,NA,NA,0
796,5,175,NA,NA,NA,0
797,4,176,NA,NA,NA,0
798,4,176,NA,NA,NA,0
799,4,176,NA,NA,NA,0
800,4,176,NA,NA,NA,0
801,6,177,NA,NA,NA,0
802,6,177,NA,NA,NA,0
803,6,177,NA,NA,NA,0
804,6,177,NA,NA,NA,0
805,6,177,NA,NA,NA,0
806,6,177,NA,NA,NA,0
807,4,178,NA,NA,NA,0
808,4,178,NA,NA,NA,0
809,4,178,NA,NA,NA,0
810,4,178,NA,NA,NA,0
811,4,179,"H",139,1,1
812,4,179,"H",152,0,0
813,4,179,"C",105,3,2
814,4,179,"H",187,0,0
815,3,180,NA,NA,NA,0
816,3,180,NA,NA,NA,0
817,3,180,NA,NA,NA,0
818,3,181,NA,NA,NA,0
819,3,181,NA,NA,NA,0
820,3,181,NA,NA,NA,0
821,5,182,NA,NA,NA,0
822,5,182,NA,NA,NA,0
823,5,182,NA,NA,NA,0
824,5,182,NA,NA,NA,0
825,5,182,NA,NA,NA,0
826,6,183,"H",358,2,1
827,6,183,"H",NA,NA,0
828,6,183,"C",274,5,1
829,6,183,NA,NA,NA,0
830,6,183,"H",361,2,0
831,6,183,"H",324,4,2
832,6,184,NA,NA,NA,0
833,6,184,NA,NA,NA,0
834,6,184,NA,NA,NA,0
835,6,184,NA,NA,NA,0
836,6,184,NA,NA,NA,0
837,6,184,NA,NA,NA,0
838,5,185,"H",363,0,0
839,5,185,"H",345,0,0
840,5,185,"C",314,4,3
841,5,185,"H",NA,NA,0
842,5,185,"H",335,1,1
843,3,186,NA,NA,NA,0
844,3,186,NA,NA,NA,0
845,3,186,NA,NA,NA,0
846,6,187,NA,NA,NA,0
847,6,187,"H",327,4,2
848,6,187,"H",348,2,0
849,6,187,"C",299,5,1
850,6,187,"H",NA,NA,0
851,6,187,NA,NA,NA,0
852,5,188,NA,NA,NA,0
853,5,188,NA,NA,NA,0
854,5,188,NA,NA,NA,0
855,5,188,NA,NA,NA,0
856,5,188,NA,NA,NA,0
857,6,189,NA,NA,NA,0
858,6,189,NA,NA,NA,0
859,6,189,NA,NA,NA,0
860,6,189,NA,NA,NA,0
861,6,189,NA,NA,NA,0
862,6,189,NA,NA,NA,0
863,5,190,NA,NA,NA,0
864,5,190,NA,NA,NA,0
865,5,190,NA,NA,NA,0
866,5,190,NA,NA,NA,0
867,5,190,NA,NA,NA,0
868,6,191,NA,NA,NA,0
869,6,191,NA,NA,NA,0
870,6,191,NA,NA,NA,0
871,6,191,NA,NA,NA,0
872,6,191,NA,NA,NA,0
873,6,191,NA,NA,NA,0
874,3,192,"H",NA,NA,0
875,3,192,"H",NA,NA,0
876,3,192,"C",360,2,2
877,4,193,NA,NA,NA,0
878,4,193,NA,NA,NA,0
879,4,193,NA,NA,NA,0
880,4,193,NA,NA,NA,0
881,6,194,NA,NA,NA,0
882,6,194,NA,NA,NA,0
883,6,194,NA,NA,NA,0
884,6,194,NA,NA,NA,0
885,6,194,NA,NA,NA,0
886,6,194,NA,NA,NA,0
887,6,195,NA,NA,NA,0
888,6,195,NA,NA,NA,0
889,6,195,NA,NA,NA,0
890,6,195,NA,NA,NA,0
891,6,195,NA,NA,NA,0
892,6,195,NA,NA,NA,0
893,6,196,NA,NA,NA,0
894,6,196,NA,NA,NA,0
895,6,196,NA,NA,NA,0
896,6,196,NA,NA,NA,0
897,6,196,NA,NA,NA,0
898,6,196,NA,NA,NA,0
899,6,197,"C",288,5,3
900,6,197,"H",362,0,0
901,6,197,"H",NA,NA,0
902,6,197,"H",348,1,1
903,6,197,"H",344,2,1
904,6,197,"H",325,2,0
905,4,198,NA,NA,NA,0
906,4,198,NA,NA,NA,0
907,4,198,NA,NA,NA,0
908,4,198,NA,NA,NA,0
909,6,199,NA,NA,NA,0
910,6,199,NA,NA,NA,0
911,6,199,NA,NA,NA,0
912,6,199,NA,NA,NA,0
913,6,199,NA,NA,NA,0
914,6,199,NA,NA,NA,0
915,4,200,NA,NA,NA,0
916,4,200,NA,NA,NA,0
917,4,200,NA,NA,NA,0
918,4,200,NA,NA,NA,0
919,3,201,NA,NA,NA,0
920,3,201,NA,NA,NA,0
921,3,201,NA,NA,NA,0
922,3,202,NA,NA,NA,0
923,3,202,NA,NA,NA,0
924,3,202,NA,NA,NA,0
925,4,203,NA,NA,NA,0
926,4,203,NA,NA,NA,0
927,4,203,NA,NA,NA,0
928,4,203,NA,NA,NA,0
929,5,204,"C",NA,NA,0
930,5,204,NA,NA,NA,0
931,5,204,NA,NA,NA,0
932,5,204,NA,NA,NA,0
933,5,204,NA,NA,NA,0
934,5,205,NA,NA,NA,0
935,5,205,NA,NA,NA,0
936,5,205,NA,NA,NA,0
937,5,205,NA,NA,NA,0
938,5,205,NA,NA,NA,0
939,6,206,NA,NA,NA,0
940,6,206,NA,NA,NA,0
941,6,206,NA,NA,NA,0
942,6,206,NA,NA,NA,0
943,6,206,NA,NA,NA,0
944,6,206,NA,NA,NA,0
945,5,207,NA,NA,NA,0
946,5,207,"H",NA,NA,0
947,5,207,NA,NA,NA,0
948,5,207,NA,NA,NA,0
949,5,207,"C",344,4,1
950,5,208,NA,NA,NA,0
951,5,208,NA,NA,NA,0
952,5,208,NA,NA,NA,0
953,5,208,NA,NA,NA,0
954,5,208,NA,NA,NA,0
955,4,209,NA,NA,NA,0
956,4,209,NA,NA,NA,0
957,4,209,NA,NA,NA,0
958,4,209,NA,NA,NA,0
959,6,210,NA,NA,NA,0
960,6,210,NA,NA,NA,0
961,6,210,NA,NA,NA,0
962,6,210,NA,NA,NA,0
963,6,210,NA,NA,NA,0
964,6,210,NA,NA,NA,0
965,5,211,NA,NA,NA,0
966,5,211,NA,NA,NA,0
967,5,211,NA,NA,NA,0
968,5,211,NA,NA,NA,0
969,5,211,NA,NA,NA,0
970,4,212,NA,NA,NA,0
971,4,212,NA,NA,NA,0
972,4,212,NA,NA,NA,0
973,4,212,NA,NA,NA,0
974,3,213,NA,NA,NA,0
975,3,213,"C",336,2,0
976,3,213,NA,NA,NA,0
977,5,214,NA,NA,NA,0
978,5,214,NA,NA,NA,0
979,5,214,NA,NA,NA,0
980,5,214,NA,NA,NA,0
981,5,214,NA,NA,NA,0
982,3,215,NA,NA,NA,0
983,3,215,NA,NA,NA,0
984,3,215,NA,NA,NA,0
985,4,216,NA,NA,NA,0
986,4,216,NA,NA,NA,0
987,4,216,NA,NA,NA,0
988,4,216,NA,NA,NA,0
989,4,217,NA,NA,NA,0
990,4,217,NA,NA,NA,0
991,4,217,NA,NA,NA,0
992,4,217,NA,NA,NA,0
993,5,218,NA,NA,NA,0
994,5,218,NA,NA,NA,0
995,5,218,NA,NA,NA,0
996,5,218,NA,NA,NA,0
997,5,218,NA,NA,NA,0
998,3,219,NA,NA,NA,0
999,3,219,NA,NA,NA,0
1000,3,219,NA,NA,NA,0
