"ID","SIZE","HH","TYPE","TIME","S_NUM","I_NUM"
1,3,1,"0",35,2,2
2,3,1,"H",75,0,0
3,3,1,"H",66,0,0
4,5,2,NA,NA,NA,0
5,5,2,NA,NA,NA,0
6,5,2,NA,NA,NA,0
7,5,2,NA,NA,NA,0
8,5,2,"C",NA,NA,0
9,6,3,NA,NA,NA,0
10,6,3,NA,NA,NA,0
11,6,3,NA,NA,NA,0
12,6,3,NA,NA,NA,0
13,6,3,NA,NA,NA,0
14,6,3,NA,NA,NA,0
15,5,4,"H",354,1,0
16,5,4,"H",NA,NA,0
17,5,4,"H",359,1,0
18,5,4,NA,NA,NA,0
19,5,4,"C",341,4,3
20,6,5,NA,NA,NA,0
21,6,5,NA,NA,NA,0
22,6,5,NA,NA,NA,0
23,6,5,NA,NA,NA,0
24,6,5,NA,NA,NA,0
25,6,5,NA,NA,NA,0
26,4,6,NA,NA,NA,0
27,4,6,NA,NA,NA,0
28,4,6,NA,NA,NA,0
29,4,6,NA,NA,NA,0
30,5,7,NA,NA,NA,0
31,5,7,NA,NA,NA,0
32,5,7,NA,NA,NA,0
33,5,7,NA,NA,NA,0
34,5,7,NA,NA,NA,0
35,3,8,NA,NA,NA,0
36,3,8,NA,NA,NA,0
37,3,8,NA,NA,NA,0
38,6,9,NA,NA,NA,0
39,6,9,NA,NA,NA,0
40,6,9,NA,NA,NA,0
41,6,9,NA,NA,NA,0
42,6,9,NA,NA,NA,0
43,6,9,NA,NA,NA,0
44,3,10,NA,NA,NA,0
45,3,10,NA,NA,NA,0
46,3,10,NA,NA,NA,0
47,4,11,NA,NA,NA,0
48,4,11,NA,NA,NA,0
49,4,11,"C",208,3,0
50,4,11,NA,NA,NA,0
51,6,12,"C",309,5,0
52,6,12,NA,NA,NA,0
53,6,12,NA,NA,NA,0
54,6,12,NA,NA,NA,0
55,6,12,NA,NA,NA,0
56,6,12,NA,NA,NA,0
57,5,13,"C",203,4,2
58,5,13,NA,NA,NA,0
59,5,13,"H",277,1,0
60,5,13,"H",233,2,1
61,5,13,"H",226,2,0
62,3,14,NA,NA,NA,0
63,3,14,NA,NA,NA,0
64,3,14,NA,NA,NA,0
65,3,15,"H",262,1,0
66,3,15,"C",241,2,1
67,3,15,NA,NA,NA,0
68,6,16,NA,NA,NA,0
69,6,16,NA,NA,NA,0
70,6,16,NA,NA,NA,0
71,6,16,NA,NA,NA,0
72,6,16,NA,NA,NA,0
73,6,16,NA,NA,NA,0
74,4,17,"H",220,2,2
75,4,17,"H",255,0,0
76,4,17,"H",248,0,0
77,4,17,"C",179,3,1
78,5,18,NA,NA,NA,0
79,5,18,NA,NA,NA,0
80,5,18,NA,NA,NA,0
81,5,18,NA,NA,NA,0
82,5,18,NA,NA,NA,0
83,6,19,NA,NA,NA,0
84,6,19,"C",219,5,0
85,6,19,NA,NA,NA,0
86,6,19,NA,NA,NA,0
87,6,19,NA,NA,NA,0
88,6,19,NA,NA,NA,0
89,5,20,NA,NA,NA,0
90,5,20,NA,NA,NA,0
91,5,20,NA,NA,NA,0
92,5,20,NA,NA,NA,0
93,5,20,NA,NA,NA,0
94,3,21,NA,NA,NA,0
95,3,21,NA,NA,NA,0
96,3,21,NA,NA,NA,0
97,6,22,NA,NA,NA,0
98,6,22,NA,NA,NA,0
99,6,22,NA,NA,NA,0
100,6,22,NA,NA,NA,0
101,6,22,NA,NA,NA,0
102,6,22,NA,NA,NA,0
103,4,23,NA,NA,NA,0
104,4,23,NA,NA,NA,0
105,4,23,NA,NA,NA,0
106,4,23,NA,NA,NA,0
107,5,24,NA,NA,NA,0
108,5,24,NA,NA,NA,0
109,5,24,NA,NA,NA,0
110,5,24,NA,NA,NA,0
111,5,24,NA,NA,NA,0
112,5,25,NA,NA,NA,0
113,5,25,NA,NA,NA,0
114,5,25,NA,NA,NA,0
115,5,25,NA,NA,NA,0
116,5,25,NA,NA,NA,0
117,5,26,NA,NA,NA,0
118,5,26,NA,NA,NA,0
119,5,26,NA,NA,NA,0
120,5,26,NA,NA,NA,0
121,5,26,NA,NA,NA,0
122,4,27,NA,NA,NA,0
123,4,27,"C",NA,NA,0
124,4,27,NA,NA,NA,0
125,4,27,NA,NA,NA,0
126,5,28,NA,NA,NA,0
127,5,28,"C",321,4,0
128,5,28,NA,NA,NA,0
129,5,28,NA,NA,NA,0
130,5,28,NA,NA,NA,0
131,4,29,NA,NA,NA,0
132,4,29,NA,NA,NA,0
133,4,29,NA,NA,NA,0
134,4,29,NA,NA,NA,0
135,4,30,NA,NA,NA,0
136,4,30,NA,NA,NA,0
137,4,30,NA,NA,NA,0
138,4,30,NA,NA,NA,0
139,6,31,NA,NA,NA,0
140,6,31,NA,NA,NA,0
141,6,31,NA,NA,NA,0
142,6,31,NA,NA,NA,0
143,6,31,NA,NA,NA,0
144,6,31,NA,NA,NA,0
145,3,32,"C",337,2,0
146,3,32,NA,NA,NA,0
147,3,32,NA,NA,NA,0
148,4,33,NA,NA,NA,0
149,4,33,NA,NA,NA,0
150,4,33,NA,NA,NA,0
151,4,33,NA,NA,NA,0
152,3,34,NA,NA,NA,0
153,3,34,NA,NA,NA,0
154,3,34,NA,NA,NA,0
155,6,35,NA,NA,NA,0
156,6,35,NA,NA,NA,0
157,6,35,NA,NA,NA,0
158,6,35,NA,NA,NA,0
159,6,35,NA,NA,NA,0
160,6,35,NA,NA,NA,0
161,6,36,NA,NA,NA,0
162,6,36,"C",294,5,0
163,6,36,NA,NA,NA,0
164,6,36,NA,NA,NA,0
165,6,36,NA,NA,NA,0
166,6,36,NA,NA,NA,0
167,5,37,NA,NA,NA,0
168,5,37,NA,NA,NA,0
169,5,37,NA,NA,NA,0
170,5,37,NA,NA,NA,0
171,5,37,NA,NA,NA,0
172,3,38,NA,NA,NA,0
173,3,38,NA,NA,NA,0
174,3,38,NA,NA,NA,0
175,5,39,NA,NA,NA,0
176,5,39,NA,NA,NA,0
177,5,39,NA,NA,NA,0
178,5,39,NA,NA,NA,0
179,5,39,NA,NA,NA,0
180,5,40,NA,NA,NA,0
181,5,40,NA,NA,NA,0
182,5,40,NA,NA,NA,0
183,5,40,NA,NA,NA,0
184,5,40,NA,NA,NA,0
185,5,41,NA,NA,NA,0
186,5,41,NA,NA,NA,0
187,5,41,"H",NA,NA,0
188,5,41,"C",352,4,2
189,5,41,"H",NA,NA,0
190,4,42,NA,NA,NA,0
191,4,42,NA,NA,NA,0
192,4,42,NA,NA,NA,0
193,4,42,NA,NA,NA,0
194,6,43,NA,NA,NA,0
195,6,43,NA,NA,NA,0
196,6,43,NA,NA,NA,0
197,6,43,NA,NA,NA,0
198,6,43,NA,NA,NA,0
199,6,43,NA,NA,NA,0
200,3,44,"C",262,2,1
201,3,44,"H",287,1,0
202,3,44,NA,NA,NA,0
203,6,45,NA,NA,NA,0
204,6,45,NA,NA,NA,0
205,6,45,"C",162,5,3
206,6,45,"H",209,2,0
207,6,45,"H",191,2,0
208,6,45,"H",217,2,0
209,6,46,NA,NA,NA,0
210,6,46,NA,NA,NA,0
211,6,46,NA,NA,NA,0
212,6,46,NA,NA,NA,0
213,6,46,NA,NA,NA,0
214,6,46,NA,NA,NA,0
215,5,47,NA,NA,NA,0
216,5,47,NA,NA,NA,0
217,5,47,NA,NA,NA,0
218,5,47,NA,NA,NA,0
219,5,47,NA,NA,NA,0
220,5,48,NA,NA,NA,0
221,5,48,NA,NA,NA,0
222,5,48,NA,NA,NA,0
223,5,48,NA,NA,NA,0
224,5,48,NA,NA,NA,0
225,3,49,NA,NA,NA,0
226,3,49,NA,NA,NA,0
227,3,49,NA,NA,NA,0
228,4,50,NA,NA,NA,0
229,4,50,NA,NA,NA,0
230,4,50,"C",97,3,0
231,4,50,NA,NA,NA,0
232,3,51,NA,NA,NA,0
233,3,51,NA,NA,NA,0
234,3,51,NA,NA,NA,0
235,4,52,NA,NA,NA,0
236,4,52,NA,NA,NA,0
237,4,52,NA,NA,NA,0
238,4,52,NA,NA,NA,0
239,4,53,NA,NA,NA,0
240,4,53,NA,NA,NA,0
241,4,53,NA,NA,NA,0
242,4,53,NA,NA,NA,0
243,5,54,NA,NA,NA,0
244,5,54,NA,NA,NA,0
245,5,54,NA,NA,NA,0
246,5,54,NA,NA,NA,0
247,5,54,NA,NA,NA,0
248,5,55,NA,NA,NA,0
249,5,55,NA,NA,NA,0
250,5,55,NA,NA,NA,0
251,5,55,NA,NA,NA,0
252,5,55,NA,NA,NA,0
253,6,56,"C",NA,NA,0
254,6,56,NA,NA,NA,0
255,6,56,NA,NA,NA,0
256,6,56,NA,NA,NA,0
257,6,56,NA,NA,NA,0
258,6,56,NA,NA,NA,0
259,5,57,NA,NA,NA,0
260,5,57,NA,NA,NA,0
261,5,57,NA,NA,NA,0
262,5,57,NA,NA,NA,0
263,5,57,NA,NA,NA,0
264,4,58,NA,NA,NA,0
265,4,58,NA,NA,NA,0
266,4,58,NA,NA,NA,0
267,4,58,NA,NA,NA,0
268,4,59,NA,NA,NA,0
269,4,59,NA,NA,NA,0
270,4,59,NA,NA,NA,0
271,4,59,NA,NA,NA,0
272,3,60,NA,NA,NA,0
273,3,60,NA,NA,NA,0
274,3,60,NA,NA,NA,0
275,4,61,NA,NA,NA,0
276,4,61,NA,NA,NA,0
277,4,61,NA,NA,NA,0
278,4,61,NA,NA,NA,0
279,4,62,NA,NA,NA,0
280,4,62,NA,NA,NA,0
281,4,62,NA,NA,NA,0
282,4,62,NA,NA,NA,0
283,4,63,NA,NA,NA,0
284,4,63,NA,NA,NA,0
285,4,63,NA,NA,NA,0
286,4,63,NA,NA,NA,0
287,5,64,"H",361,2,0
288,5,64,"H",323,3,1
289,5,64,NA,NA,NA,0
290,5,64,NA,NA,NA,0
291,5,64,"C",271,4,1
292,6,65,NA,NA,NA,0
293,6,65,"C",239,5,2
294,6,65,"H",301,2,0
295,6,65,"H",274,3,1
296,6,65,NA,NA,NA,0
297,6,65,"H",298,2,0
298,3,66,NA,NA,NA,0
299,3,66,NA,NA,NA,0
300,3,66,NA,NA,NA,0
301,6,67,NA,NA,NA,0
302,6,67,NA,NA,NA,0
303,6,67,NA,NA,NA,0
304,6,67,NA,NA,NA,0
305,6,67,NA,NA,NA,0
306,6,67,NA,NA,NA,0
307,3,68,NA,NA,NA,0
308,3,68,NA,NA,NA,0
309,3,68,NA,NA,NA,0
310,4,69,NA,NA,NA,0
311,4,69,NA,NA,NA,0
312,4,69,NA,NA,NA,0
313,4,69,NA,NA,NA,0
314,6,70,NA,NA,NA,0
315,6,70,NA,NA,NA,0
316,6,70,NA,NA,NA,0
317,6,70,NA,NA,NA,0
318,6,70,NA,NA,NA,0
319,6,70,NA,NA,NA,0
320,3,71,NA,NA,NA,0
321,3,71,NA,NA,NA,0
322,3,71,NA,NA,NA,0
323,6,72,"C",NA,NA,0
324,6,72,NA,NA,NA,0
325,6,72,NA,NA,NA,0
326,6,72,NA,NA,NA,0
327,6,72,NA,NA,NA,0
328,6,72,NA,NA,NA,0
329,5,73,NA,NA,NA,0
330,5,73,NA,NA,NA,0
331,5,73,NA,NA,NA,0
332,5,73,NA,NA,NA,0
333,5,73,NA,NA,NA,0
334,4,74,NA,NA,NA,0
335,4,74,NA,NA,NA,0
336,4,74,NA,NA,NA,0
337,4,74,NA,NA,NA,0
338,3,75,NA,NA,NA,0
339,3,75,NA,NA,NA,0
340,3,75,NA,NA,NA,0
341,3,76,NA,NA,NA,0
342,3,76,NA,NA,NA,0
343,3,76,NA,NA,NA,0
344,3,77,NA,NA,NA,0
345,3,77,NA,NA,NA,0
346,3,77,NA,NA,NA,0
347,3,78,NA,NA,NA,0
348,3,78,NA,NA,NA,0
349,3,78,NA,NA,NA,0
350,6,79,NA,NA,NA,0
351,6,79,NA,NA,NA,0
352,6,79,"C",NA,NA,0
353,6,79,NA,NA,NA,0
354,6,79,NA,NA,NA,0
355,6,79,NA,NA,NA,0
356,3,80,NA,NA,NA,0
357,3,80,NA,NA,NA,0
358,3,80,NA,NA,NA,0
359,5,81,NA,NA,NA,0
360,5,81,NA,NA,NA,0
361,5,81,NA,NA,NA,0
362,5,81,NA,NA,NA,0
363,5,81,NA,NA,NA,0
364,3,82,NA,NA,NA,0
365,3,82,NA,NA,NA,0
366,3,82,NA,NA,NA,0
367,4,83,NA,NA,NA,0
368,4,83,NA,NA,NA,0
369,4,83,NA,NA,NA,0
370,4,83,NA,NA,NA,0
371,4,84,"C",341,3,1
372,4,84,NA,NA,NA,0
373,4,84,"H",355,2,1
374,4,84,"H",NA,NA,0
375,3,85,NA,NA,NA,0
376,3,85,NA,NA,NA,0
377,3,85,NA,NA,NA,0
378,4,86,NA,NA,NA,0
379,4,86,NA,NA,NA,0
380,4,86,NA,NA,NA,0
381,4,86,NA,NA,NA,0
382,3,87,NA,NA,NA,0
383,3,87,NA,NA,NA,0
384,3,87,NA,NA,NA,0
385,4,88,NA,NA,NA,0
386,4,88,NA,NA,NA,0
387,4,88,NA,NA,NA,0
388,4,88,NA,NA,NA,0
389,5,89,NA,NA,NA,0
390,5,89,NA,NA,NA,0
391,5,89,NA,NA,NA,0
392,5,89,NA,NA,NA,0
393,5,89,NA,NA,NA,0
394,4,90,NA,NA,NA,0
395,4,90,NA,NA,NA,0
396,4,90,NA,NA,NA,0
397,4,90,NA,NA,NA,0
398,3,91,NA,NA,NA,0
399,3,91,NA,NA,NA,0
400,3,91,NA,NA,NA,0
401,4,92,NA,NA,NA,0
402,4,92,NA,NA,NA,0
403,4,92,NA,NA,NA,0
404,4,92,NA,NA,NA,0
405,4,93,NA,NA,NA,0
406,4,93,NA,NA,NA,0
407,4,93,NA,NA,NA,0
408,4,93,"C",160,3,0
409,5,94,NA,NA,NA,0
410,5,94,NA,NA,NA,0
411,5,94,NA,NA,NA,0
412,5,94,NA,NA,NA,0
413,5,94,NA,NA,NA,0
414,5,95,NA,NA,NA,0
415,5,95,NA,NA,NA,0
416,5,95,NA,NA,NA,0
417,5,95,NA,NA,NA,0
418,5,95,"C",NA,NA,0
419,6,96,"H",150,2,0
420,6,96,"H",199,0,0
421,6,96,"C",90,5,1
422,6,96,"H",180,0,0
423,6,96,"H",160,2,2
424,6,96,"H",123,4,2
425,5,97,NA,NA,NA,0
426,5,97,NA,NA,NA,0
427,5,97,NA,NA,NA,0
428,5,97,NA,NA,NA,0
429,5,97,NA,NA,NA,0
430,5,98,NA,NA,NA,0
431,5,98,NA,NA,NA,0
432,5,98,NA,NA,NA,0
433,5,98,NA,NA,NA,0
434,5,98,NA,NA,NA,0
435,3,99,NA,NA,NA,0
436,3,99,NA,NA,NA,0
437,3,99,NA,NA,NA,0
438,4,100,NA,NA,NA,0
439,4,100,NA,NA,NA,0
440,4,100,NA,NA,NA,0
441,4,100,NA,NA,NA,0
442,6,101,"H",320,3,1
443,6,101,NA,NA,NA,0
444,6,101,"H",330,2,0
445,6,101,NA,NA,NA,0
446,6,101,"H",360,2,0
447,6,101,"C",280,5,2
448,3,102,NA,NA,NA,0
449,3,102,NA,NA,NA,0
450,3,102,NA,NA,NA,0
451,4,103,NA,NA,NA,0
452,4,103,NA,NA,NA,0
453,4,103,NA,NA,NA,0
454,4,103,NA,NA,NA,0
455,6,104,NA,NA,NA,0
456,6,104,NA,NA,NA,0
457,6,104,NA,NA,NA,0
458,6,104,NA,NA,NA,0
459,6,104,NA,NA,NA,0
460,6,104,NA,NA,NA,0
461,4,105,NA,NA,NA,0
462,4,105,NA,NA,NA,0
463,4,105,NA,NA,NA,0
464,4,105,NA,NA,NA,0
465,5,106,NA,NA,NA,0
466,5,106,NA,NA,NA,0
467,5,106,NA,NA,NA,0
468,5,106,NA,NA,NA,0
469,5,106,NA,NA,NA,0
470,4,107,NA,NA,NA,0
471,4,107,NA,NA,NA,0
472,4,107,NA,NA,NA,0
473,4,107,NA,NA,NA,0
474,3,108,NA,NA,NA,0
475,3,108,NA,NA,NA,0
476,3,108,NA,NA,NA,0
477,5,109,NA,NA,NA,0
478,5,109,NA,NA,NA,0
479,5,109,NA,NA,NA,0
480,5,109,NA,NA,NA,0
481,5,109,NA,NA,NA,0
482,6,110,NA,NA,NA,0
483,6,110,"H",NA,NA,0
484,6,110,NA,NA,NA,0
485,6,110,"H",345,3,0
486,6,110,"C",321,5,2
487,6,110,NA,NA,NA,0
488,4,111,NA,NA,NA,0
489,4,111,NA,NA,NA,0
490,4,111,NA,NA,NA,0
491,4,111,NA,NA,NA,0
492,3,112,NA,NA,NA,0
493,3,112,NA,NA,NA,0
494,3,112,NA,NA,NA,0
495,4,113,NA,NA,NA,0
496,4,113,NA,NA,NA,0
497,4,113,NA,NA,NA,0
498,4,113,NA,NA,NA,0
499,6,114,NA,NA,NA,0
500,6,114,NA,NA,NA,0
501,6,114,NA,NA,NA,0
502,6,114,NA,NA,NA,0
503,6,114,NA,NA,NA,0
504,6,114,"C",66,5,0
505,6,115,"C",NA,NA,0
506,6,115,NA,NA,NA,0
507,6,115,NA,NA,NA,0
508,6,115,NA,NA,NA,0
509,6,115,NA,NA,NA,0
510,6,115,NA,NA,NA,0
511,6,116,NA,NA,NA,0
512,6,116,NA,NA,NA,0
513,6,116,NA,NA,NA,0
514,6,116,NA,NA,NA,0
515,6,116,NA,NA,NA,0
516,6,116,NA,NA,NA,0
517,4,117,NA,NA,NA,0
518,4,117,NA,NA,NA,0
519,4,117,NA,NA,NA,0
520,4,117,NA,NA,NA,0
521,6,118,NA,NA,NA,0
522,6,118,NA,NA,NA,0
523,6,118,NA,NA,NA,0
524,6,118,NA,NA,NA,0
525,6,118,NA,NA,NA,0
526,6,118,"C",324,5,0
527,5,119,NA,NA,NA,0
528,5,119,NA,NA,NA,0
529,5,119,NA,NA,NA,0
530,5,119,NA,NA,NA,0
531,5,119,NA,NA,NA,0
532,5,120,NA,NA,NA,0
533,5,120,NA,NA,NA,0
534,5,120,NA,NA,NA,0
535,5,120,NA,NA,NA,0
536,5,120,NA,NA,NA,0
537,6,121,NA,NA,NA,0
538,6,121,"C",351,5,2
539,6,121,NA,NA,NA,0
540,6,121,NA,NA,NA,0
541,6,121,"H",NA,NA,0
542,6,121,"H",NA,NA,0
543,5,122,NA,NA,NA,0
544,5,122,NA,NA,NA,0
545,5,122,NA,NA,NA,0
546,5,122,NA,NA,NA,0
547,5,122,NA,NA,NA,0
548,5,123,"H",349,1,1
549,5,123,"C",304,4,3
550,5,123,"H",330,1,0
551,5,123,"H",NA,NA,0
552,5,123,"H",335,1,0
553,4,124,NA,NA,NA,0
554,4,124,NA,NA,NA,0
555,4,124,NA,NA,NA,0
556,4,124,NA,NA,NA,0
557,3,125,NA,NA,NA,0
558,3,125,NA,NA,NA,0
559,3,125,NA,NA,NA,0
560,5,126,NA,NA,NA,0
561,5,126,NA,NA,NA,0
562,5,126,NA,NA,NA,0
563,5,126,NA,NA,NA,0
564,5,126,NA,NA,NA,0
565,4,127,"H",274,2,0
566,4,127,"C",255,3,1
567,4,127,NA,NA,NA,0
568,4,127,NA,NA,NA,0
569,3,128,NA,NA,NA,0
570,3,128,NA,NA,NA,0
571,3,128,"C",355,2,0
572,4,129,NA,NA,NA,0
573,4,129,NA,NA,NA,0
574,4,129,NA,NA,NA,0
575,4,129,NA,NA,NA,0
576,3,130,NA,NA,NA,0
577,3,130,NA,NA,NA,0
578,3,130,NA,NA,NA,0
579,4,131,NA,NA,NA,0
580,4,131,NA,NA,NA,0
581,4,131,NA,NA,NA,0
582,4,131,NA,NA,NA,0
583,6,132,NA,NA,NA,0
584,6,132,"C",339,5,1
585,6,132,NA,NA,NA,0
586,6,132,NA,NA,NA,0
587,6,132,NA,NA,NA,0
588,6,132,"H",NA,NA,0
589,4,133,NA,NA,NA,0
590,4,133,"C",304,3,1
591,4,133,NA,NA,NA,0
592,4,133,"H",332,2,0
593,4,134,NA,NA,NA,0
594,4,134,"C",138,3,0
595,4,134,NA,NA,NA,0
596,4,134,NA,NA,NA,0
597,5,135,"H",337,3,0
598,5,135,NA,NA,NA,0
599,5,135,NA,NA,NA,0
600,5,135,NA,NA,NA,0
601,5,135,"C",297,4,1
602,5,136,"H",208,2,2
603,5,136,"H",263,0,0
604,5,136,"H",174,3,1
605,5,136,"H",228,0,0
606,5,136,"C",142,4,1
607,6,137,NA,NA,NA,0
608,6,137,NA,NA,NA,0
609,6,137,NA,NA,NA,0
610,6,137,NA,NA,NA,0
611,6,137,NA,NA,NA,0
612,6,137,NA,NA,NA,0
613,4,138,NA,NA,NA,0
614,4,138,NA,NA,NA,0
615,4,138,NA,NA,NA,0
616,4,138,NA,NA,NA,0
617,6,139,NA,NA,NA,0
618,6,139,NA,NA,NA,0
619,6,139,NA,NA,NA,0
620,6,139,NA,NA,NA,0
621,6,139,NA,NA,NA,0
622,6,139,NA,NA,NA,0
623,6,140,NA,NA,NA,0
624,6,140,NA,NA,NA,0
625,6,140,NA,NA,NA,0
626,6,140,NA,NA,NA,0
627,6,140,NA,NA,NA,0
628,6,140,NA,NA,NA,0
629,3,141,NA,NA,NA,0
630,3,141,NA,NA,NA,0
631,3,141,NA,NA,NA,0
632,5,142,NA,NA,NA,0
633,5,142,NA,NA,NA,0
634,5,142,NA,NA,NA,0
635,5,142,NA,NA,NA,0
636,5,142,NA,NA,NA,0
637,4,143,NA,NA,NA,0
638,4,143,NA,NA,NA,0
639,4,143,NA,NA,NA,0
640,4,143,NA,NA,NA,0
641,5,144,"H",333,2,0
642,5,144,"C",139,4,1
643,5,144,NA,NA,NA,0
644,5,144,"H",295,3,1
645,5,144,NA,NA,NA,0
646,5,145,NA,NA,NA,0
647,5,145,NA,NA,NA,0
648,5,145,NA,NA,NA,0
649,5,145,NA,NA,NA,0
650,5,145,NA,NA,NA,0
651,5,146,NA,NA,NA,0
652,5,146,NA,NA,NA,0
653,5,146,NA,NA,NA,0
654,5,146,NA,NA,NA,0
655,5,146,NA,NA,NA,0
656,6,147,NA,NA,NA,0
657,6,147,NA,NA,NA,0
658,6,147,NA,NA,NA,0
659,6,147,NA,NA,NA,0
660,6,147,NA,NA,NA,0
661,6,147,NA,NA,NA,0
662,3,148,NA,NA,NA,0
663,3,148,NA,NA,NA,0
664,3,148,NA,NA,NA,0
665,5,149,NA,NA,NA,0
666,5,149,NA,NA,NA,0
667,5,149,NA,NA,NA,0
668,5,149,NA,NA,NA,0
669,5,149,NA,NA,NA,0
670,5,150,NA,NA,NA,0
671,5,150,NA,NA,NA,0
672,5,150,NA,NA,NA,0
673,5,150,NA,NA,NA,0
674,5,150,NA,NA,NA,0
675,4,151,NA,NA,NA,0
676,4,151,NA,NA,NA,0
677,4,151,NA,NA,NA,0
678,4,151,NA,NA,NA,0
679,4,152,NA,NA,NA,0
680,4,152,NA,NA,NA,0
681,4,152,NA,NA,NA,0
682,4,152,NA,NA,NA,0
683,3,153,NA,NA,NA,0
684,3,153,NA,NA,NA,0
685,3,153,NA,NA,NA,0
686,5,154,NA,NA,NA,0
687,5,154,NA,NA,NA,0
688,5,154,NA,NA,NA,0
689,5,154,NA,NA,NA,0
690,5,154,NA,NA,NA,0
691,3,155,NA,NA,NA,0
692,3,155,NA,NA,NA,0
693,3,155,NA,NA,NA,0
694,3,156,NA,NA,NA,0
695,3,156,NA,NA,NA,0
696,3,156,NA,NA,NA,0
697,3,157,NA,NA,NA,0
698,3,157,NA,NA,NA,0
699,3,157,NA,NA,NA,0
700,6,158,NA,NA,NA,0
701,6,158,NA,NA,NA,0
702,6,158,NA,NA,NA,0
703,6,158,NA,NA,NA,0
704,6,158,NA,NA,NA,0
705,6,158,NA,NA,NA,0
706,4,159,NA,NA,NA,0
707,4,159,NA,NA,NA,0
708,4,159,NA,NA,NA,0
709,4,159,NA,NA,NA,0
710,6,160,NA,NA,NA,0
711,6,160,NA,NA,NA,0
712,6,160,NA,NA,NA,0
713,6,160,NA,NA,NA,0
714,6,160,NA,NA,NA,0
715,6,160,NA,NA,NA,0
716,6,161,NA,NA,NA,0
717,6,161,NA,NA,NA,0
718,6,161,NA,NA,NA,0
719,6,161,NA,NA,NA,0
720,6,161,NA,NA,NA,0
721,6,161,NA,NA,NA,0
722,3,162,NA,NA,NA,0
723,3,162,NA,NA,NA,0
724,3,162,NA,NA,NA,0
725,6,163,NA,NA,NA,0
726,6,163,NA,NA,NA,0
727,6,163,NA,NA,NA,0
728,6,163,NA,NA,NA,0
729,6,163,NA,NA,NA,0
730,6,163,NA,NA,NA,0
731,5,164,NA,NA,NA,0
732,5,164,NA,NA,NA,0
733,5,164,NA,NA,NA,0
734,5,164,NA,NA,NA,0
735,5,164,NA,NA,NA,0
736,3,165,NA,NA,NA,0
737,3,165,NA,NA,NA,0
738,3,165,NA,NA,NA,0
739,4,166,NA,NA,NA,0
740,4,166,NA,NA,NA,0
741,4,166,NA,NA,NA,0
742,4,166,NA,NA,NA,0
743,5,167,NA,NA,NA,0
744,5,167,"C",NA,NA,0
745,5,167,NA,NA,NA,0
746,5,167,NA,NA,NA,0
747,5,167,NA,NA,NA,0
748,5,168,NA,NA,NA,0
749,5,168,NA,NA,NA,0
750,5,168,NA,NA,NA,0
751,5,168,NA,NA,NA,0
752,5,168,NA,NA,NA,0
753,5,169,"C",322,4,0
754,5,169,NA,NA,NA,0
755,5,169,NA,NA,NA,0
756,5,169,NA,NA,NA,0
757,5,169,NA,NA,NA,0
758,6,170,NA,NA,NA,0
759,6,170,NA,NA,NA,0
760,6,170,NA,NA,NA,0
761,6,170,NA,NA,NA,0
762,6,170,NA,NA,NA,0
763,6,170,NA,NA,NA,0
764,6,171,NA,NA,NA,0
765,6,171,NA,NA,NA,0
766,6,171,NA,NA,NA,0
767,6,171,NA,NA,NA,0
768,6,171,"C",NA,NA,0
769,6,171,NA,NA,NA,0
770,5,172,NA,NA,NA,0
771,5,172,NA,NA,NA,0
772,5,172,NA,NA,NA,0
773,5,172,NA,NA,NA,0
774,5,172,NA,NA,NA,0
775,3,173,NA,NA,NA,0
776,3,173,NA,NA,NA,0
777,3,173,NA,NA,NA,0
778,5,174,NA,NA,NA,0
779,5,174,"H",347,2,0
780,5,174,NA,NA,NA,0
781,5,174,"H",347,2,0
782,5,174,"C",323,4,2
783,6,175,"C",NA,NA,0
784,6,175,NA,NA,NA,0
785,6,175,NA,NA,NA,0
786,6,175,NA,NA,NA,0
787,6,175,NA,NA,NA,0
788,6,175,NA,NA,NA,0
789,4,176,"C",NA,NA,0
790,4,176,NA,NA,NA,0
791,4,176,NA,NA,NA,0
792,4,176,NA,NA,NA,0
793,5,177,NA,NA,NA,0
794,5,177,NA,NA,NA,0
795,5,177,NA,NA,NA,0
796,5,177,NA,NA,NA,0
797,5,177,NA,NA,NA,0
798,4,178,NA,NA,NA,0
799,4,178,NA,NA,NA,0
800,4,178,NA,NA,NA,0
801,4,178,NA,NA,NA,0
802,3,179,NA,NA,NA,0
803,3,179,NA,NA,NA,0
804,3,179,NA,NA,NA,0
805,5,180,NA,NA,NA,0
806,5,180,NA,NA,NA,0
807,5,180,NA,NA,NA,0
808,5,180,NA,NA,NA,0
809,5,180,NA,NA,NA,0
810,5,181,NA,NA,NA,0
811,5,181,NA,NA,NA,0
812,5,181,NA,NA,NA,0
813,5,181,NA,NA,NA,0
814,5,181,NA,NA,NA,0
815,4,182,NA,NA,NA,0
816,4,182,NA,NA,NA,0
817,4,182,NA,NA,NA,0
818,4,182,NA,NA,NA,0
819,6,183,NA,NA,NA,0
820,6,183,NA,NA,NA,0
821,6,183,NA,NA,NA,0
822,6,183,NA,NA,NA,0
823,6,183,NA,NA,NA,0
824,6,183,NA,NA,NA,0
825,3,184,NA,NA,NA,0
826,3,184,"C",NA,NA,0
827,3,184,NA,NA,NA,0
828,5,185,NA,NA,NA,0
829,5,185,NA,NA,NA,0
830,5,185,NA,NA,NA,0
831,5,185,NA,NA,NA,0
832,5,185,NA,NA,NA,0
833,6,186,"C",223,5,2
834,6,186,"H",295,1,0
835,6,186,"H",333,1,0
836,6,186,"H",255,3,1
837,6,186,"H",275,2,1
838,6,186,"C",355,0,0
839,5,187,NA,NA,NA,0
840,5,187,NA,NA,NA,0
841,5,187,NA,NA,NA,0
842,5,187,NA,NA,NA,0
843,5,187,NA,NA,NA,0
844,3,188,NA,NA,NA,0
845,3,188,NA,NA,NA,0
846,3,188,NA,NA,NA,0
847,6,189,NA,NA,NA,0
848,6,189,NA,NA,NA,0
849,6,189,"C",187,5,1
850,6,189,"H",222,4,1
851,6,189,NA,NA,NA,0
852,6,189,"H",257,3,0
853,3,190,NA,NA,NA,0
854,3,190,NA,NA,NA,0
855,3,190,NA,NA,NA,0
856,4,191,NA,NA,NA,0
857,4,191,NA,NA,NA,0
858,4,191,NA,NA,NA,0
859,4,191,NA,NA,NA,0
860,4,192,"C",327,3,1
861,4,192,"H",NA,NA,0
862,4,192,"H",355,2,1
863,4,192,NA,NA,NA,0
864,6,193,NA,NA,NA,0
865,6,193,"C",285,5,0
866,6,193,NA,NA,NA,0
867,6,193,NA,NA,NA,0
868,6,193,NA,NA,NA,0
869,6,193,NA,NA,NA,0
870,6,194,NA,NA,NA,0
871,6,194,NA,NA,NA,0
872,6,194,NA,NA,NA,0
873,6,194,NA,NA,NA,0
874,6,194,NA,NA,NA,0
875,6,194,NA,NA,NA,0
876,5,195,NA,NA,NA,0
877,5,195,NA,NA,NA,0
878,5,195,NA,NA,NA,0
879,5,195,"C",NA,NA,0
880,5,195,NA,NA,NA,0
881,6,196,NA,NA,NA,0
882,6,196,NA,NA,NA,0
883,6,196,"C",172,5,0
884,6,196,NA,NA,NA,0
885,6,196,NA,NA,NA,0
886,6,196,NA,NA,NA,0
887,4,197,"H",283,1,0
888,4,197,"H",300,1,1
889,4,197,"H",NA,NA,0
890,4,197,"C",257,3,2
891,4,198,NA,NA,NA,0
892,4,198,NA,NA,NA,0
893,4,198,NA,NA,NA,0
894,4,198,NA,NA,NA,0
895,3,199,NA,NA,NA,0
896,3,199,NA,NA,NA,0
897,3,199,NA,NA,NA,0
898,4,200,NA,NA,NA,0
899,4,200,NA,NA,NA,0
900,4,200,NA,NA,NA,0
901,4,200,NA,NA,NA,0
902,5,201,NA,NA,NA,0
903,5,201,NA,NA,NA,0
904,5,201,NA,NA,NA,0
905,5,201,NA,NA,NA,0
906,5,201,NA,NA,NA,0
907,3,202,NA,NA,NA,0
908,3,202,NA,NA,NA,0
909,3,202,NA,NA,NA,0
910,6,203,NA,NA,NA,0
911,6,203,NA,NA,NA,0
912,6,203,NA,NA,NA,0
913,6,203,NA,NA,NA,0
914,6,203,NA,NA,NA,0
915,6,203,NA,NA,NA,0
916,3,204,NA,NA,NA,0
917,3,204,NA,NA,NA,0
918,3,204,NA,NA,NA,0
919,4,205,NA,NA,NA,0
920,4,205,NA,NA,NA,0
921,4,205,NA,NA,NA,0
922,4,205,NA,NA,NA,0
923,4,206,NA,NA,NA,0
924,4,206,NA,NA,NA,0
925,4,206,NA,NA,NA,0
926,4,206,NA,NA,NA,0
927,6,207,NA,NA,NA,0
928,6,207,NA,NA,NA,0
929,6,207,NA,NA,NA,0
930,6,207,NA,NA,NA,0
931,6,207,NA,NA,NA,0
932,6,207,NA,NA,NA,0
933,3,208,NA,NA,NA,0
934,3,208,NA,NA,NA,0
935,3,208,NA,NA,NA,0
936,6,209,NA,NA,NA,0
937,6,209,NA,NA,NA,0
938,6,209,NA,NA,NA,0
939,6,209,NA,NA,NA,0
940,6,209,"C",350,5,0
941,6,209,NA,NA,NA,0
942,5,210,NA,NA,NA,0
943,5,210,NA,NA,NA,0
944,5,210,NA,NA,NA,0
945,5,210,NA,NA,NA,0
946,5,210,NA,NA,NA,0
947,4,211,"H",330,1,0
948,4,211,"H",276,2,1
949,4,211,"C",247,3,1
950,4,211,NA,NA,NA,0
951,4,212,NA,NA,NA,0
952,4,212,NA,NA,NA,0
953,4,212,NA,NA,NA,0
954,4,212,NA,NA,NA,0
955,3,213,NA,NA,NA,0
956,3,213,NA,NA,NA,0
957,3,213,NA,NA,NA,0
958,6,214,NA,NA,NA,0
959,6,214,NA,NA,NA,0
960,6,214,NA,NA,NA,0
961,6,214,NA,NA,NA,0
962,6,214,NA,NA,NA,0
963,6,214,NA,NA,NA,0
964,3,215,NA,NA,NA,0
965,3,215,NA,NA,NA,0
966,3,215,NA,NA,NA,0
967,3,216,NA,NA,NA,0
968,3,216,NA,NA,NA,0
969,3,216,NA,NA,NA,0
970,3,217,NA,NA,NA,0
971,3,217,NA,NA,NA,0
972,3,217,NA,NA,NA,0
973,6,218,NA,NA,NA,0
974,6,218,NA,NA,NA,0
975,6,218,NA,NA,NA,0
976,6,218,NA,NA,NA,0
977,6,218,NA,NA,NA,0
978,6,218,NA,NA,NA,0
979,4,219,NA,NA,NA,0
980,4,219,NA,NA,NA,0
981,4,219,NA,NA,NA,0
982,4,219,NA,NA,NA,0
983,4,220,NA,NA,NA,0
984,4,220,NA,NA,NA,0
985,4,220,NA,NA,NA,0
986,4,220,NA,NA,NA,0
987,3,221,NA,NA,NA,0
988,3,221,NA,NA,NA,0
989,3,221,NA,NA,NA,0
990,6,222,NA,NA,NA,0
991,6,222,NA,NA,NA,0
992,6,222,NA,NA,NA,0
993,6,222,NA,NA,NA,0
994,6,222,NA,NA,NA,0
995,6,222,NA,NA,NA,0
996,5,223,"H",347,1,0
997,5,223,"C",297,4,2
998,5,223,NA,NA,NA,0
999,5,223,"H",326,1,0
1000,5,223,"H",321,2,1
