"ID","SIZE","HH","TYPE","TIME","S_num","I_num"
1,4,1,"0",42,3,1
2,4,1,"H",84,2,1
3,4,1,"H",101,1,1
4,4,1,"H",126,0,0
5,6,2,"H",NA,NA,0
6,6,2,NA,NA,NA,0
7,6,2,NA,NA,NA,0
8,6,2,NA,NA,NA,0
9,6,2,"H",362,3,0
10,6,2,"C",344,5,2
11,4,3,"C",NA,NA,0
12,4,3,NA,NA,NA,0
13,4,3,NA,NA,NA,0
14,4,3,NA,NA,NA,0
15,6,4,NA,NA,NA,0
16,6,4,NA,NA,NA,0
17,6,4,NA,NA,NA,0
18,6,4,NA,NA,NA,0
19,6,4,NA,NA,NA,0
20,6,4,NA,NA,NA,0
21,6,5,NA,NA,NA,0
22,6,5,NA,NA,NA,0
23,6,5,"C",274,5,1
24,6,5,NA,NA,NA,0
25,6,5,"H",307,4,0
26,6,5,NA,NA,NA,0
27,4,6,NA,NA,NA,0
28,4,6,"C",NA,NA,0
29,4,6,NA,NA,NA,0
30,4,6,NA,NA,NA,0
31,6,7,NA,NA,NA,0
32,6,7,NA,NA,NA,0
33,6,7,NA,NA,NA,0
34,6,7,NA,NA,NA,0
35,6,7,NA,NA,NA,0
36,6,7,NA,NA,NA,0
37,3,8,NA,NA,NA,0
38,3,8,NA,NA,NA,0
39,3,8,NA,NA,NA,0
40,3,9,NA,NA,NA,0
41,3,9,NA,NA,NA,0
42,3,9,NA,NA,NA,0
43,6,10,NA,NA,NA,0
44,6,10,NA,NA,NA,0
45,6,10,NA,NA,NA,0
46,6,10,NA,NA,NA,0
47,6,10,NA,NA,NA,0
48,6,10,NA,NA,NA,0
49,6,11,NA,NA,NA,0
50,6,11,NA,NA,NA,0
51,6,11,NA,NA,NA,0
52,6,11,NA,NA,NA,0
53,6,11,NA,NA,NA,0
54,6,11,NA,NA,NA,0
55,3,12,NA,NA,NA,0
56,3,12,NA,NA,NA,0
57,3,12,NA,NA,NA,0
58,3,13,NA,NA,NA,0
59,3,13,NA,NA,NA,0
60,3,13,NA,NA,NA,0
61,6,14,NA,NA,NA,0
62,6,14,NA,NA,NA,0
63,6,14,NA,NA,NA,0
64,6,14,NA,NA,NA,0
65,6,14,NA,NA,NA,0
66,6,14,NA,NA,NA,0
67,4,15,NA,NA,NA,0
68,4,15,NA,NA,NA,0
69,4,15,NA,NA,NA,0
70,4,15,NA,NA,NA,0
71,5,16,NA,NA,NA,0
72,5,16,"H",NA,NA,0
73,5,16,NA,NA,NA,0
74,5,16,NA,NA,NA,0
75,5,16,"C",338,4,1
76,4,17,NA,NA,NA,0
77,4,17,NA,NA,NA,0
78,4,17,NA,NA,NA,0
79,4,17,NA,NA,NA,0
80,4,18,NA,NA,NA,0
81,4,18,NA,NA,NA,0
82,4,18,NA,NA,NA,0
83,4,18,NA,NA,NA,0
84,5,19,"C",345,4,1
85,5,19,NA,NA,NA,0
86,5,19,NA,NA,NA,0
87,5,19,NA,NA,NA,0
88,5,19,"H",NA,NA,0
89,5,20,"C",NA,NA,0
90,5,20,NA,NA,NA,0
91,5,20,NA,NA,NA,0
92,5,20,NA,NA,NA,0
93,5,20,NA,NA,NA,0
94,3,21,NA,NA,NA,0
95,3,21,NA,NA,NA,0
96,3,21,NA,NA,NA,0
97,5,22,NA,NA,NA,0
98,5,22,NA,NA,NA,0
99,5,22,NA,NA,NA,0
100,5,22,NA,NA,NA,0
101,5,22,NA,NA,NA,0
102,5,23,NA,NA,NA,0
103,5,23,NA,NA,NA,0
104,5,23,NA,NA,NA,0
105,5,23,NA,NA,NA,0
106,5,23,NA,NA,NA,0
107,5,24,NA,NA,NA,0
108,5,24,NA,NA,NA,0
109,5,24,NA,NA,NA,0
110,5,24,NA,NA,NA,0
111,5,24,NA,NA,NA,0
112,3,25,NA,NA,NA,0
113,3,25,NA,NA,NA,0
114,3,25,NA,NA,NA,0
115,3,26,NA,NA,NA,0
116,3,26,NA,NA,NA,0
117,3,26,NA,NA,NA,0
118,3,27,NA,NA,NA,0
119,3,27,NA,NA,NA,0
120,3,27,NA,NA,NA,0
121,4,28,NA,NA,NA,0
122,4,28,"H",NA,NA,0
123,4,28,"C",342,3,2
124,4,28,"H",NA,NA,0
125,3,29,NA,NA,NA,0
126,3,29,NA,NA,NA,0
127,3,29,NA,NA,NA,0
128,5,30,NA,NA,NA,0
129,5,30,NA,NA,NA,0
130,5,30,NA,NA,NA,0
131,5,30,NA,NA,NA,0
132,5,30,NA,NA,NA,0
133,4,31,NA,NA,NA,0
134,4,31,NA,NA,NA,0
135,4,31,NA,NA,NA,0
136,4,31,NA,NA,NA,0
137,5,32,NA,NA,NA,0
138,5,32,NA,NA,NA,0
139,5,32,NA,NA,NA,0
140,5,32,NA,NA,NA,0
141,5,32,"C",NA,NA,0
142,4,33,"C",334,3,1
143,4,33,"H",363,2,0
144,4,33,NA,NA,NA,0
145,4,33,NA,NA,NA,0
146,3,34,NA,NA,NA,0
147,3,34,NA,NA,NA,0
148,3,34,NA,NA,NA,0
149,6,35,"H",294,3,1
150,6,35,"C",244,5,1
151,6,35,"H",259,4,1
152,6,35,"H",330,2,1
153,6,35,"H",361,1,1
154,6,35,"H",NA,NA,0
155,5,36,NA,NA,NA,0
156,5,36,NA,NA,NA,0
157,5,36,NA,NA,NA,0
158,5,36,NA,NA,NA,0
159,5,36,NA,NA,NA,0
160,3,37,NA,NA,NA,0
161,3,37,NA,NA,NA,0
162,3,37,NA,NA,NA,0
163,6,38,NA,NA,NA,0
164,6,38,NA,NA,NA,0
165,6,38,NA,NA,NA,0
166,6,38,NA,NA,NA,0
167,6,38,"H",339,4,0
168,6,38,"C",298,5,1
169,6,39,NA,NA,NA,0
170,6,39,NA,NA,NA,0
171,6,39,NA,NA,NA,0
172,6,39,NA,NA,NA,0
173,6,39,NA,NA,NA,0
174,6,39,NA,NA,NA,0
175,4,40,"C",326,3,2
176,4,40,"H",NA,NA,0
177,4,40,NA,NA,NA,0
178,4,40,"H",353,1,0
179,6,41,NA,NA,NA,0
180,6,41,NA,NA,NA,0
181,6,41,NA,NA,NA,0
182,6,41,NA,NA,NA,0
183,6,41,NA,NA,NA,0
184,6,41,NA,NA,NA,0
185,4,42,NA,NA,NA,0
186,4,42,NA,NA,NA,0
187,4,42,NA,NA,NA,0
188,4,42,NA,NA,NA,0
189,3,43,NA,NA,NA,0
190,3,43,NA,NA,NA,0
191,3,43,NA,NA,NA,0
192,3,44,NA,NA,NA,0
193,3,44,NA,NA,NA,0
194,3,44,NA,NA,NA,0
195,4,45,NA,NA,NA,0
196,4,45,NA,NA,NA,0
197,4,45,NA,NA,NA,0
198,4,45,NA,NA,NA,0
199,4,46,NA,NA,NA,0
200,4,46,NA,NA,NA,0
201,4,46,NA,NA,NA,0
202,4,46,"C",186,3,0
203,5,47,NA,NA,NA,0
204,5,47,NA,NA,NA,0
205,5,47,NA,NA,NA,0
206,5,47,NA,NA,NA,0
207,5,47,NA,NA,NA,0
208,6,48,NA,NA,NA,0
209,6,48,NA,NA,NA,0
210,6,48,NA,NA,NA,0
211,6,48,NA,NA,NA,0
212,6,48,NA,NA,NA,0
213,6,48,NA,NA,NA,0
214,6,49,NA,NA,NA,0
215,6,49,NA,NA,NA,0
216,6,49,NA,NA,NA,0
217,6,49,NA,NA,NA,0
218,6,49,NA,NA,NA,0
219,6,49,NA,NA,NA,0
220,4,50,NA,NA,NA,0
221,4,50,NA,NA,NA,0
222,4,50,NA,NA,NA,0
223,4,50,NA,NA,NA,0
224,4,51,NA,NA,NA,0
225,4,51,NA,NA,NA,0
226,4,51,NA,NA,NA,0
227,4,51,NA,NA,NA,0
228,3,52,NA,NA,NA,0
229,3,52,NA,NA,NA,0
230,3,52,NA,NA,NA,0
231,6,53,NA,NA,NA,0
232,6,53,NA,NA,NA,0
233,6,53,NA,NA,NA,0
234,6,53,NA,NA,NA,0
235,6,53,NA,NA,NA,0
236,6,53,NA,NA,NA,0
237,3,54,NA,NA,NA,0
238,3,54,NA,NA,NA,0
239,3,54,NA,NA,NA,0
240,3,55,NA,NA,NA,0
241,3,55,NA,NA,NA,0
242,3,55,NA,NA,NA,0
243,5,56,"H",296,3,1
244,5,56,NA,NA,NA,0
245,5,56,NA,NA,NA,0
246,5,56,"C",264,4,1
247,5,56,"H",323,2,0
248,4,57,NA,NA,NA,0
249,4,57,NA,NA,NA,0
250,4,57,NA,NA,NA,0
251,4,57,NA,NA,NA,0
252,3,58,NA,NA,NA,0
253,3,58,NA,NA,NA,0
254,3,58,"C",327,2,0
255,4,59,"C",292,3,0
256,4,59,NA,NA,NA,0
257,4,59,NA,NA,NA,0
258,4,59,NA,NA,NA,0
259,3,60,"H",350,1,0
260,3,60,"C",307,2,1
261,3,60,NA,NA,NA,0
262,5,61,NA,NA,NA,0
263,5,61,NA,NA,NA,0
264,5,61,NA,NA,NA,0
265,5,61,NA,NA,NA,0
266,5,61,NA,NA,NA,0
267,5,62,"H",NA,NA,0
268,5,62,NA,NA,NA,0
269,5,62,"H",364,1,0
270,5,62,"H",358,2,1
271,5,62,"C",324,4,2
272,6,63,"C",316,5,1
273,6,63,NA,NA,NA,0
274,6,63,NA,NA,NA,0
275,6,63,NA,NA,NA,0
276,6,63,NA,NA,NA,0
277,6,63,"H",NA,NA,0
278,4,64,NA,NA,NA,0
279,4,64,NA,NA,NA,0
280,4,64,NA,NA,NA,0
281,4,64,NA,NA,NA,0
282,6,65,NA,NA,NA,0
283,6,65,NA,NA,NA,0
284,6,65,NA,NA,NA,0
285,6,65,NA,NA,NA,0
286,6,65,NA,NA,NA,0
287,6,65,NA,NA,NA,0
288,6,66,NA,NA,NA,0
289,6,66,NA,NA,NA,0
290,6,66,NA,NA,NA,0
291,6,66,NA,NA,NA,0
292,6,66,NA,NA,NA,0
293,6,66,NA,NA,NA,0
294,4,67,NA,NA,NA,0
295,4,67,NA,NA,NA,0
296,4,67,NA,NA,NA,0
297,4,67,NA,NA,NA,0
298,5,68,NA,NA,NA,0
299,5,68,NA,NA,NA,0
300,5,68,NA,NA,NA,0
301,5,68,NA,NA,NA,0
302,5,68,NA,NA,NA,0
303,6,69,NA,NA,NA,0
304,6,69,NA,NA,NA,0
305,6,69,NA,NA,NA,0
306,6,69,NA,NA,NA,0
307,6,69,NA,NA,NA,0
308,6,69,NA,NA,NA,0
309,4,70,NA,NA,NA,0
310,4,70,NA,NA,NA,0
311,4,70,NA,NA,NA,0
312,4,70,NA,NA,NA,0
313,4,71,NA,NA,NA,0
314,4,71,NA,NA,NA,0
315,4,71,NA,NA,NA,0
316,4,71,NA,NA,NA,0
317,5,72,NA,NA,NA,0
318,5,72,NA,NA,NA,0
319,5,72,NA,NA,NA,0
320,5,72,NA,NA,NA,0
321,5,72,NA,NA,NA,0
322,6,73,NA,NA,NA,0
323,6,73,NA,NA,NA,0
324,6,73,NA,NA,NA,0
325,6,73,NA,NA,NA,0
326,6,73,NA,NA,NA,0
327,6,73,NA,NA,NA,0
328,5,74,NA,NA,NA,0
329,5,74,NA,NA,NA,0
330,5,74,NA,NA,NA,0
331,5,74,NA,NA,NA,0
332,5,74,NA,NA,NA,0
333,4,75,NA,NA,NA,0
334,4,75,NA,NA,NA,0
335,4,75,NA,NA,NA,0
336,4,75,NA,NA,NA,0
337,3,76,NA,NA,NA,0
338,3,76,NA,NA,NA,0
339,3,76,"C",265,2,0
340,5,77,NA,NA,NA,0
341,5,77,NA,NA,NA,0
342,5,77,NA,NA,NA,0
343,5,77,NA,NA,NA,0
344,5,77,NA,NA,NA,0
345,4,78,NA,NA,NA,0
346,4,78,NA,NA,NA,0
347,4,78,"H",NA,NA,0
348,4,78,"C",325,3,1
349,5,79,"H",247,0,0
350,5,79,"H",273,0,0
351,5,79,"H",223,1,1
352,5,79,"H",222,1,0
353,5,79,"C",199,4,3
354,4,80,"C",NA,NA,0
355,4,80,NA,NA,NA,0
356,4,80,NA,NA,NA,0
357,4,80,NA,NA,NA,0
358,3,81,NA,NA,NA,0
359,3,81,NA,NA,NA,0
360,3,81,NA,NA,NA,0
361,3,82,NA,NA,NA,0
362,3,82,NA,NA,NA,0
363,3,82,NA,NA,NA,0
364,3,83,NA,NA,NA,0
365,3,83,NA,NA,NA,0
366,3,83,NA,NA,NA,0
367,3,84,NA,NA,NA,0
368,3,84,NA,NA,NA,0
369,3,84,NA,NA,NA,0
370,3,85,NA,NA,NA,0
371,3,85,NA,NA,NA,0
372,3,85,NA,NA,NA,0
373,5,86,NA,NA,NA,0
374,5,86,NA,NA,NA,0
375,5,86,NA,NA,NA,0
376,5,86,NA,NA,NA,0
377,5,86,NA,NA,NA,0
378,5,87,NA,NA,NA,0
379,5,87,NA,NA,NA,0
380,5,87,NA,NA,NA,0
381,5,87,NA,NA,NA,0
382,5,87,NA,NA,NA,0
383,4,88,"C",345,3,1
384,4,88,NA,NA,NA,0
385,4,88,NA,NA,NA,0
386,4,88,"H",NA,NA,0
387,5,89,NA,NA,NA,0
388,5,89,NA,NA,NA,0
389,5,89,NA,NA,NA,0
390,5,89,NA,NA,NA,0
391,5,89,NA,NA,NA,0
392,6,90,NA,NA,NA,0
393,6,90,NA,NA,NA,0
394,6,90,NA,NA,NA,0
395,6,90,NA,NA,NA,0
396,6,90,NA,NA,NA,0
397,6,90,NA,NA,NA,0
398,3,91,NA,NA,NA,0
399,3,91,NA,NA,NA,0
400,3,91,NA,NA,NA,0
401,5,92,"C",96,4,2
402,5,92,"H",273,0,0
403,5,92,"H",150,2,1
404,5,92,"H",209,1,1
405,5,92,"H",119,2,0
406,3,93,NA,NA,NA,0
407,3,93,"H",293,1,0
408,3,93,"C",273,2,1
409,4,94,NA,NA,NA,0
410,4,94,NA,NA,NA,0
411,4,94,NA,NA,NA,0
412,4,94,NA,NA,NA,0
413,3,95,NA,NA,NA,0
414,3,95,NA,NA,NA,0
415,3,95,NA,NA,NA,0
416,4,96,NA,NA,NA,0
417,4,96,NA,NA,NA,0
418,4,96,NA,NA,NA,0
419,4,96,NA,NA,NA,0
420,4,97,NA,NA,NA,0
421,4,97,NA,NA,NA,0
422,4,97,NA,NA,NA,0
423,4,97,NA,NA,NA,0
424,5,98,NA,NA,NA,0
425,5,98,NA,NA,NA,0
426,5,98,NA,NA,NA,0
427,5,98,NA,NA,NA,0
428,5,98,NA,NA,NA,0
429,3,99,NA,NA,NA,0
430,3,99,NA,NA,NA,0
431,3,99,NA,NA,NA,0
432,4,100,NA,NA,NA,0
433,4,100,NA,NA,NA,0
434,4,100,NA,NA,NA,0
435,4,100,NA,NA,NA,0
436,6,101,NA,NA,NA,0
437,6,101,NA,NA,NA,0
438,6,101,NA,NA,NA,0
439,6,101,NA,NA,NA,0
440,6,101,NA,NA,NA,0
441,6,101,NA,NA,NA,0
442,5,102,"C",339,4,2
443,5,102,"H",365,2,0
444,5,102,NA,NA,NA,0
445,5,102,NA,NA,NA,0
446,5,102,"H",NA,NA,0
447,3,103,NA,NA,NA,0
448,3,103,NA,NA,NA,0
449,3,103,NA,NA,NA,0
450,3,104,NA,NA,NA,0
451,3,104,NA,NA,NA,0
452,3,104,NA,NA,NA,0
453,4,105,NA,NA,NA,0
454,4,105,"H",NA,NA,0
455,4,105,"C",361,3,1
456,4,105,NA,NA,NA,0
457,5,106,"C",307,3,1
458,5,106,NA,NA,NA,0
459,5,106,NA,NA,NA,0
460,5,106,"C",309,3,0
461,5,106,"H",340,2,0
462,6,107,NA,NA,NA,0
463,6,107,NA,NA,NA,0
464,6,107,NA,NA,NA,0
465,6,107,NA,NA,NA,0
466,6,107,NA,NA,NA,0
467,6,107,NA,NA,NA,0
468,3,108,NA,NA,NA,0
469,3,108,NA,NA,NA,0
470,3,108,NA,NA,NA,0
471,6,109,"H",349,2,0
472,6,109,"C",NA,NA,0
473,6,109,NA,NA,NA,0
474,6,109,NA,NA,NA,0
475,6,109,"H",360,2,0
476,6,109,"C",330,5,2
477,4,110,NA,NA,NA,0
478,4,110,NA,NA,NA,0
479,4,110,NA,NA,NA,0
480,4,110,NA,NA,NA,0
481,6,111,NA,NA,NA,0
482,6,111,NA,NA,NA,0
483,6,111,NA,NA,NA,0
484,6,111,NA,NA,NA,0
485,6,111,NA,NA,NA,0
486,6,111,NA,NA,NA,0
487,5,112,NA,NA,NA,0
488,5,112,NA,NA,NA,0
489,5,112,NA,NA,NA,0
490,5,112,NA,NA,NA,0
491,5,112,NA,NA,NA,0
492,6,113,NA,NA,NA,0
493,6,113,NA,NA,NA,0
494,6,113,NA,NA,NA,0
495,6,113,NA,NA,NA,0
496,6,113,NA,NA,NA,0
497,6,113,NA,NA,NA,0
498,4,114,"C",337,3,1
499,4,114,NA,NA,NA,0
500,4,114,"H",NA,NA,0
501,4,114,NA,NA,NA,0
502,4,115,NA,NA,NA,0
503,4,115,NA,NA,NA,0
504,4,115,NA,NA,NA,0
505,4,115,NA,NA,NA,0
506,3,116,NA,NA,NA,0
507,3,116,NA,NA,NA,0
508,3,116,NA,NA,NA,0
509,6,117,NA,NA,NA,0
510,6,117,NA,NA,NA,0
511,6,117,NA,NA,NA,0
512,6,117,NA,NA,NA,0
513,6,117,NA,NA,NA,0
514,6,117,NA,NA,NA,0
515,6,118,"C",301,5,0
516,6,118,NA,NA,NA,0
517,6,118,NA,NA,NA,0
518,6,118,NA,NA,NA,0
519,6,118,NA,NA,NA,0
520,6,118,NA,NA,NA,0
521,3,119,NA,NA,NA,0
522,3,119,NA,NA,NA,0
523,3,119,NA,NA,NA,0
524,4,120,NA,NA,NA,0
525,4,120,NA,NA,NA,0
526,4,120,NA,NA,NA,0
527,4,120,NA,NA,NA,0
528,5,121,NA,NA,NA,0
529,5,121,"C",NA,NA,0
530,5,121,NA,NA,NA,0
531,5,121,NA,NA,NA,0
532,5,121,NA,NA,NA,0
533,3,122,NA,NA,NA,0
534,3,122,NA,NA,NA,0
535,3,122,NA,NA,NA,0
536,4,123,NA,NA,NA,0
537,4,123,NA,NA,NA,0
538,4,123,NA,NA,NA,0
539,4,123,NA,NA,NA,0
540,6,124,NA,NA,NA,0
541,6,124,NA,NA,NA,0
542,6,124,NA,NA,NA,0
543,6,124,NA,NA,NA,0
544,6,124,NA,NA,NA,0
545,6,124,NA,NA,NA,0
546,4,125,"C",NA,NA,0
547,4,125,NA,NA,NA,0
548,4,125,NA,NA,NA,0
549,4,125,NA,NA,NA,0
550,4,126,NA,NA,NA,0
551,4,126,NA,NA,NA,0
552,4,126,NA,NA,NA,0
553,4,126,NA,NA,NA,0
554,4,127,NA,NA,NA,0
555,4,127,NA,NA,NA,0
556,4,127,NA,NA,NA,0
557,4,127,NA,NA,NA,0
558,5,128,NA,NA,NA,0
559,5,128,NA,NA,NA,0
560,5,128,NA,NA,NA,0
561,5,128,NA,NA,NA,0
562,5,128,NA,NA,NA,0
563,4,129,NA,NA,NA,0
564,4,129,NA,NA,NA,0
565,4,129,NA,NA,NA,0
566,4,129,NA,NA,NA,0
567,3,130,NA,NA,NA,0
568,3,130,NA,NA,NA,0
569,3,130,NA,NA,NA,0
570,6,131,NA,NA,NA,0
571,6,131,NA,NA,NA,0
572,6,131,NA,NA,NA,0
573,6,131,NA,NA,NA,0
574,6,131,NA,NA,NA,0
575,6,131,NA,NA,NA,0
576,3,132,NA,NA,NA,0
577,3,132,NA,NA,NA,0
578,3,132,NA,NA,NA,0
579,3,133,NA,NA,NA,0
580,3,133,NA,NA,NA,0
581,3,133,NA,NA,NA,0
582,3,134,"H",214,1,0
583,3,134,"C",149,2,1
584,3,134,NA,NA,NA,0
585,5,135,"C",333,4,2
586,5,135,"H",348,2,2
587,5,135,"H",NA,NA,0
588,5,135,"H",363,0,0
589,5,135,"H",NA,NA,0
590,6,136,"H",304,2,1
591,6,136,"H",293,3,1
592,6,136,"H",344,1,0
593,6,136,"H",330,1,0
594,6,136,NA,NA,NA,0
595,6,136,"C",267,5,2
596,5,137,NA,NA,NA,0
597,5,137,NA,NA,NA,0
598,5,137,NA,NA,NA,0
599,5,137,NA,NA,NA,0
600,5,137,NA,NA,NA,0
601,3,138,NA,NA,NA,0
602,3,138,NA,NA,NA,0
603,3,138,NA,NA,NA,0
604,3,139,NA,NA,NA,0
605,3,139,NA,NA,NA,0
606,3,139,NA,NA,NA,0
607,3,140,NA,NA,NA,0
608,3,140,NA,NA,NA,0
609,3,140,NA,NA,NA,0
610,3,141,NA,NA,NA,0
611,3,141,NA,NA,NA,0
612,3,141,NA,NA,NA,0
613,5,142,NA,NA,NA,0
614,5,142,NA,NA,NA,0
615,5,142,NA,NA,NA,0
616,5,142,NA,NA,NA,0
617,5,142,NA,NA,NA,0
618,5,143,NA,NA,NA,0
619,5,143,NA,NA,NA,0
620,5,143,NA,NA,NA,0
621,5,143,NA,NA,NA,0
622,5,143,NA,NA,NA,0
623,3,144,NA,NA,NA,0
624,3,144,NA,NA,NA,0
625,3,144,NA,NA,NA,0
626,4,145,NA,NA,NA,0
627,4,145,NA,NA,NA,0
628,4,145,NA,NA,NA,0
629,4,145,NA,NA,NA,0
630,5,146,NA,NA,NA,0
631,5,146,NA,NA,NA,0
632,5,146,NA,NA,NA,0
633,5,146,NA,NA,NA,0
634,5,146,NA,NA,NA,0
635,6,147,NA,NA,NA,0
636,6,147,NA,NA,NA,0
637,6,147,NA,NA,NA,0
638,6,147,NA,NA,NA,0
639,6,147,NA,NA,NA,0
640,6,147,NA,NA,NA,0
641,5,148,NA,NA,NA,0
642,5,148,NA,NA,NA,0
643,5,148,NA,NA,NA,0
644,5,148,NA,NA,NA,0
645,5,148,NA,NA,NA,0
646,4,149,"C",NA,NA,0
647,4,149,NA,NA,NA,0
648,4,149,NA,NA,NA,0
649,4,149,NA,NA,NA,0
650,3,150,NA,NA,NA,0
651,3,150,"C",287,2,0
652,3,150,NA,NA,NA,0
653,4,151,"H",NA,NA,0
654,4,151,NA,NA,NA,0
655,4,151,"C",328,2,1
656,4,151,"C",302,2,0
657,6,152,NA,NA,NA,0
658,6,152,NA,NA,NA,0
659,6,152,NA,NA,NA,0
660,6,152,NA,NA,NA,0
661,6,152,NA,NA,NA,0
662,6,152,NA,NA,NA,0
663,3,153,NA,NA,NA,0
664,3,153,NA,NA,NA,0
665,3,153,NA,NA,NA,0
666,3,154,NA,NA,NA,0
667,3,154,NA,NA,NA,0
668,3,154,NA,NA,NA,0
669,5,155,NA,NA,NA,0
670,5,155,NA,NA,NA,0
671,5,155,NA,NA,NA,0
672,5,155,NA,NA,NA,0
673,5,155,NA,NA,NA,0
674,6,156,NA,NA,NA,0
675,6,156,NA,NA,NA,0
676,6,156,NA,NA,NA,0
677,6,156,NA,NA,NA,0
678,6,156,NA,NA,NA,0
679,6,156,NA,NA,NA,0
680,5,157,NA,NA,NA,0
681,5,157,NA,NA,NA,0
682,5,157,NA,NA,NA,0
683,5,157,NA,NA,NA,0
684,5,157,NA,NA,NA,0
685,4,158,NA,NA,NA,0
686,4,158,NA,NA,NA,0
687,4,158,NA,NA,NA,0
688,4,158,NA,NA,NA,0
689,6,159,"C",308,5,3
690,6,159,"H",336,1,1
691,6,159,"H",337,1,0
692,6,159,"H",326,2,1
693,6,159,"H",NA,NA,0
694,6,159,"H",365,0,0
695,6,160,NA,NA,NA,0
696,6,160,NA,NA,NA,0
697,6,160,NA,NA,NA,0
698,6,160,NA,NA,NA,0
699,6,160,NA,NA,NA,0
700,6,160,NA,NA,NA,0
701,4,161,NA,NA,NA,0
702,4,161,NA,NA,NA,0
703,4,161,NA,NA,NA,0
704,4,161,NA,NA,NA,0
705,5,162,NA,NA,NA,0
706,5,162,"C",NA,NA,0
707,5,162,NA,NA,NA,0
708,5,162,NA,NA,NA,0
709,5,162,NA,NA,NA,0
710,4,163,NA,NA,NA,0
711,4,163,NA,NA,NA,0
712,4,163,NA,NA,NA,0
713,4,163,NA,NA,NA,0
714,6,164,NA,NA,NA,0
715,6,164,NA,NA,NA,0
716,6,164,NA,NA,NA,0
717,6,164,NA,NA,NA,0
718,6,164,NA,NA,NA,0
719,6,164,NA,NA,NA,0
720,4,165,NA,NA,NA,0
721,4,165,NA,NA,NA,0
722,4,165,NA,NA,NA,0
723,4,165,NA,NA,NA,0
724,4,166,NA,NA,NA,0
725,4,166,NA,NA,NA,0
726,4,166,NA,NA,NA,0
727,4,166,NA,NA,NA,0
728,6,167,NA,NA,NA,0
729,6,167,NA,NA,NA,0
730,6,167,NA,NA,NA,0
731,6,167,NA,NA,NA,0
732,6,167,NA,NA,NA,0
733,6,167,NA,NA,NA,0
734,6,168,NA,NA,NA,0
735,6,168,NA,NA,NA,0
736,6,168,NA,NA,NA,0
737,6,168,"C",341,5,0
738,6,168,NA,NA,NA,0
739,6,168,NA,NA,NA,0
740,3,169,"H",159,0,0
741,3,169,"H",144,0,0
742,3,169,"C",127,2,2
743,3,170,NA,NA,NA,0
744,3,170,NA,NA,NA,0
745,3,170,NA,NA,NA,0
746,3,171,NA,NA,NA,0
747,3,171,NA,NA,NA,0
748,3,171,NA,NA,NA,0
749,3,172,NA,NA,NA,0
750,3,172,NA,NA,NA,0
751,3,172,NA,NA,NA,0
752,6,173,NA,NA,NA,0
753,6,173,"C",352,5,1
754,6,173,NA,NA,NA,0
755,6,173,"H",NA,NA,0
756,6,173,NA,NA,NA,0
757,6,173,NA,NA,NA,0
758,3,174,NA,NA,NA,0
759,3,174,NA,NA,NA,0
760,3,174,NA,NA,NA,0
761,4,175,NA,NA,NA,0
762,4,175,NA,NA,NA,0
763,4,175,NA,NA,NA,0
764,4,175,NA,NA,NA,0
765,6,176,NA,NA,NA,0
766,6,176,NA,NA,NA,0
767,6,176,NA,NA,NA,0
768,6,176,NA,NA,NA,0
769,6,176,NA,NA,NA,0
770,6,176,NA,NA,NA,0
771,5,177,NA,NA,NA,0
772,5,177,NA,NA,NA,0
773,5,177,NA,NA,NA,0
774,5,177,NA,NA,NA,0
775,5,177,NA,NA,NA,0
776,6,178,NA,NA,NA,0
777,6,178,NA,NA,NA,0
778,6,178,NA,NA,NA,0
779,6,178,NA,NA,NA,0
780,6,178,NA,NA,NA,0
781,6,178,NA,NA,NA,0
782,3,179,NA,NA,NA,0
783,3,179,NA,NA,NA,0
784,3,179,NA,NA,NA,0
785,3,180,NA,NA,NA,0
786,3,180,NA,NA,NA,0
787,3,180,NA,NA,NA,0
788,3,181,NA,NA,NA,0
789,3,181,NA,NA,NA,0
790,3,181,NA,NA,NA,0
791,6,182,"C",221,5,1
792,6,182,"H",282,3,1
793,6,182,NA,NA,NA,0
794,6,182,"H",324,2,0
795,6,182,NA,NA,NA,0
796,6,182,"H",250,4,1
797,4,183,NA,NA,NA,0
798,4,183,NA,NA,NA,0
799,4,183,NA,NA,NA,0
800,4,183,NA,NA,NA,0
801,5,184,NA,NA,NA,0
802,5,184,NA,NA,NA,0
803,5,184,NA,NA,NA,0
804,5,184,NA,NA,NA,0
805,5,184,NA,NA,NA,0
806,4,185,NA,NA,NA,0
807,4,185,NA,NA,NA,0
808,4,185,NA,NA,NA,0
809,4,185,NA,NA,NA,0
810,5,186,NA,NA,NA,0
811,5,186,NA,NA,NA,0
812,5,186,NA,NA,NA,0
813,5,186,NA,NA,NA,0
814,5,186,NA,NA,NA,0
815,3,187,NA,NA,NA,0
816,3,187,NA,NA,NA,0
817,3,187,NA,NA,NA,0
818,4,188,NA,NA,NA,0
819,4,188,NA,NA,NA,0
820,4,188,NA,NA,NA,0
821,4,188,NA,NA,NA,0
822,4,189,NA,NA,NA,0
823,4,189,NA,NA,NA,0
824,4,189,NA,NA,NA,0
825,4,189,NA,NA,NA,0
826,3,190,NA,NA,NA,0
827,3,190,NA,NA,NA,0
828,3,190,NA,NA,NA,0
829,4,191,NA,NA,NA,0
830,4,191,NA,NA,NA,0
831,4,191,NA,NA,NA,0
832,4,191,NA,NA,NA,0
833,4,192,NA,NA,NA,0
834,4,192,NA,NA,NA,0
835,4,192,NA,NA,NA,0
836,4,192,NA,NA,NA,0
837,6,193,NA,NA,NA,0
838,6,193,NA,NA,NA,0
839,6,193,NA,NA,NA,0
840,6,193,NA,NA,NA,0
841,6,193,"C",NA,NA,0
842,6,193,NA,NA,NA,0
843,6,194,NA,NA,NA,0
844,6,194,NA,NA,NA,0
845,6,194,NA,NA,NA,0
846,6,194,NA,NA,NA,0
847,6,194,NA,NA,NA,0
848,6,194,NA,NA,NA,0
849,3,195,"C",NA,NA,0
850,3,195,NA,NA,NA,0
851,3,195,NA,NA,NA,0
852,5,196,NA,NA,NA,0
853,5,196,NA,NA,NA,0
854,5,196,NA,NA,NA,0
855,5,196,NA,NA,NA,0
856,5,196,NA,NA,NA,0
857,4,197,NA,NA,NA,0
858,4,197,NA,NA,NA,0
859,4,197,NA,NA,NA,0
860,4,197,NA,NA,NA,0
861,4,198,NA,NA,NA,0
862,4,198,NA,NA,NA,0
863,4,198,NA,NA,NA,0
864,4,198,NA,NA,NA,0
865,3,199,NA,NA,NA,0
866,3,199,NA,NA,NA,0
867,3,199,NA,NA,NA,0
868,6,200,NA,NA,NA,0
869,6,200,NA,NA,NA,0
870,6,200,NA,NA,NA,0
871,6,200,NA,NA,NA,0
872,6,200,NA,NA,NA,0
873,6,200,NA,NA,NA,0
874,3,201,"C",NA,NA,0
875,3,201,NA,NA,NA,0
876,3,201,NA,NA,NA,0
877,6,202,NA,NA,NA,0
878,6,202,"H",NA,NA,0
879,6,202,"H",NA,NA,0
880,6,202,NA,NA,NA,0
881,6,202,"C",356,5,2
882,6,202,NA,NA,NA,0
883,5,203,"H",280,1,0
884,5,203,"H",288,1,0
885,5,203,NA,NA,NA,0
886,5,203,"C",256,4,2
887,5,203,"H",272,2,1
888,3,204,NA,NA,NA,0
889,3,204,NA,NA,NA,0
890,3,204,NA,NA,NA,0
891,6,205,NA,NA,NA,0
892,6,205,NA,NA,NA,0
893,6,205,NA,NA,NA,0
894,6,205,NA,NA,NA,0
895,6,205,NA,NA,NA,0
896,6,205,NA,NA,NA,0
897,6,206,NA,NA,NA,0
898,6,206,NA,NA,NA,0
899,6,206,NA,NA,NA,0
900,6,206,NA,NA,NA,0
901,6,206,NA,NA,NA,0
902,6,206,NA,NA,NA,0
903,6,207,"C",337,5,4
904,6,207,"H",NA,NA,0
905,6,207,"H",NA,NA,0
906,6,207,"H",NA,NA,0
907,6,207,"H",362,1,1
908,6,207,"H",362,1,0
909,5,208,NA,NA,NA,0
910,5,208,NA,NA,NA,0
911,5,208,NA,NA,NA,0
912,5,208,NA,NA,NA,0
913,5,208,NA,NA,NA,0
914,4,209,"H",331,1,1
915,4,209,"H",315,1,0
916,4,209,"H",365,0,0
917,4,209,"C",283,3,2
918,3,210,NA,NA,NA,0
919,3,210,NA,NA,NA,0
920,3,210,NA,NA,NA,0
921,5,211,NA,NA,NA,0
922,5,211,NA,NA,NA,0
923,5,211,NA,NA,NA,0
924,5,211,NA,NA,NA,0
925,5,211,NA,NA,NA,0
926,6,212,NA,NA,NA,0
927,6,212,NA,NA,NA,0
928,6,212,NA,NA,NA,0
929,6,212,NA,NA,NA,0
930,6,212,NA,NA,NA,0
931,6,212,NA,NA,NA,0
932,5,213,NA,NA,NA,0
933,5,213,NA,NA,NA,0
934,5,213,"C",NA,NA,0
935,5,213,NA,NA,NA,0
936,5,213,NA,NA,NA,0
937,6,214,NA,NA,NA,0
938,6,214,NA,NA,NA,0
939,6,214,NA,NA,NA,0
940,6,214,NA,NA,NA,0
941,6,214,NA,NA,NA,0
942,6,214,NA,NA,NA,0
943,6,215,NA,NA,NA,0
944,6,215,NA,NA,NA,0
945,6,215,NA,NA,NA,0
946,6,215,NA,NA,NA,0
947,6,215,NA,NA,NA,0
948,6,215,NA,NA,NA,0
949,3,216,NA,NA,NA,0
950,3,216,NA,NA,NA,0
951,3,216,"C",NA,NA,0
952,5,217,NA,NA,NA,0
953,5,217,NA,NA,NA,0
954,5,217,"H",NA,NA,0
955,5,217,NA,NA,NA,0
956,5,217,"C",346,4,1
957,5,218,NA,NA,NA,0
958,5,218,NA,NA,NA,0
959,5,218,NA,NA,NA,0
960,5,218,NA,NA,NA,0
961,5,218,NA,NA,NA,0
962,4,219,NA,NA,NA,0
963,4,219,NA,NA,NA,0
964,4,219,"C",NA,NA,0
965,4,219,NA,NA,NA,0
966,3,220,NA,NA,NA,0
967,3,220,NA,NA,NA,0
968,3,220,NA,NA,NA,0
969,6,221,NA,NA,NA,0
970,6,221,NA,NA,NA,0
971,6,221,NA,NA,NA,0
972,6,221,NA,NA,NA,0
973,6,221,NA,NA,NA,0
974,6,221,NA,NA,NA,0
975,3,222,NA,NA,NA,0
976,3,222,NA,NA,NA,0
977,3,222,NA,NA,NA,0
978,4,223,NA,NA,NA,0
979,4,223,NA,NA,NA,0
980,4,223,NA,NA,NA,0
981,4,223,NA,NA,NA,0
982,6,224,NA,NA,NA,0
983,6,224,NA,NA,NA,0
984,6,224,NA,NA,NA,0
985,6,224,NA,NA,NA,0
986,6,224,NA,NA,NA,0
987,6,224,NA,NA,NA,0
988,4,225,NA,NA,NA,0
989,4,225,NA,NA,NA,0
990,4,225,NA,NA,NA,0
991,4,225,NA,NA,NA,0
992,3,226,NA,NA,NA,0
993,3,226,NA,NA,NA,0
994,3,226,NA,NA,NA,0
995,3,227,NA,NA,NA,0
996,3,227,NA,NA,NA,0
997,3,227,NA,NA,NA,0
998,3,228,NA,NA,NA,0
999,3,228,NA,NA,NA,0
1000,3,228,NA,NA,NA,0
