"ID","SIZE","HH","TYPE","TIME","S_num","I_num"
1,5,1,"0",14,4,1
2,5,1,"H",50,3,1
3,5,1,NA,NA,NA,0
4,5,1,"C",317,1,0
5,5,1,"H",69,2,0
6,3,2,NA,NA,NA,0
7,3,2,NA,NA,NA,0
8,3,2,NA,NA,NA,0
9,4,3,NA,NA,NA,0
10,4,3,NA,NA,NA,0
11,4,3,NA,NA,NA,0
12,4,3,NA,NA,NA,0
13,4,4,NA,NA,NA,0
14,4,4,NA,NA,NA,0
15,4,4,NA,NA,NA,0
16,4,4,NA,NA,NA,0
17,6,5,NA,NA,NA,0
18,6,5,NA,NA,NA,0
19,6,5,NA,NA,NA,0
20,6,5,NA,NA,NA,0
21,6,5,NA,NA,NA,0
22,6,5,NA,NA,NA,0
23,6,6,NA,NA,NA,0
24,6,6,NA,NA,NA,0
25,6,6,NA,NA,NA,0
26,6,6,NA,NA,NA,0
27,6,6,"C",192,5,0
28,6,6,NA,NA,NA,0
29,3,7,NA,NA,NA,0
30,3,7,NA,NA,NA,0
31,3,7,NA,NA,NA,0
32,5,8,"C",348,4,1
33,5,8,NA,NA,NA,0
34,5,8,NA,NA,NA,0
35,5,8,"H",NA,NA,0
36,5,8,NA,NA,NA,0
37,6,9,"H",NA,NA,0
38,6,9,NA,NA,NA,0
39,6,9,"C",281,5,2
40,6,9,"H",300,3,1
41,6,9,"H",NA,NA,0
42,6,9,"H",341,2,1
43,4,10,NA,NA,NA,0
44,4,10,NA,NA,NA,0
45,4,10,NA,NA,NA,0
46,4,10,NA,NA,NA,0
47,3,11,NA,NA,NA,0
48,3,11,NA,NA,NA,0
49,3,11,"C",351,2,0
50,5,12,NA,NA,NA,0
51,5,12,NA,NA,NA,0
52,5,12,NA,NA,NA,0
53,5,12,NA,NA,NA,0
54,5,12,NA,NA,NA,0
55,5,13,NA,NA,NA,0
56,5,13,NA,NA,NA,0
57,5,13,NA,NA,NA,0
58,5,13,NA,NA,NA,0
59,5,13,NA,NA,NA,0
60,4,14,"H",298,1,0
61,4,14,"C",266,3,2
62,4,14,NA,NA,NA,0
63,4,14,"H",297,1,0
64,3,15,"C",346,2,1
65,3,15,NA,NA,NA,0
66,3,15,"H",NA,NA,0
67,5,16,NA,NA,NA,0
68,5,16,"C",347,4,1
69,5,16,NA,NA,NA,0
70,5,16,NA,NA,NA,0
71,5,16,"H",NA,NA,0
72,3,17,NA,NA,NA,0
73,3,17,NA,NA,NA,0
74,3,17,NA,NA,NA,0
75,4,18,NA,NA,NA,0
76,4,18,NA,NA,NA,0
77,4,18,NA,NA,NA,0
78,4,18,"C",89,3,0
79,3,19,NA,NA,NA,0
80,3,19,NA,NA,NA,0
81,3,19,NA,NA,NA,0
82,5,20,"H",61,1,1
83,5,20,"H",70,0,0
84,5,20,"H",81,0,0
85,5,20,"C",37,4,3
86,5,20,"H",81,0,0
87,5,21,NA,NA,NA,0
88,5,21,NA,NA,NA,0
89,5,21,NA,NA,NA,0
90,5,21,NA,NA,NA,0
91,5,21,NA,NA,NA,0
92,6,22,NA,NA,NA,0
93,6,22,"C",335,5,3
94,6,22,"H",NA,NA,0
95,6,22,"H",NA,NA,0
96,6,22,"H",362,2,1
97,6,22,"H",NA,NA,0
98,5,23,"C",324,4,1
99,5,23,"H",NA,NA,0
100,5,23,"H",NA,NA,0
101,5,23,"H",343,3,2
102,5,23,NA,NA,NA,0
103,5,24,NA,NA,NA,0
104,5,24,NA,NA,NA,0
105,5,24,NA,NA,NA,0
106,5,24,NA,NA,NA,0
107,5,24,NA,NA,NA,0
108,4,25,NA,NA,NA,0
109,4,25,NA,NA,NA,0
110,4,25,NA,NA,NA,0
111,4,25,NA,NA,NA,0
112,5,26,NA,NA,NA,0
113,5,26,NA,NA,NA,0
114,5,26,NA,NA,NA,0
115,5,26,NA,NA,NA,0
116,5,26,NA,NA,NA,0
117,3,27,NA,NA,NA,0
118,3,27,"C",NA,NA,0
119,3,27,NA,NA,NA,0
120,3,28,NA,NA,NA,0
121,3,28,NA,NA,NA,0
122,3,28,NA,NA,NA,0
123,4,29,NA,NA,NA,0
124,4,29,NA,NA,NA,0
125,4,29,NA,NA,NA,0
126,4,29,NA,NA,NA,0
127,4,30,NA,NA,NA,0
128,4,30,NA,NA,NA,0
129,4,30,NA,NA,NA,0
130,4,30,NA,NA,NA,0
131,5,31,NA,NA,NA,0
132,5,31,NA,NA,NA,0
133,5,31,NA,NA,NA,0
134,5,31,NA,NA,NA,0
135,5,31,NA,NA,NA,0
136,3,32,NA,NA,NA,0
137,3,32,NA,NA,NA,0
138,3,32,NA,NA,NA,0
139,5,33,NA,NA,NA,0
140,5,33,NA,NA,NA,0
141,5,33,NA,NA,NA,0
142,5,33,NA,NA,NA,0
143,5,33,NA,NA,NA,0
144,4,34,"H",356,2,0
145,4,34,NA,NA,NA,0
146,4,34,NA,NA,NA,0
147,4,34,"C",332,3,1
148,3,35,NA,NA,NA,0
149,3,35,NA,NA,NA,0
150,3,35,NA,NA,NA,0
151,5,36,NA,NA,NA,0
152,5,36,NA,NA,NA,0
153,5,36,"C",NA,NA,0
154,5,36,NA,NA,NA,0
155,5,36,NA,NA,NA,0
156,3,37,NA,NA,NA,0
157,3,37,NA,NA,NA,0
158,3,37,NA,NA,NA,0
159,6,38,NA,NA,NA,0
160,6,38,NA,NA,NA,0
161,6,38,NA,NA,NA,0
162,6,38,NA,NA,NA,0
163,6,38,NA,NA,NA,0
164,6,38,NA,NA,NA,0
165,3,39,NA,NA,NA,0
166,3,39,NA,NA,NA,0
167,3,39,NA,NA,NA,0
168,4,40,NA,NA,NA,0
169,4,40,NA,NA,NA,0
170,4,40,NA,NA,NA,0
171,4,40,NA,NA,NA,0
172,5,41,NA,NA,NA,0
173,5,41,NA,NA,NA,0
174,5,41,NA,NA,NA,0
175,5,41,NA,NA,NA,0
176,5,41,NA,NA,NA,0
177,4,42,"H",NA,NA,0
178,4,42,NA,NA,NA,0
179,4,42,"C",274,3,1
180,4,42,NA,NA,NA,0
181,4,43,NA,NA,NA,0
182,4,43,NA,NA,NA,0
183,4,43,NA,NA,NA,0
184,4,43,NA,NA,NA,0
185,6,44,"H",139,4,1
186,6,44,"H",296,0,0
187,6,44,"H",207,2,1
188,6,44,"C",109,5,1
189,6,44,"H",166,3,1
190,6,44,"H",266,1,1
191,6,45,NA,NA,NA,0
192,6,45,NA,NA,NA,0
193,6,45,NA,NA,NA,0
194,6,45,NA,NA,NA,0
195,6,45,"C",NA,NA,0
196,6,45,NA,NA,NA,0
197,5,46,NA,NA,NA,0
198,5,46,NA,NA,NA,0
199,5,46,NA,NA,NA,0
200,5,46,NA,NA,NA,0
201,5,46,NA,NA,NA,0
202,3,47,NA,NA,NA,0
203,3,47,NA,NA,NA,0
204,3,47,NA,NA,NA,0
205,4,48,NA,NA,NA,0
206,4,48,NA,NA,NA,0
207,4,48,NA,NA,NA,0
208,4,48,NA,NA,NA,0
209,4,49,NA,NA,NA,0
210,4,49,NA,NA,NA,0
211,4,49,NA,NA,NA,0
212,4,49,NA,NA,NA,0
213,3,50,NA,NA,NA,0
214,3,50,NA,NA,NA,0
215,3,50,NA,NA,NA,0
216,3,51,"C",NA,NA,0
217,3,51,NA,NA,NA,0
218,3,51,NA,NA,NA,0
219,4,52,NA,NA,NA,0
220,4,52,NA,NA,NA,0
221,4,52,NA,NA,NA,0
222,4,52,"C",347,3,0
223,6,53,NA,NA,NA,0
224,6,53,"H",313,3,0
225,6,53,NA,NA,NA,0
226,6,53,"C",259,5,2
227,6,53,"H",322,3,0
228,6,53,NA,NA,NA,0
229,4,54,"H",NA,NA,0
230,4,54,NA,NA,NA,0
231,4,54,"C",328,3,1
232,4,54,NA,NA,NA,0
233,3,55,NA,NA,NA,0
234,3,55,NA,NA,NA,0
235,3,55,NA,NA,NA,0
236,5,56,NA,NA,NA,0
237,5,56,NA,NA,NA,0
238,5,56,NA,NA,NA,0
239,5,56,NA,NA,NA,0
240,5,56,NA,NA,NA,0
241,4,57,NA,NA,NA,0
242,4,57,NA,NA,NA,0
243,4,57,NA,NA,NA,0
244,4,57,NA,NA,NA,0
245,5,58,NA,NA,NA,0
246,5,58,NA,NA,NA,0
247,5,58,NA,NA,NA,0
248,5,58,NA,NA,NA,0
249,5,58,NA,NA,NA,0
250,4,59,NA,NA,NA,0
251,4,59,"C",332,3,0
252,4,59,NA,NA,NA,0
253,4,59,NA,NA,NA,0
254,4,60,NA,NA,NA,0
255,4,60,NA,NA,NA,0
256,4,60,NA,NA,NA,0
257,4,60,NA,NA,NA,0
258,5,61,"H",325,0,0
259,5,61,"H",355,0,0
260,5,61,"C",281,4,3
261,5,61,"H",339,0,0
262,5,61,"H",306,1,1
263,3,62,NA,NA,NA,0
264,3,62,NA,NA,NA,0
265,3,62,NA,NA,NA,0
266,3,63,NA,NA,NA,0
267,3,63,NA,NA,NA,0
268,3,63,NA,NA,NA,0
269,5,64,NA,NA,NA,0
270,5,64,NA,NA,NA,0
271,5,64,NA,NA,NA,0
272,5,64,NA,NA,NA,0
273,5,64,NA,NA,NA,0
274,4,65,NA,NA,NA,0
275,4,65,NA,NA,NA,0
276,4,65,NA,NA,NA,0
277,4,65,NA,NA,NA,0
278,5,66,NA,NA,NA,0
279,5,66,NA,NA,NA,0
280,5,66,NA,NA,NA,0
281,5,66,NA,NA,NA,0
282,5,66,NA,NA,NA,0
283,4,67,NA,NA,NA,0
284,4,67,NA,NA,NA,0
285,4,67,NA,NA,NA,0
286,4,67,NA,NA,NA,0
287,4,68,NA,NA,NA,0
288,4,68,NA,NA,NA,0
289,4,68,NA,NA,NA,0
290,4,68,NA,NA,NA,0
291,5,69,NA,NA,NA,0
292,5,69,NA,NA,NA,0
293,5,69,NA,NA,NA,0
294,5,69,NA,NA,NA,0
295,5,69,NA,NA,NA,0
296,3,70,NA,NA,NA,0
297,3,70,NA,NA,NA,0
298,3,70,NA,NA,NA,0
299,6,71,"C",NA,NA,0
300,6,71,NA,NA,NA,0
301,6,71,NA,NA,NA,0
302,6,71,NA,NA,NA,0
303,6,71,NA,NA,NA,0
304,6,71,NA,NA,NA,0
305,3,72,NA,NA,NA,0
306,3,72,NA,NA,NA,0
307,3,72,NA,NA,NA,0
308,3,73,NA,NA,NA,0
309,3,73,NA,NA,NA,0
310,3,73,NA,NA,NA,0
311,3,74,NA,NA,NA,0
312,3,74,NA,NA,NA,0
313,3,74,"C",242,2,0
314,3,75,NA,NA,NA,0
315,3,75,NA,NA,NA,0
316,3,75,NA,NA,NA,0
317,6,76,NA,NA,NA,0
318,6,76,NA,NA,NA,0
319,6,76,NA,NA,NA,0
320,6,76,"C",345,5,0
321,6,76,NA,NA,NA,0
322,6,76,NA,NA,NA,0
323,3,77,NA,NA,NA,0
324,3,77,NA,NA,NA,0
325,3,77,NA,NA,NA,0
326,4,78,NA,NA,NA,0
327,4,78,NA,NA,NA,0
328,4,78,NA,NA,NA,0
329,4,78,NA,NA,NA,0
330,4,79,NA,NA,NA,0
331,4,79,NA,NA,NA,0
332,4,79,NA,NA,NA,0
333,4,79,"C",NA,NA,0
334,6,80,NA,NA,NA,0
335,6,80,NA,NA,NA,0
336,6,80,NA,NA,NA,0
337,6,80,NA,NA,NA,0
338,6,80,"C",NA,NA,0
339,6,80,NA,NA,NA,0
340,6,81,NA,NA,NA,0
341,6,81,NA,NA,NA,0
342,6,81,NA,NA,NA,0
343,6,81,"C",NA,NA,0
344,6,81,NA,NA,NA,0
345,6,81,NA,NA,NA,0
346,3,82,NA,NA,NA,0
347,3,82,NA,NA,NA,0
348,3,82,NA,NA,NA,0
349,4,83,NA,NA,NA,0
350,4,83,NA,NA,NA,0
351,4,83,"C",299,3,0
352,4,83,NA,NA,NA,0
353,4,84,NA,NA,NA,0
354,4,84,NA,NA,NA,0
355,4,84,NA,NA,NA,0
356,4,84,NA,NA,NA,0
357,6,85,NA,NA,NA,0
358,6,85,NA,NA,NA,0
359,6,85,"C",NA,NA,0
360,6,85,NA,NA,NA,0
361,6,85,NA,NA,NA,0
362,6,85,NA,NA,NA,0
363,3,86,NA,NA,NA,0
364,3,86,NA,NA,NA,0
365,3,86,NA,NA,NA,0
366,4,87,NA,NA,NA,0
367,4,87,NA,NA,NA,0
368,4,87,NA,NA,NA,0
369,4,87,NA,NA,NA,0
370,4,88,NA,NA,NA,0
371,4,88,NA,NA,NA,0
372,4,88,NA,NA,NA,0
373,4,88,NA,NA,NA,0
374,3,89,NA,NA,NA,0
375,3,89,NA,NA,NA,0
376,3,89,NA,NA,NA,0
377,5,90,"C",250,4,1
378,5,90,NA,NA,NA,0
379,5,90,"H",362,1,0
380,5,90,"H",290,3,1
381,5,90,"H",312,2,1
382,5,91,NA,NA,NA,0
383,5,91,NA,NA,NA,0
384,5,91,NA,NA,NA,0
385,5,91,NA,NA,NA,0
386,5,91,NA,NA,NA,0
387,4,92,NA,NA,NA,0
388,4,92,NA,NA,NA,0
389,4,92,NA,NA,NA,0
390,4,92,NA,NA,NA,0
391,3,93,NA,NA,NA,0
392,3,93,NA,NA,NA,0
393,3,93,NA,NA,NA,0
394,3,94,NA,NA,NA,0
395,3,94,NA,NA,NA,0
396,3,94,NA,NA,NA,0
397,3,95,"C",210,2,0
398,3,95,NA,NA,NA,0
399,3,95,NA,NA,NA,0
400,4,96,NA,NA,NA,0
401,4,96,NA,NA,NA,0
402,4,96,NA,NA,NA,0
403,4,96,NA,NA,NA,0
404,3,97,"H",355,0,0
405,3,97,"H",318,0,0
406,3,97,"C",290,2,2
407,4,98,NA,NA,NA,0
408,4,98,NA,NA,NA,0
409,4,98,NA,NA,NA,0
410,4,98,NA,NA,NA,0
411,3,99,NA,NA,NA,0
412,3,99,NA,NA,NA,0
413,3,99,NA,NA,NA,0
414,3,100,NA,NA,NA,0
415,3,100,"C",349,2,1
416,3,100,"H",361,1,0
417,4,101,NA,NA,NA,0
418,4,101,NA,NA,NA,0
419,4,101,NA,NA,NA,0
420,4,101,NA,NA,NA,0
421,3,102,NA,NA,NA,0
422,3,102,NA,NA,NA,0
423,3,102,"C",338,2,0
424,6,103,NA,NA,NA,0
425,6,103,NA,NA,NA,0
426,6,103,NA,NA,NA,0
427,6,103,NA,NA,NA,0
428,6,103,NA,NA,NA,0
429,6,103,NA,NA,NA,0
430,4,104,NA,NA,NA,0
431,4,104,NA,NA,NA,0
432,4,104,NA,NA,NA,0
433,4,104,NA,NA,NA,0
434,6,105,"H",237,4,2
435,6,105,"C",212,5,1
436,6,105,"H",311,0,0
437,6,105,"H",270,2,1
438,6,105,"H",301,0,0
439,6,105,"H",279,1,1
440,6,106,NA,NA,NA,0
441,6,106,NA,NA,NA,0
442,6,106,NA,NA,NA,0
443,6,106,NA,NA,NA,0
444,6,106,NA,NA,NA,0
445,6,106,NA,NA,NA,0
446,6,107,NA,NA,NA,0
447,6,107,NA,NA,NA,0
448,6,107,NA,NA,NA,0
449,6,107,NA,NA,NA,0
450,6,107,NA,NA,NA,0
451,6,107,NA,NA,NA,0
452,4,108,"H",308,0,0
453,4,108,"C",220,3,1
454,4,108,"H",262,2,2
455,4,108,"H",313,0,0
456,3,109,"H",277,0,0
457,3,109,"C",260,2,2
458,3,109,"H",291,0,0
459,3,110,NA,NA,NA,0
460,3,110,NA,NA,NA,0
461,3,110,NA,NA,NA,0
462,4,111,NA,NA,NA,0
463,4,111,NA,NA,NA,0
464,4,111,NA,NA,NA,0
465,4,111,NA,NA,NA,0
466,4,112,NA,NA,NA,0
467,4,112,NA,NA,NA,0
468,4,112,NA,NA,NA,0
469,4,112,NA,NA,NA,0
470,6,113,NA,NA,NA,0
471,6,113,NA,NA,NA,0
472,6,113,NA,NA,NA,0
473,6,113,NA,NA,NA,0
474,6,113,NA,NA,NA,0
475,6,113,NA,NA,NA,0
476,5,114,NA,NA,NA,0
477,5,114,NA,NA,NA,0
478,5,114,"C",NA,NA,0
479,5,114,"C",237,4,0
480,5,114,NA,NA,NA,0
481,4,115,NA,NA,NA,0
482,4,115,NA,NA,NA,0
483,4,115,NA,NA,NA,0
484,4,115,NA,NA,NA,0
485,3,116,NA,NA,NA,0
486,3,116,"C",260,2,1
487,3,116,"H",291,1,0
488,4,117,"H",NA,NA,0
489,4,117,"H",NA,NA,0
490,4,117,"C",305,3,1
491,4,117,"H",357,2,2
492,4,118,NA,NA,NA,0
493,4,118,NA,NA,NA,0
494,4,118,NA,NA,NA,0
495,4,118,NA,NA,NA,0
496,3,119,NA,NA,NA,0
497,3,119,NA,NA,NA,0
498,3,119,NA,NA,NA,0
499,3,120,NA,NA,NA,0
500,3,120,NA,NA,NA,0
501,3,120,NA,NA,NA,0
502,5,121,NA,NA,NA,0
503,5,121,NA,NA,NA,0
504,5,121,NA,NA,NA,0
505,5,121,NA,NA,NA,0
506,5,121,NA,NA,NA,0
507,6,122,NA,NA,NA,0
508,6,122,NA,NA,NA,0
509,6,122,NA,NA,NA,0
510,6,122,NA,NA,NA,0
511,6,122,NA,NA,NA,0
512,6,122,NA,NA,NA,0
513,5,123,NA,NA,NA,0
514,5,123,NA,NA,NA,0
515,5,123,NA,NA,NA,0
516,5,123,NA,NA,NA,0
517,5,123,NA,NA,NA,0
518,3,124,NA,NA,NA,0
519,3,124,NA,NA,NA,0
520,3,124,NA,NA,NA,0
521,4,125,NA,NA,NA,0
522,4,125,NA,NA,NA,0
523,4,125,NA,NA,NA,0
524,4,125,NA,NA,NA,0
525,6,126,"C",196,5,0
526,6,126,NA,NA,NA,0
527,6,126,"C",NA,NA,0
528,6,126,NA,NA,NA,0
529,6,126,NA,NA,NA,0
530,6,126,NA,NA,NA,0
531,3,127,NA,NA,NA,0
532,3,127,NA,NA,NA,0
533,3,127,NA,NA,NA,0
534,3,128,NA,NA,NA,0
535,3,128,NA,NA,NA,0
536,3,128,NA,NA,NA,0
537,4,129,NA,NA,NA,0
538,4,129,NA,NA,NA,0
539,4,129,NA,NA,NA,0
540,4,129,NA,NA,NA,0
541,4,130,NA,NA,NA,0
542,4,130,NA,NA,NA,0
543,4,130,NA,NA,NA,0
544,4,130,NA,NA,NA,0
545,5,131,NA,NA,NA,0
546,5,131,NA,NA,NA,0
547,5,131,NA,NA,NA,0
548,5,131,NA,NA,NA,0
549,5,131,NA,NA,NA,0
550,5,132,NA,NA,NA,0
551,5,132,NA,NA,NA,0
552,5,132,NA,NA,NA,0
553,5,132,NA,NA,NA,0
554,5,132,NA,NA,NA,0
555,3,133,NA,NA,NA,0
556,3,133,NA,NA,NA,0
557,3,133,NA,NA,NA,0
558,6,134,NA,NA,NA,0
559,6,134,NA,NA,NA,0
560,6,134,NA,NA,NA,0
561,6,134,NA,NA,NA,0
562,6,134,NA,NA,NA,0
563,6,134,NA,NA,NA,0
564,6,135,"C",NA,NA,0
565,6,135,"H",NA,NA,0
566,6,135,NA,NA,NA,0
567,6,135,NA,NA,NA,0
568,6,135,"H",354,3,1
569,6,135,"C",312,5,1
570,6,136,NA,NA,NA,0
571,6,136,NA,NA,NA,0
572,6,136,NA,NA,NA,0
573,6,136,NA,NA,NA,0
574,6,136,NA,NA,NA,0
575,6,136,NA,NA,NA,0
576,3,137,NA,NA,NA,0
577,3,137,NA,NA,NA,0
578,3,137,NA,NA,NA,0
579,4,138,"C",298,3,1
580,4,138,NA,NA,NA,0
581,4,138,"H",340,2,0
582,4,138,NA,NA,NA,0
583,6,139,NA,NA,NA,0
584,6,139,NA,NA,NA,0
585,6,139,NA,NA,NA,0
586,6,139,NA,NA,NA,0
587,6,139,NA,NA,NA,0
588,6,139,NA,NA,NA,0
589,4,140,NA,NA,NA,0
590,4,140,NA,NA,NA,0
591,4,140,NA,NA,NA,0
592,4,140,NA,NA,NA,0
593,6,141,NA,NA,NA,0
594,6,141,NA,NA,NA,0
595,6,141,NA,NA,NA,0
596,6,141,NA,NA,NA,0
597,6,141,NA,NA,NA,0
598,6,141,NA,NA,NA,0
599,6,142,NA,NA,NA,0
600,6,142,"H",NA,NA,0
601,6,142,NA,NA,NA,0
602,6,142,NA,NA,NA,0
603,6,142,NA,NA,NA,0
604,6,142,"C",354,5,1
605,6,143,NA,NA,NA,0
606,6,143,NA,NA,NA,0
607,6,143,NA,NA,NA,0
608,6,143,NA,NA,NA,0
609,6,143,NA,NA,NA,0
610,6,143,NA,NA,NA,0
611,4,144,NA,NA,NA,0
612,4,144,NA,NA,NA,0
613,4,144,NA,NA,NA,0
614,4,144,NA,NA,NA,0
615,6,145,NA,NA,NA,0
616,6,145,"H",356,4,0
617,6,145,NA,NA,NA,0
618,6,145,"C",332,5,1
619,6,145,NA,NA,NA,0
620,6,145,NA,NA,NA,0
621,6,146,NA,NA,NA,0
622,6,146,NA,NA,NA,0
623,6,146,NA,NA,NA,0
624,6,146,NA,NA,NA,0
625,6,146,NA,NA,NA,0
626,6,146,NA,NA,NA,0
627,3,147,NA,NA,NA,0
628,3,147,NA,NA,NA,0
629,3,147,NA,NA,NA,0
630,3,148,NA,NA,NA,0
631,3,148,NA,NA,NA,0
632,3,148,NA,NA,NA,0
633,6,149,NA,NA,NA,0
634,6,149,"H",NA,NA,0
635,6,149,"C",309,5,3
636,6,149,"H",334,2,0
637,6,149,NA,NA,NA,0
638,6,149,"H",328,2,0
639,4,150,"C",327,3,2
640,4,150,"H",351,1,0
641,4,150,"H",365,1,0
642,4,150,NA,NA,NA,0
643,6,151,NA,NA,NA,0
644,6,151,NA,NA,NA,0
645,6,151,NA,NA,NA,0
646,6,151,NA,NA,NA,0
647,6,151,NA,NA,NA,0
648,6,151,"C",NA,NA,0
649,3,152,NA,NA,NA,0
650,3,152,NA,NA,NA,0
651,3,152,NA,NA,NA,0
652,4,153,"H",291,1,1
653,4,153,"C",264,2,1
654,4,153,"H",340,0,0
655,4,153,"C",176,3,0
656,3,154,NA,NA,NA,0
657,3,154,NA,NA,NA,0
658,3,154,NA,NA,NA,0
659,3,155,"C",NA,NA,0
660,3,155,NA,NA,NA,0
661,3,155,NA,NA,NA,0
662,4,156,"C",264,3,1
663,4,156,"H",291,2,1
664,4,156,"H",354,1,0
665,4,156,NA,NA,NA,0
666,4,157,NA,NA,NA,0
667,4,157,NA,NA,NA,0
668,4,157,NA,NA,NA,0
669,4,157,NA,NA,NA,0
670,5,158,NA,NA,NA,0
671,5,158,NA,NA,NA,0
672,5,158,NA,NA,NA,0
673,5,158,NA,NA,NA,0
674,5,158,NA,NA,NA,0
675,4,159,NA,NA,NA,0
676,4,159,NA,NA,NA,0
677,4,159,NA,NA,NA,0
678,4,159,NA,NA,NA,0
679,3,160,NA,NA,NA,0
680,3,160,NA,NA,NA,0
681,3,160,NA,NA,NA,0
682,4,161,NA,NA,NA,0
683,4,161,NA,NA,NA,0
684,4,161,NA,NA,NA,0
685,4,161,NA,NA,NA,0
686,6,162,"H",228,0,0
687,6,162,"H",243,0,0
688,6,162,"C",157,5,1
689,6,162,"H",195,4,4
690,6,162,"H",228,0,0
691,6,162,"H",219,0,0
692,6,163,NA,NA,NA,0
693,6,163,NA,NA,NA,0
694,6,163,NA,NA,NA,0
695,6,163,NA,NA,NA,0
696,6,163,NA,NA,NA,0
697,6,163,NA,NA,NA,0
698,5,164,NA,NA,NA,0
699,5,164,NA,NA,NA,0
700,5,164,NA,NA,NA,0
701,5,164,NA,NA,NA,0
702,5,164,NA,NA,NA,0
703,4,165,NA,NA,NA,0
704,4,165,NA,NA,NA,0
705,4,165,NA,NA,NA,0
706,4,165,NA,NA,NA,0
707,5,166,NA,NA,NA,0
708,5,166,NA,NA,NA,0
709,5,166,NA,NA,NA,0
710,5,166,NA,NA,NA,0
711,5,166,NA,NA,NA,0
712,5,167,NA,NA,NA,0
713,5,167,NA,NA,NA,0
714,5,167,NA,NA,NA,0
715,5,167,NA,NA,NA,0
716,5,167,NA,NA,NA,0
717,6,168,NA,NA,NA,0
718,6,168,NA,NA,NA,0
719,6,168,NA,NA,NA,0
720,6,168,NA,NA,NA,0
721,6,168,NA,NA,NA,0
722,6,168,NA,NA,NA,0
723,5,169,NA,NA,NA,0
724,5,169,NA,NA,NA,0
725,5,169,NA,NA,NA,0
726,5,169,NA,NA,NA,0
727,5,169,"C",NA,NA,0
728,3,170,NA,NA,NA,0
729,3,170,NA,NA,NA,0
730,3,170,NA,NA,NA,0
731,3,171,NA,NA,NA,0
732,3,171,NA,NA,NA,0
733,3,171,NA,NA,NA,0
734,3,172,NA,NA,NA,0
735,3,172,NA,NA,NA,0
736,3,172,NA,NA,NA,0
737,5,173,"H",220,0,0
738,5,173,"H",172,2,0
739,5,173,"H",186,2,2
740,5,173,"C",150,4,2
741,5,173,"H",220,0,0
742,3,174,NA,NA,NA,0
743,3,174,"C",320,2,0
744,3,174,NA,NA,NA,0
745,3,175,NA,NA,NA,0
746,3,175,NA,NA,NA,0
747,3,175,"C",260,2,0
748,3,176,NA,NA,NA,0
749,3,176,NA,NA,NA,0
750,3,176,NA,NA,NA,0
751,4,177,NA,NA,NA,0
752,4,177,NA,NA,NA,0
753,4,177,NA,NA,NA,0
754,4,177,NA,NA,NA,0
755,6,178,NA,NA,NA,0
756,6,178,NA,NA,NA,0
757,6,178,NA,NA,NA,0
758,6,178,NA,NA,NA,0
759,6,178,NA,NA,NA,0
760,6,178,NA,NA,NA,0
761,6,179,NA,NA,NA,0
762,6,179,NA,NA,NA,0
763,6,179,NA,NA,NA,0
764,6,179,NA,NA,NA,0
765,6,179,NA,NA,NA,0
766,6,179,NA,NA,NA,0
767,5,180,NA,NA,NA,0
768,5,180,NA,NA,NA,0
769,5,180,NA,NA,NA,0
770,5,180,NA,NA,NA,0
771,5,180,NA,NA,NA,0
772,5,181,NA,NA,NA,0
773,5,181,NA,NA,NA,0
774,5,181,NA,NA,NA,0
775,5,181,"C",NA,NA,0
776,5,181,NA,NA,NA,0
777,3,182,NA,NA,NA,0
778,3,182,NA,NA,NA,0
779,3,182,NA,NA,NA,0
780,4,183,NA,NA,NA,0
781,4,183,NA,NA,NA,0
782,4,183,NA,NA,NA,0
783,4,183,NA,NA,NA,0
784,5,184,NA,NA,NA,0
785,5,184,NA,NA,NA,0
786,5,184,NA,NA,NA,0
787,5,184,NA,NA,NA,0
788,5,184,"C",288,4,0
789,6,185,NA,NA,NA,0
790,6,185,NA,NA,NA,0
791,6,185,NA,NA,NA,0
792,6,185,"C",NA,NA,0
793,6,185,NA,NA,NA,0
794,6,185,NA,NA,NA,0
795,3,186,NA,NA,NA,0
796,3,186,NA,NA,NA,0
797,3,186,NA,NA,NA,0
798,3,187,"H",356,0,0
799,3,187,"C",NA,NA,0
800,3,187,"C",323,1,1
801,4,188,NA,NA,NA,0
802,4,188,NA,NA,NA,0
803,4,188,NA,NA,NA,0
804,4,188,NA,NA,NA,0
805,3,189,NA,NA,NA,0
806,3,189,NA,NA,NA,0
807,3,189,NA,NA,NA,0
808,3,190,NA,NA,NA,0
809,3,190,NA,NA,NA,0
810,3,190,NA,NA,NA,0
811,4,191,NA,NA,NA,0
812,4,191,NA,NA,NA,0
813,4,191,"C",NA,NA,0
814,4,191,NA,NA,NA,0
815,3,192,NA,NA,NA,0
816,3,192,NA,NA,NA,0
817,3,192,NA,NA,NA,0
818,4,193,NA,NA,NA,0
819,4,193,NA,NA,NA,0
820,4,193,NA,NA,NA,0
821,4,193,NA,NA,NA,0
822,5,194,NA,NA,NA,0
823,5,194,NA,NA,NA,0
824,5,194,"C",NA,NA,0
825,5,194,NA,NA,NA,0
826,5,194,NA,NA,NA,0
827,4,195,NA,NA,NA,0
828,4,195,NA,NA,NA,0
829,4,195,NA,NA,NA,0
830,4,195,NA,NA,NA,0
831,6,196,NA,NA,NA,0
832,6,196,NA,NA,NA,0
833,6,196,"C",333,5,0
834,6,196,NA,NA,NA,0
835,6,196,NA,NA,NA,0
836,6,196,NA,NA,NA,0
837,6,197,NA,NA,NA,0
838,6,197,NA,NA,NA,0
839,6,197,NA,NA,NA,0
840,6,197,NA,NA,NA,0
841,6,197,NA,NA,NA,0
842,6,197,NA,NA,NA,0
843,4,198,NA,NA,NA,0
844,4,198,NA,NA,NA,0
845,4,198,NA,NA,NA,0
846,4,198,NA,NA,NA,0
847,3,199,NA,NA,NA,0
848,3,199,NA,NA,NA,0
849,3,199,"C",327,2,0
850,6,200,"C",253,5,1
851,6,200,"H",NA,NA,0
852,6,200,NA,NA,NA,0
853,6,200,"H",361,1,0
854,6,200,"H",334,3,2
855,6,200,"H",274,4,1
856,5,201,"C",287,4,1
857,5,201,"H",364,1,0
858,5,201,NA,NA,NA,0
859,5,201,"H",331,1,0
860,5,201,"H",303,3,2
861,6,202,NA,NA,NA,0
862,6,202,NA,NA,NA,0
863,6,202,NA,NA,NA,0
864,6,202,NA,NA,NA,0
865,6,202,NA,NA,NA,0
866,6,202,NA,NA,NA,0
867,4,203,"H",236,0,0
868,4,203,"H",158,2,2
869,4,203,"H",185,0,0
870,4,203,"C",123,3,1
871,6,204,"H",NA,NA,0
872,6,204,"H",NA,NA,0
873,6,204,"C",345,5,3
874,6,204,"H",NA,NA,0
875,6,204,NA,NA,NA,0
876,6,204,NA,NA,NA,0
877,3,205,"C",332,2,0
878,3,205,NA,NA,NA,0
879,3,205,NA,NA,NA,0
880,3,206,NA,NA,NA,0
881,3,206,NA,NA,NA,0
882,3,206,NA,NA,NA,0
883,6,207,NA,NA,NA,0
884,6,207,NA,NA,NA,0
885,6,207,NA,NA,NA,0
886,6,207,NA,NA,NA,0
887,6,207,NA,NA,NA,0
888,6,207,NA,NA,NA,0
889,3,208,NA,NA,NA,0
890,3,208,NA,NA,NA,0
891,3,208,NA,NA,NA,0
892,3,209,NA,NA,NA,0
893,3,209,NA,NA,NA,0
894,3,209,NA,NA,NA,0
895,4,210,NA,NA,NA,0
896,4,210,NA,NA,NA,0
897,4,210,NA,NA,NA,0
898,4,210,NA,NA,NA,0
899,4,211,NA,NA,NA,0
900,4,211,NA,NA,NA,0
901,4,211,NA,NA,NA,0
902,4,211,NA,NA,NA,0
903,5,212,NA,NA,NA,0
904,5,212,NA,NA,NA,0
905,5,212,NA,NA,NA,0
906,5,212,NA,NA,NA,0
907,5,212,NA,NA,NA,0
908,5,213,"H",NA,NA,0
909,5,213,"H",NA,NA,0
910,5,213,NA,NA,NA,0
911,5,213,"H",NA,NA,0
912,5,213,"C",343,4,3
913,5,214,NA,NA,NA,0
914,5,214,NA,NA,NA,0
915,5,214,"C",NA,NA,0
916,5,214,NA,NA,NA,0
917,5,214,NA,NA,NA,0
918,4,215,NA,NA,NA,0
919,4,215,NA,NA,NA,0
920,4,215,NA,NA,NA,0
921,4,215,NA,NA,NA,0
922,6,216,NA,NA,NA,0
923,6,216,NA,NA,NA,0
924,6,216,NA,NA,NA,0
925,6,216,NA,NA,NA,0
926,6,216,NA,NA,NA,0
927,6,216,NA,NA,NA,0
928,4,217,"C",338,3,2
929,4,217,"H",NA,NA,0
930,4,217,"H",358,1,0
931,4,217,NA,NA,NA,0
932,5,218,NA,NA,NA,0
933,5,218,NA,NA,NA,0
934,5,218,NA,NA,NA,0
935,5,218,"C",362,4,0
936,5,218,NA,NA,NA,0
937,4,219,NA,NA,NA,0
938,4,219,NA,NA,NA,0
939,4,219,NA,NA,NA,0
940,4,219,NA,NA,NA,0
941,6,220,"C",273,2,1
942,6,220,"H",289,1,1
943,6,220,"H",305,0,0
944,6,220,"H",301,0,0
945,6,220,"H",320,0,0
946,6,220,"C",263,4,2
947,4,221,NA,NA,NA,0
948,4,221,NA,NA,NA,0
949,4,221,"C",234,3,0
950,4,221,NA,NA,NA,0
951,4,222,NA,NA,NA,0
952,4,222,NA,NA,NA,0
953,4,222,NA,NA,NA,0
954,4,222,NA,NA,NA,0
955,5,223,NA,NA,NA,0
956,5,223,NA,NA,NA,0
957,5,223,NA,NA,NA,0
958,5,223,NA,NA,NA,0
959,5,223,NA,NA,NA,0
960,4,224,NA,NA,NA,0
961,4,224,NA,NA,NA,0
962,4,224,NA,NA,NA,0
963,4,224,NA,NA,NA,0
964,3,225,NA,NA,NA,0
965,3,225,NA,NA,NA,0
966,3,225,"C",297,2,0
967,4,226,NA,NA,NA,0
968,4,226,NA,NA,NA,0
969,4,226,NA,NA,NA,0
970,4,226,NA,NA,NA,0
971,6,227,NA,NA,NA,0
972,6,227,NA,NA,NA,0
973,6,227,NA,NA,NA,0
974,6,227,NA,NA,NA,0
975,6,227,NA,NA,NA,0
976,6,227,NA,NA,NA,0
977,5,228,"H",287,3,0
978,5,228,NA,NA,NA,0
979,5,228,"C",248,4,1
980,5,228,NA,NA,NA,0
981,5,228,NA,NA,NA,0
982,5,229,NA,NA,NA,0
983,5,229,NA,NA,NA,0
984,5,229,NA,NA,NA,0
985,5,229,NA,NA,NA,0
986,5,229,NA,NA,NA,0
987,5,230,NA,NA,NA,0
988,5,230,NA,NA,NA,0
989,5,230,NA,NA,NA,0
990,5,230,NA,NA,NA,0
991,5,230,NA,NA,NA,0
992,6,231,NA,NA,NA,0
993,6,231,"C",NA,NA,0
994,6,231,NA,NA,NA,0
995,6,231,NA,NA,NA,0
996,6,231,NA,NA,NA,0
997,6,231,NA,NA,NA,0
998,3,232,NA,NA,NA,0
999,3,232,NA,NA,NA,0
1000,3,232,NA,NA,NA,0
