"ID","SIZE","HH","TYPE","TIME","S_num","I_num"
1,5,1,"0",22,4,2
2,5,1,"H",104,2,1
3,5,1,"H",71,2,0
4,5,1,NA,NA,NA,0
5,5,1,"H",116,1,0
6,5,2,NA,NA,NA,0
7,5,2,NA,NA,NA,0
8,5,2,NA,NA,NA,0
9,5,2,NA,NA,NA,0
10,5,2,NA,NA,NA,0
11,5,3,"H",171,2,2
12,5,3,"H",173,2,0
13,5,3,"C",155,4,2
14,5,3,"H",221,0,0
15,5,3,"H",226,0,0
16,4,4,NA,NA,NA,0
17,4,4,NA,NA,NA,0
18,4,4,NA,NA,NA,0
19,4,4,NA,NA,NA,0
20,5,5,NA,NA,NA,0
21,5,5,NA,NA,NA,0
22,5,5,NA,NA,NA,0
23,5,5,NA,NA,NA,0
24,5,5,"C",NA,NA,0
25,3,6,NA,NA,NA,0
26,3,6,NA,NA,NA,0
27,3,6,NA,NA,NA,0
28,3,7,NA,NA,NA,0
29,3,7,NA,NA,NA,0
30,3,7,NA,NA,NA,0
31,4,8,NA,NA,NA,0
32,4,8,NA,NA,NA,0
33,4,8,NA,NA,NA,0
34,4,8,NA,NA,NA,0
35,3,9,NA,NA,NA,0
36,3,9,NA,NA,NA,0
37,3,9,NA,NA,NA,0
38,3,10,NA,NA,NA,0
39,3,10,NA,NA,NA,0
40,3,10,NA,NA,NA,0
41,4,11,NA,NA,NA,0
42,4,11,NA,NA,NA,0
43,4,11,NA,NA,NA,0
44,4,11,NA,NA,NA,0
45,5,12,NA,NA,NA,0
46,5,12,"C",358,4,1
47,5,12,NA,NA,NA,0
48,5,12,NA,NA,NA,0
49,5,12,"H",NA,NA,0
50,4,13,"C",NA,NA,0
51,4,13,NA,NA,NA,0
52,4,13,NA,NA,NA,0
53,4,13,NA,NA,NA,0
54,3,14,NA,NA,NA,0
55,3,14,"C",349,2,1
56,3,14,"H",NA,NA,0
57,5,15,"H",NA,NA,0
58,5,15,NA,NA,NA,0
59,5,15,"C",337,4,2
60,5,15,NA,NA,NA,0
61,5,15,"H",362,2,0
62,4,16,NA,NA,NA,0
63,4,16,NA,NA,NA,0
64,4,16,NA,NA,NA,0
65,4,16,NA,NA,NA,0
66,3,17,NA,NA,NA,0
67,3,17,NA,NA,NA,0
68,3,17,NA,NA,NA,0
69,5,18,NA,NA,NA,0
70,5,18,NA,NA,NA,0
71,5,18,NA,NA,NA,0
72,5,18,"C",344,4,1
73,5,18,"H",NA,NA,0
74,5,19,NA,NA,NA,0
75,5,19,NA,NA,NA,0
76,5,19,NA,NA,NA,0
77,5,19,NA,NA,NA,0
78,5,19,NA,NA,NA,0
79,3,20,NA,NA,NA,0
80,3,20,NA,NA,NA,0
81,3,20,NA,NA,NA,0
82,6,21,NA,NA,NA,0
83,6,21,NA,NA,NA,0
84,6,21,NA,NA,NA,0
85,6,21,NA,NA,NA,0
86,6,21,NA,NA,NA,0
87,6,21,NA,NA,NA,0
88,3,22,NA,NA,NA,0
89,3,22,NA,NA,NA,0
90,3,22,NA,NA,NA,0
91,5,23,NA,NA,NA,0
92,5,23,NA,NA,NA,0
93,5,23,NA,NA,NA,0
94,5,23,NA,NA,NA,0
95,5,23,NA,NA,NA,0
96,4,24,NA,NA,NA,0
97,4,24,NA,NA,NA,0
98,4,24,NA,NA,NA,0
99,4,24,NA,NA,NA,0
100,6,25,NA,NA,NA,0
101,6,25,NA,NA,NA,0
102,6,25,NA,NA,NA,0
103,6,25,NA,NA,NA,0
104,6,25,NA,NA,NA,0
105,6,25,NA,NA,NA,0
106,4,26,NA,NA,NA,0
107,4,26,NA,NA,NA,0
108,4,26,NA,NA,NA,0
109,4,26,NA,NA,NA,0
110,3,27,NA,NA,NA,0
111,3,27,NA,NA,NA,0
112,3,27,"C",NA,NA,0
113,6,28,NA,NA,NA,0
114,6,28,NA,NA,NA,0
115,6,28,NA,NA,NA,0
116,6,28,NA,NA,NA,0
117,6,28,NA,NA,NA,0
118,6,28,NA,NA,NA,0
119,6,29,NA,NA,NA,0
120,6,29,NA,NA,NA,0
121,6,29,NA,NA,NA,0
122,6,29,NA,NA,NA,0
123,6,29,NA,NA,NA,0
124,6,29,NA,NA,NA,0
125,3,30,NA,NA,NA,0
126,3,30,NA,NA,NA,0
127,3,30,NA,NA,NA,0
128,4,31,NA,NA,NA,0
129,4,31,NA,NA,NA,0
130,4,31,NA,NA,NA,0
131,4,31,NA,NA,NA,0
132,6,32,NA,NA,NA,0
133,6,32,"H",363,4,0
134,6,32,"C",335,5,1
135,6,32,NA,NA,NA,0
136,6,32,NA,NA,NA,0
137,6,32,NA,NA,NA,0
138,5,33,"H",NA,NA,0
139,5,33,"C",330,4,1
140,5,33,NA,NA,NA,0
141,5,33,NA,NA,NA,0
142,5,33,NA,NA,NA,0
143,5,34,"H",NA,NA,0
144,5,34,NA,NA,NA,0
145,5,34,NA,NA,NA,0
146,5,34,"H",NA,NA,0
147,5,34,"C",349,4,2
148,4,35,NA,NA,NA,0
149,4,35,NA,NA,NA,0
150,4,35,NA,NA,NA,0
151,4,35,NA,NA,NA,0
152,4,36,NA,NA,NA,0
153,4,36,NA,NA,NA,0
154,4,36,NA,NA,NA,0
155,4,36,NA,NA,NA,0
156,4,37,NA,NA,NA,0
157,4,37,NA,NA,NA,0
158,4,37,NA,NA,NA,0
159,4,37,NA,NA,NA,0
160,5,38,NA,NA,NA,0
161,5,38,NA,NA,NA,0
162,5,38,NA,NA,NA,0
163,5,38,NA,NA,NA,0
164,5,38,NA,NA,NA,0
165,5,39,NA,NA,NA,0
166,5,39,NA,NA,NA,0
167,5,39,NA,NA,NA,0
168,5,39,NA,NA,NA,0
169,5,39,NA,NA,NA,0
170,4,40,NA,NA,NA,0
171,4,40,NA,NA,NA,0
172,4,40,NA,NA,NA,0
173,4,40,NA,NA,NA,0
174,5,41,NA,NA,NA,0
175,5,41,NA,NA,NA,0
176,5,41,NA,NA,NA,0
177,5,41,NA,NA,NA,0
178,5,41,NA,NA,NA,0
179,5,42,NA,NA,NA,0
180,5,42,NA,NA,NA,0
181,5,42,NA,NA,NA,0
182,5,42,NA,NA,NA,0
183,5,42,NA,NA,NA,0
184,3,43,NA,NA,NA,0
185,3,43,NA,NA,NA,0
186,3,43,NA,NA,NA,0
187,5,44,NA,NA,NA,0
188,5,44,NA,NA,NA,0
189,5,44,NA,NA,NA,0
190,5,44,NA,NA,NA,0
191,5,44,NA,NA,NA,0
192,6,45,"H",189,1,0
193,6,45,"H",214,1,1
194,6,45,"H",248,0,0
195,6,45,"H",183,2,1
196,6,45,"H",198,1,0
197,6,45,"C",152,5,3
198,5,46,NA,NA,NA,0
199,5,46,NA,NA,NA,0
200,5,46,NA,NA,NA,0
201,5,46,NA,NA,NA,0
202,5,46,NA,NA,NA,0
203,4,47,NA,NA,NA,0
204,4,47,"C",NA,NA,0
205,4,47,NA,NA,NA,0
206,4,47,NA,NA,NA,0
207,6,48,NA,NA,NA,0
208,6,48,NA,NA,NA,0
209,6,48,NA,NA,NA,0
210,6,48,NA,NA,NA,0
211,6,48,NA,NA,NA,0
212,6,48,NA,NA,NA,0
213,4,49,NA,NA,NA,0
214,4,49,NA,NA,NA,0
215,4,49,"H",NA,NA,0
216,4,49,"C",355,3,1
217,6,50,NA,NA,NA,0
218,6,50,NA,NA,NA,0
219,6,50,NA,NA,NA,0
220,6,50,NA,NA,NA,0
221,6,50,NA,NA,NA,0
222,6,50,NA,NA,NA,0
223,6,51,NA,NA,NA,0
224,6,51,NA,NA,NA,0
225,6,51,NA,NA,NA,0
226,6,51,NA,NA,NA,0
227,6,51,NA,NA,NA,0
228,6,51,NA,NA,NA,0
229,4,52,NA,NA,NA,0
230,4,52,NA,NA,NA,0
231,4,52,NA,NA,NA,0
232,4,52,"C",363,3,0
233,3,53,NA,NA,NA,0
234,3,53,NA,NA,NA,0
235,3,53,NA,NA,NA,0
236,3,54,"C",295,2,1
237,3,54,"H",321,1,0
238,3,54,NA,NA,NA,0
239,4,55,NA,NA,NA,0
240,4,55,NA,NA,NA,0
241,4,55,NA,NA,NA,0
242,4,55,NA,NA,NA,0
243,3,56,NA,NA,NA,0
244,3,56,NA,NA,NA,0
245,3,56,NA,NA,NA,0
246,4,57,NA,NA,NA,0
247,4,57,NA,NA,NA,0
248,4,57,NA,NA,NA,0
249,4,57,NA,NA,NA,0
250,5,58,NA,NA,NA,0
251,5,58,NA,NA,NA,0
252,5,58,NA,NA,NA,0
253,5,58,NA,NA,NA,0
254,5,58,NA,NA,NA,0
255,5,59,NA,NA,NA,0
256,5,59,NA,NA,NA,0
257,5,59,NA,NA,NA,0
258,5,59,NA,NA,NA,0
259,5,59,NA,NA,NA,0
260,6,60,NA,NA,NA,0
261,6,60,NA,NA,NA,0
262,6,60,NA,NA,NA,0
263,6,60,NA,NA,NA,0
264,6,60,NA,NA,NA,0
265,6,60,NA,NA,NA,0
266,3,61,NA,NA,NA,0
267,3,61,NA,NA,NA,0
268,3,61,NA,NA,NA,0
269,5,62,NA,NA,NA,0
270,5,62,NA,NA,NA,0
271,5,62,NA,NA,NA,0
272,5,62,"C",NA,NA,0
273,5,62,NA,NA,NA,0
274,3,63,NA,NA,NA,0
275,3,63,NA,NA,NA,0
276,3,63,NA,NA,NA,0
277,5,64,NA,NA,NA,0
278,5,64,NA,NA,NA,0
279,5,64,NA,NA,NA,0
280,5,64,NA,NA,NA,0
281,5,64,NA,NA,NA,0
282,6,65,NA,NA,NA,0
283,6,65,NA,NA,NA,0
284,6,65,NA,NA,NA,0
285,6,65,NA,NA,NA,0
286,6,65,NA,NA,NA,0
287,6,65,NA,NA,NA,0
288,4,66,NA,NA,NA,0
289,4,66,NA,NA,NA,0
290,4,66,"C",358,3,0
291,4,66,NA,NA,NA,0
292,5,67,NA,NA,NA,0
293,5,67,NA,NA,NA,0
294,5,67,NA,NA,NA,0
295,5,67,NA,NA,NA,0
296,5,67,NA,NA,NA,0
297,6,68,NA,NA,NA,0
298,6,68,NA,NA,NA,0
299,6,68,NA,NA,NA,0
300,6,68,NA,NA,NA,0
301,6,68,NA,NA,NA,0
302,6,68,NA,NA,NA,0
303,3,69,NA,NA,NA,0
304,3,69,NA,NA,NA,0
305,3,69,NA,NA,NA,0
306,6,70,NA,NA,NA,0
307,6,70,NA,NA,NA,0
308,6,70,NA,NA,NA,0
309,6,70,NA,NA,NA,0
310,6,70,NA,NA,NA,0
311,6,70,NA,NA,NA,0
312,3,71,NA,NA,NA,0
313,3,71,NA,NA,NA,0
314,3,71,NA,NA,NA,0
315,4,72,NA,NA,NA,0
316,4,72,NA,NA,NA,0
317,4,72,NA,NA,NA,0
318,4,72,NA,NA,NA,0
319,5,73,NA,NA,NA,0
320,5,73,NA,NA,NA,0
321,5,73,NA,NA,NA,0
322,5,73,NA,NA,NA,0
323,5,73,NA,NA,NA,0
324,6,74,NA,NA,NA,0
325,6,74,"C",364,5,1
326,6,74,NA,NA,NA,0
327,6,74,NA,NA,NA,0
328,6,74,"H",NA,NA,0
329,6,74,NA,NA,NA,0
330,3,75,NA,NA,NA,0
331,3,75,NA,NA,NA,0
332,3,75,NA,NA,NA,0
333,6,76,NA,NA,NA,0
334,6,76,NA,NA,NA,0
335,6,76,NA,NA,NA,0
336,6,76,NA,NA,NA,0
337,6,76,NA,NA,NA,0
338,6,76,NA,NA,NA,0
339,4,77,NA,NA,NA,0
340,4,77,NA,NA,NA,0
341,4,77,NA,NA,NA,0
342,4,77,NA,NA,NA,0
343,5,78,NA,NA,NA,0
344,5,78,NA,NA,NA,0
345,5,78,NA,NA,NA,0
346,5,78,NA,NA,NA,0
347,5,78,NA,NA,NA,0
348,5,79,NA,NA,NA,0
349,5,79,NA,NA,NA,0
350,5,79,NA,NA,NA,0
351,5,79,NA,NA,NA,0
352,5,79,NA,NA,NA,0
353,6,80,NA,NA,NA,0
354,6,80,NA,NA,NA,0
355,6,80,NA,NA,NA,0
356,6,80,NA,NA,NA,0
357,6,80,NA,NA,NA,0
358,6,80,NA,NA,NA,0
359,3,81,NA,NA,NA,0
360,3,81,NA,NA,NA,0
361,3,81,NA,NA,NA,0
362,6,82,NA,NA,NA,0
363,6,82,NA,NA,NA,0
364,6,82,NA,NA,NA,0
365,6,82,NA,NA,NA,0
366,6,82,NA,NA,NA,0
367,6,82,NA,NA,NA,0
368,5,83,NA,NA,NA,0
369,5,83,NA,NA,NA,0
370,5,83,NA,NA,NA,0
371,5,83,NA,NA,NA,0
372,5,83,NA,NA,NA,0
373,3,84,NA,NA,NA,0
374,3,84,NA,NA,NA,0
375,3,84,NA,NA,NA,0
376,4,85,NA,NA,NA,0
377,4,85,NA,NA,NA,0
378,4,85,NA,NA,NA,0
379,4,85,NA,NA,NA,0
380,4,86,NA,NA,NA,0
381,4,86,NA,NA,NA,0
382,4,86,"C",NA,NA,0
383,4,86,NA,NA,NA,0
384,3,87,NA,NA,NA,0
385,3,87,NA,NA,NA,0
386,3,87,NA,NA,NA,0
387,6,88,NA,NA,NA,0
388,6,88,NA,NA,NA,0
389,6,88,NA,NA,NA,0
390,6,88,NA,NA,NA,0
391,6,88,NA,NA,NA,0
392,6,88,NA,NA,NA,0
393,5,89,NA,NA,NA,0
394,5,89,NA,NA,NA,0
395,5,89,NA,NA,NA,0
396,5,89,NA,NA,NA,0
397,5,89,NA,NA,NA,0
398,4,90,NA,NA,NA,0
399,4,90,NA,NA,NA,0
400,4,90,NA,NA,NA,0
401,4,90,NA,NA,NA,0
402,5,91,"C",324,4,2
403,5,91,"H",NA,NA,0
404,5,91,"H",NA,NA,0
405,5,91,"H",350,2,2
406,5,91,"H",351,2,0
407,3,92,NA,NA,NA,0
408,3,92,NA,NA,NA,0
409,3,92,NA,NA,NA,0
410,5,93,NA,NA,NA,0
411,5,93,NA,NA,NA,0
412,5,93,NA,NA,NA,0
413,5,93,NA,NA,NA,0
414,5,93,NA,NA,NA,0
415,5,94,NA,NA,NA,0
416,5,94,NA,NA,NA,0
417,5,94,NA,NA,NA,0
418,5,94,NA,NA,NA,0
419,5,94,NA,NA,NA,0
420,5,95,NA,NA,NA,0
421,5,95,NA,NA,NA,0
422,5,95,NA,NA,NA,0
423,5,95,NA,NA,NA,0
424,5,95,NA,NA,NA,0
425,6,96,NA,NA,NA,0
426,6,96,NA,NA,NA,0
427,6,96,NA,NA,NA,0
428,6,96,NA,NA,NA,0
429,6,96,NA,NA,NA,0
430,6,96,NA,NA,NA,0
431,4,97,"C",361,3,0
432,4,97,NA,NA,NA,0
433,4,97,NA,NA,NA,0
434,4,97,NA,NA,NA,0
435,6,98,NA,NA,NA,0
436,6,98,NA,NA,NA,0
437,6,98,NA,NA,NA,0
438,6,98,NA,NA,NA,0
439,6,98,NA,NA,NA,0
440,6,98,NA,NA,NA,0
441,4,99,"C",343,3,0
442,4,99,NA,NA,NA,0
443,4,99,NA,NA,NA,0
444,4,99,NA,NA,NA,0
445,4,100,"H",120,2,1
446,4,100,"C",92,3,1
447,4,100,"H",226,0,0
448,4,100,"H",183,1,1
449,6,101,"H",322,3,1
450,6,101,"C",300,5,2
451,6,101,"H",342,1,0
452,6,101,"H",364,1,0
453,6,101,NA,NA,NA,0
454,6,101,"H",332,2,1
455,4,102,NA,NA,NA,0
456,4,102,NA,NA,NA,0
457,4,102,NA,NA,NA,0
458,4,102,NA,NA,NA,0
459,4,103,NA,NA,NA,0
460,4,103,NA,NA,NA,0
461,4,103,NA,NA,NA,0
462,4,103,NA,NA,NA,0
463,5,104,NA,NA,NA,0
464,5,104,NA,NA,NA,0
465,5,104,NA,NA,NA,0
466,5,104,NA,NA,NA,0
467,5,104,NA,NA,NA,0
468,6,105,NA,NA,NA,0
469,6,105,NA,NA,NA,0
470,6,105,NA,NA,NA,0
471,6,105,NA,NA,NA,0
472,6,105,NA,NA,NA,0
473,6,105,NA,NA,NA,0
474,6,106,NA,NA,NA,0
475,6,106,NA,NA,NA,0
476,6,106,NA,NA,NA,0
477,6,106,NA,NA,NA,0
478,6,106,NA,NA,NA,0
479,6,106,NA,NA,NA,0
480,6,107,NA,NA,NA,0
481,6,107,NA,NA,NA,0
482,6,107,NA,NA,NA,0
483,6,107,NA,NA,NA,0
484,6,107,NA,NA,NA,0
485,6,107,NA,NA,NA,0
486,5,108,"H",345,0,0
487,5,108,"H",324,1,1
488,5,108,"H",354,0,0
489,5,108,"C",302,4,3
490,5,108,"H",NA,NA,0
491,6,109,NA,NA,NA,0
492,6,109,NA,NA,NA,0
493,6,109,"C",270,5,1
494,6,109,"H",296,4,0
495,6,109,NA,NA,NA,0
496,6,109,NA,NA,NA,0
497,5,110,NA,NA,NA,0
498,5,110,NA,NA,NA,0
499,5,110,NA,NA,NA,0
500,5,110,NA,NA,NA,0
501,5,110,NA,NA,NA,0
502,6,111,NA,NA,NA,0
503,6,111,NA,NA,NA,0
504,6,111,NA,NA,NA,0
505,6,111,NA,NA,NA,0
506,6,111,NA,NA,NA,0
507,6,111,NA,NA,NA,0
508,3,112,NA,NA,NA,0
509,3,112,NA,NA,NA,0
510,3,112,NA,NA,NA,0
511,3,113,NA,NA,NA,0
512,3,113,NA,NA,NA,0
513,3,113,NA,NA,NA,0
514,4,114,"C",356,3,1
515,4,114,NA,NA,NA,0
516,4,114,"H",NA,NA,0
517,4,114,NA,NA,NA,0
518,4,115,NA,NA,NA,0
519,4,115,NA,NA,NA,0
520,4,115,NA,NA,NA,0
521,4,115,NA,NA,NA,0
522,4,116,NA,NA,NA,0
523,4,116,NA,NA,NA,0
524,4,116,NA,NA,NA,0
525,4,116,NA,NA,NA,0
526,6,117,NA,NA,NA,0
527,6,117,NA,NA,NA,0
528,6,117,NA,NA,NA,0
529,6,117,NA,NA,NA,0
530,6,117,NA,NA,NA,0
531,6,117,NA,NA,NA,0
532,6,118,"H",NA,NA,0
533,6,118,"C",255,5,1
534,6,118,"H",306,2,1
535,6,118,"H",351,0,0
536,6,118,"H",287,4,2
537,6,118,"H",330,1,1
538,5,119,NA,NA,NA,0
539,5,119,NA,NA,NA,0
540,5,119,NA,NA,NA,0
541,5,119,NA,NA,NA,0
542,5,119,NA,NA,NA,0
543,4,120,NA,NA,NA,0
544,4,120,"C",313,3,0
545,4,120,NA,NA,NA,0
546,4,120,NA,NA,NA,0
547,6,121,NA,NA,NA,0
548,6,121,NA,NA,NA,0
549,6,121,NA,NA,NA,0
550,6,121,NA,NA,NA,0
551,6,121,NA,NA,NA,0
552,6,121,NA,NA,NA,0
553,5,122,NA,NA,NA,0
554,5,122,NA,NA,NA,0
555,5,122,NA,NA,NA,0
556,5,122,NA,NA,NA,0
557,5,122,NA,NA,NA,0
558,4,123,"C",342,2,2
559,4,123,"C",340,2,0
560,4,123,"H",362,0,0
561,4,123,"H",NA,NA,0
562,3,124,NA,NA,NA,0
563,3,124,NA,NA,NA,0
564,3,124,NA,NA,NA,0
565,3,125,NA,NA,NA,0
566,3,125,NA,NA,NA,0
567,3,125,NA,NA,NA,0
568,5,126,NA,NA,NA,0
569,5,126,NA,NA,NA,0
570,5,126,NA,NA,NA,0
571,5,126,NA,NA,NA,0
572,5,126,NA,NA,NA,0
573,6,127,NA,NA,NA,0
574,6,127,NA,NA,NA,0
575,6,127,NA,NA,NA,0
576,6,127,NA,NA,NA,0
577,6,127,NA,NA,NA,0
578,6,127,NA,NA,NA,0
579,5,128,NA,NA,NA,0
580,5,128,NA,NA,NA,0
581,5,128,NA,NA,NA,0
582,5,128,NA,NA,NA,0
583,5,128,NA,NA,NA,0
584,6,129,NA,NA,NA,0
585,6,129,NA,NA,NA,0
586,6,129,NA,NA,NA,0
587,6,129,NA,NA,NA,0
588,6,129,NA,NA,NA,0
589,6,129,NA,NA,NA,0
590,6,130,NA,NA,NA,0
591,6,130,NA,NA,NA,0
592,6,130,NA,NA,NA,0
593,6,130,NA,NA,NA,0
594,6,130,NA,NA,NA,0
595,6,130,NA,NA,NA,0
596,4,131,NA,NA,NA,0
597,4,131,NA,NA,NA,0
598,4,131,NA,NA,NA,0
599,4,131,NA,NA,NA,0
600,3,132,NA,NA,NA,0
601,3,132,NA,NA,NA,0
602,3,132,NA,NA,NA,0
603,4,133,NA,NA,NA,0
604,4,133,NA,NA,NA,0
605,4,133,NA,NA,NA,0
606,4,133,NA,NA,NA,0
607,3,134,NA,NA,NA,0
608,3,134,NA,NA,NA,0
609,3,134,NA,NA,NA,0
610,4,135,NA,NA,NA,0
611,4,135,NA,NA,NA,0
612,4,135,NA,NA,NA,0
613,4,135,NA,NA,NA,0
614,3,136,NA,NA,NA,0
615,3,136,NA,NA,NA,0
616,3,136,NA,NA,NA,0
617,3,137,NA,NA,NA,0
618,3,137,NA,NA,NA,0
619,3,137,NA,NA,NA,0
620,4,138,NA,NA,NA,0
621,4,138,NA,NA,NA,0
622,4,138,NA,NA,NA,0
623,4,138,NA,NA,NA,0
624,5,139,NA,NA,NA,0
625,5,139,NA,NA,NA,0
626,5,139,NA,NA,NA,0
627,5,139,NA,NA,NA,0
628,5,139,NA,NA,NA,0
629,3,140,NA,NA,NA,0
630,3,140,NA,NA,NA,0
631,3,140,NA,NA,NA,0
632,3,141,NA,NA,NA,0
633,3,141,NA,NA,NA,0
634,3,141,NA,NA,NA,0
635,4,142,NA,NA,NA,0
636,4,142,NA,NA,NA,0
637,4,142,NA,NA,NA,0
638,4,142,NA,NA,NA,0
639,5,143,NA,NA,NA,0
640,5,143,NA,NA,NA,0
641,5,143,NA,NA,NA,0
642,5,143,NA,NA,NA,0
643,5,143,NA,NA,NA,0
644,5,144,NA,NA,NA,0
645,5,144,NA,NA,NA,0
646,5,144,NA,NA,NA,0
647,5,144,NA,NA,NA,0
648,5,144,NA,NA,NA,0
649,3,145,NA,NA,NA,0
650,3,145,NA,NA,NA,0
651,3,145,NA,NA,NA,0
652,3,146,NA,NA,NA,0
653,3,146,NA,NA,NA,0
654,3,146,NA,NA,NA,0
655,6,147,"C",296,5,2
656,6,147,NA,NA,NA,0
657,6,147,"H",322,3,1
658,6,147,"H",NA,NA,0
659,6,147,"H",322,3,0
660,6,147,"H",353,2,1
661,3,148,NA,NA,NA,0
662,3,148,NA,NA,NA,0
663,3,148,NA,NA,NA,0
664,5,149,NA,NA,NA,0
665,5,149,NA,NA,NA,0
666,5,149,NA,NA,NA,0
667,5,149,NA,NA,NA,0
668,5,149,NA,NA,NA,0
669,6,150,NA,NA,NA,0
670,6,150,NA,NA,NA,0
671,6,150,NA,NA,NA,0
672,6,150,NA,NA,NA,0
673,6,150,NA,NA,NA,0
674,6,150,NA,NA,NA,0
675,6,151,NA,NA,NA,0
676,6,151,NA,NA,NA,0
677,6,151,NA,NA,NA,0
678,6,151,NA,NA,NA,0
679,6,151,NA,NA,NA,0
680,6,151,NA,NA,NA,0
681,4,152,NA,NA,NA,0
682,4,152,NA,NA,NA,0
683,4,152,NA,NA,NA,0
684,4,152,NA,NA,NA,0
685,3,153,NA,NA,NA,0
686,3,153,"H",NA,NA,0
687,3,153,"C",364,2,1
688,3,154,NA,NA,NA,0
689,3,154,NA,NA,NA,0
690,3,154,NA,NA,NA,0
691,3,155,NA,NA,NA,0
692,3,155,NA,NA,NA,0
693,3,155,NA,NA,NA,0
694,5,156,"H",362,0,0
695,5,156,"H",340,0,0
696,5,156,"C",293,4,2
697,5,156,"H",306,2,1
698,5,156,"H",329,1,1
699,3,157,NA,NA,NA,0
700,3,157,NA,NA,NA,0
701,3,157,NA,NA,NA,0
702,6,158,NA,NA,NA,0
703,6,158,NA,NA,NA,0
704,6,158,NA,NA,NA,0
705,6,158,"C",346,5,0
706,6,158,NA,NA,NA,0
707,6,158,NA,NA,NA,0
708,3,159,NA,NA,NA,0
709,3,159,NA,NA,NA,0
710,3,159,NA,NA,NA,0
711,5,160,NA,NA,NA,0
712,5,160,NA,NA,NA,0
713,5,160,NA,NA,NA,0
714,5,160,NA,NA,NA,0
715,5,160,NA,NA,NA,0
716,5,161,NA,NA,NA,0
717,5,161,NA,NA,NA,0
718,5,161,NA,NA,NA,0
719,5,161,NA,NA,NA,0
720,5,161,NA,NA,NA,0
721,6,162,NA,NA,NA,0
722,6,162,NA,NA,NA,0
723,6,162,NA,NA,NA,0
724,6,162,NA,NA,NA,0
725,6,162,NA,NA,NA,0
726,6,162,NA,NA,NA,0
727,5,163,NA,NA,NA,0
728,5,163,NA,NA,NA,0
729,5,163,NA,NA,NA,0
730,5,163,NA,NA,NA,0
731,5,163,NA,NA,NA,0
732,5,164,NA,NA,NA,0
733,5,164,NA,NA,NA,0
734,5,164,NA,NA,NA,0
735,5,164,NA,NA,NA,0
736,5,164,NA,NA,NA,0
737,3,165,NA,NA,NA,0
738,3,165,NA,NA,NA,0
739,3,165,NA,NA,NA,0
740,5,166,NA,NA,NA,0
741,5,166,NA,NA,NA,0
742,5,166,NA,NA,NA,0
743,5,166,NA,NA,NA,0
744,5,166,NA,NA,NA,0
745,4,167,NA,NA,NA,0
746,4,167,NA,NA,NA,0
747,4,167,NA,NA,NA,0
748,4,167,"C",324,3,0
749,6,168,NA,NA,NA,0
750,6,168,NA,NA,NA,0
751,6,168,NA,NA,NA,0
752,6,168,NA,NA,NA,0
753,6,168,NA,NA,NA,0
754,6,168,NA,NA,NA,0
755,5,169,NA,NA,NA,0
756,5,169,NA,NA,NA,0
757,5,169,NA,NA,NA,0
758,5,169,NA,NA,NA,0
759,5,169,NA,NA,NA,0
760,6,170,NA,NA,NA,0
761,6,170,NA,NA,NA,0
762,6,170,NA,NA,NA,0
763,6,170,NA,NA,NA,0
764,6,170,NA,NA,NA,0
765,6,170,NA,NA,NA,0
766,5,171,NA,NA,NA,0
767,5,171,NA,NA,NA,0
768,5,171,NA,NA,NA,0
769,5,171,NA,NA,NA,0
770,5,171,"C",NA,NA,0
771,5,172,NA,NA,NA,0
772,5,172,NA,NA,NA,0
773,5,172,NA,NA,NA,0
774,5,172,NA,NA,NA,0
775,5,172,NA,NA,NA,0
776,3,173,NA,NA,NA,0
777,3,173,NA,NA,NA,0
778,3,173,NA,NA,NA,0
779,3,174,NA,NA,NA,0
780,3,174,NA,NA,NA,0
781,3,174,NA,NA,NA,0
782,4,175,NA,NA,NA,0
783,4,175,NA,NA,NA,0
784,4,175,NA,NA,NA,0
785,4,175,NA,NA,NA,0
786,6,176,"H",338,1,0
787,6,176,"C",266,5,2
788,6,176,NA,NA,NA,0
789,6,176,"H",294,3,1
790,6,176,"H",341,1,0
791,6,176,"H",298,3,1
792,6,177,"C",339,5,1
793,6,177,NA,NA,NA,0
794,6,177,NA,NA,NA,0
795,6,177,NA,NA,NA,0
796,6,177,"H",365,4,0
797,6,177,NA,NA,NA,0
798,3,178,NA,NA,NA,0
799,3,178,NA,NA,NA,0
800,3,178,NA,NA,NA,0
801,4,179,NA,NA,NA,0
802,4,179,NA,NA,NA,0
803,4,179,NA,NA,NA,0
804,4,179,NA,NA,NA,0
805,5,180,NA,NA,NA,0
806,5,180,NA,NA,NA,0
807,5,180,NA,NA,NA,0
808,5,180,NA,NA,NA,0
809,5,180,NA,NA,NA,0
810,5,181,NA,NA,NA,0
811,5,181,NA,NA,NA,0
812,5,181,NA,NA,NA,0
813,5,181,"C",335,4,0
814,5,181,NA,NA,NA,0
815,3,182,NA,NA,NA,0
816,3,182,NA,NA,NA,0
817,3,182,NA,NA,NA,0
818,5,183,NA,NA,NA,0
819,5,183,NA,NA,NA,0
820,5,183,NA,NA,NA,0
821,5,183,NA,NA,NA,0
822,5,183,NA,NA,NA,0
823,3,184,NA,NA,NA,0
824,3,184,NA,NA,NA,0
825,3,184,NA,NA,NA,0
826,4,185,NA,NA,NA,0
827,4,185,NA,NA,NA,0
828,4,185,NA,NA,NA,0
829,4,185,NA,NA,NA,0
830,3,186,NA,NA,NA,0
831,3,186,NA,NA,NA,0
832,3,186,NA,NA,NA,0
833,6,187,NA,NA,NA,0
834,6,187,NA,NA,NA,0
835,6,187,NA,NA,NA,0
836,6,187,NA,NA,NA,0
837,6,187,NA,NA,NA,0
838,6,187,NA,NA,NA,0
839,6,188,NA,NA,NA,0
840,6,188,NA,NA,NA,0
841,6,188,NA,NA,NA,0
842,6,188,NA,NA,NA,0
843,6,188,NA,NA,NA,0
844,6,188,NA,NA,NA,0
845,3,189,NA,NA,NA,0
846,3,189,NA,NA,NA,0
847,3,189,NA,NA,NA,0
848,6,190,NA,NA,NA,0
849,6,190,NA,NA,NA,0
850,6,190,NA,NA,NA,0
851,6,190,NA,NA,NA,0
852,6,190,NA,NA,NA,0
853,6,190,NA,NA,NA,0
854,3,191,NA,NA,NA,0
855,3,191,NA,NA,NA,0
856,3,191,NA,NA,NA,0
857,5,192,NA,NA,NA,0
858,5,192,NA,NA,NA,0
859,5,192,NA,NA,NA,0
860,5,192,NA,NA,NA,0
861,5,192,NA,NA,NA,0
862,5,193,NA,NA,NA,0
863,5,193,NA,NA,NA,0
864,5,193,NA,NA,NA,0
865,5,193,NA,NA,NA,0
866,5,193,NA,NA,NA,0
867,3,194,NA,NA,NA,0
868,3,194,NA,NA,NA,0
869,3,194,NA,NA,NA,0
870,5,195,NA,NA,NA,0
871,5,195,NA,NA,NA,0
872,5,195,NA,NA,NA,0
873,5,195,NA,NA,NA,0
874,5,195,NA,NA,NA,0
875,3,196,"C",NA,NA,0
876,3,196,NA,NA,NA,0
877,3,196,NA,NA,NA,0
878,5,197,"H",240,2,1
879,5,197,"H",222,2,0
880,5,197,"H",258,1,0
881,5,197,"C",195,4,2
882,5,197,NA,NA,NA,0
883,6,198,NA,NA,NA,0
884,6,198,NA,NA,NA,0
885,6,198,NA,NA,NA,0
886,6,198,NA,NA,NA,0
887,6,198,NA,NA,NA,0
888,6,198,NA,NA,NA,0
889,5,199,NA,NA,NA,0
890,5,199,NA,NA,NA,0
891,5,199,NA,NA,NA,0
892,5,199,NA,NA,NA,0
893,5,199,NA,NA,NA,0
894,3,200,NA,NA,NA,0
895,3,200,NA,NA,NA,0
896,3,200,NA,NA,NA,0
897,5,201,NA,NA,NA,0
898,5,201,"C",361,3,1
899,5,201,"H",NA,NA,0
900,5,201,NA,NA,NA,0
901,5,201,"C",362,3,0
902,3,202,NA,NA,NA,0
903,3,202,NA,NA,NA,0
904,3,202,NA,NA,NA,0
905,3,203,NA,NA,NA,0
906,3,203,NA,NA,NA,0
907,3,203,NA,NA,NA,0
908,6,204,NA,NA,NA,0
909,6,204,NA,NA,NA,0
910,6,204,NA,NA,NA,0
911,6,204,NA,NA,NA,0
912,6,204,NA,NA,NA,0
913,6,204,NA,NA,NA,0
914,6,205,NA,NA,NA,0
915,6,205,NA,NA,NA,0
916,6,205,NA,NA,NA,0
917,6,205,NA,NA,NA,0
918,6,205,NA,NA,NA,0
919,6,205,NA,NA,NA,0
920,5,206,NA,NA,NA,0
921,5,206,NA,NA,NA,0
922,5,206,NA,NA,NA,0
923,5,206,NA,NA,NA,0
924,5,206,NA,NA,NA,0
925,4,207,NA,NA,NA,0
926,4,207,NA,NA,NA,0
927,4,207,NA,NA,NA,0
928,4,207,NA,NA,NA,0
929,4,208,NA,NA,NA,0
930,4,208,NA,NA,NA,0
931,4,208,NA,NA,NA,0
932,4,208,NA,NA,NA,0
933,5,209,"H",310,0,0
934,5,209,"H",297,1,1
935,5,209,"H",316,0,0
936,5,209,"C",266,3,2
937,5,209,"C",136,4,0
938,5,210,NA,NA,NA,0
939,5,210,NA,NA,NA,0
940,5,210,NA,NA,NA,0
941,5,210,NA,NA,NA,0
942,5,210,NA,NA,NA,0
943,5,211,NA,NA,NA,0
944,5,211,NA,NA,NA,0
945,5,211,NA,NA,NA,0
946,5,211,NA,NA,NA,0
947,5,211,NA,NA,NA,0
948,5,212,"H",260,2,2
949,5,212,"H",279,0,0
950,5,212,"H",302,0,0
951,5,212,"H",273,0,0
952,5,212,"C",224,4,2
953,6,213,NA,NA,NA,0
954,6,213,NA,NA,NA,0
955,6,213,NA,NA,NA,0
956,6,213,NA,NA,NA,0
957,6,213,NA,NA,NA,0
958,6,213,NA,NA,NA,0
959,3,214,NA,NA,NA,0
960,3,214,NA,NA,NA,0
961,3,214,"C",NA,NA,0
962,4,215,NA,NA,NA,0
963,4,215,NA,NA,NA,0
964,4,215,NA,NA,NA,0
965,4,215,NA,NA,NA,0
966,4,216,"C",361,3,1
967,4,216,NA,NA,NA,0
968,4,216,"H",NA,NA,0
969,4,216,NA,NA,NA,0
970,6,217,NA,NA,NA,0
971,6,217,"C",56,5,0
972,6,217,NA,NA,NA,0
973,6,217,NA,NA,NA,0
974,6,217,NA,NA,NA,0
975,6,217,NA,NA,NA,0
976,4,218,NA,NA,NA,0
977,4,218,NA,NA,NA,0
978,4,218,NA,NA,NA,0
979,4,218,NA,NA,NA,0
980,6,219,NA,NA,NA,0
981,6,219,NA,NA,NA,0
982,6,219,NA,NA,NA,0
983,6,219,NA,NA,NA,0
984,6,219,NA,NA,NA,0
985,6,219,NA,NA,NA,0
986,6,220,NA,NA,NA,0
987,6,220,NA,NA,NA,0
988,6,220,NA,NA,NA,0
989,6,220,"C",256,5,0
990,6,220,NA,NA,NA,0
991,6,220,NA,NA,NA,0
992,6,221,NA,NA,NA,0
993,6,221,NA,NA,NA,0
994,6,221,NA,NA,NA,0
995,6,221,NA,NA,NA,0
996,6,221,NA,NA,NA,0
997,6,221,NA,NA,NA,0
998,3,222,NA,NA,NA,0
999,3,222,NA,NA,NA,0
1000,3,222,NA,NA,NA,0
