"ID","SIZE","HH","TYPE","TIME","S_NUM","I_NUM"
1,5,1,NA,NA,NA,0
2,5,1,NA,NA,NA,0
3,5,1,NA,NA,NA,0
4,5,1,NA,NA,NA,0
5,5,1,NA,NA,NA,0
6,5,2,"E",224,NA,0
7,5,2,NA,NA,NA,0
8,5,2,NA,NA,NA,0
9,5,2,NA,NA,NA,0
10,5,2,NA,NA,NA,0
11,4,3,NA,NA,NA,0
12,4,3,NA,NA,NA,0
13,4,3,NA,NA,NA,0
14,4,3,NA,NA,NA,0
15,3,4,NA,NA,NA,0
16,3,4,NA,NA,NA,0
17,3,4,NA,NA,NA,0
18,6,5,NA,NA,NA,0
19,6,5,NA,NA,NA,0
20,6,5,NA,NA,NA,0
21,6,5,NA,NA,NA,0
22,6,5,NA,NA,NA,0
23,6,5,NA,NA,NA,0
24,5,6,NA,NA,NA,0
25,5,6,NA,NA,NA,0
26,5,6,NA,NA,NA,0
27,5,6,NA,NA,NA,0
28,5,6,NA,NA,NA,0
29,6,7,NA,NA,NA,0
30,6,7,NA,NA,NA,0
31,6,7,NA,NA,NA,0
32,6,7,NA,NA,NA,0
33,6,7,NA,NA,NA,0
34,6,7,NA,NA,NA,0
35,4,8,"E",331,NA,0
36,4,8,"E",266,NA,0
37,4,8,NA,NA,NA,0
38,4,8,NA,NA,NA,0
39,5,9,NA,NA,NA,0
40,5,9,NA,NA,NA,0
41,5,9,NA,NA,NA,0
42,5,9,"E",156,NA,0
43,5,9,NA,NA,NA,0
44,5,10,NA,NA,NA,0
45,5,10,NA,NA,NA,0
46,5,10,NA,NA,NA,0
47,5,10,NA,NA,NA,0
48,5,10,"E",81,NA,0
49,3,11,NA,NA,NA,0
50,3,11,NA,NA,NA,0
51,3,11,NA,NA,NA,0
52,3,12,NA,NA,NA,0
53,3,12,NA,NA,NA,0
54,3,12,NA,NA,NA,0
55,3,13,"E",330,NA,0
56,3,13,NA,NA,NA,0
57,3,13,NA,NA,NA,0
58,6,14,NA,NA,NA,0
59,6,14,NA,NA,NA,0
60,6,14,NA,NA,NA,0
61,6,14,NA,NA,NA,0
62,6,14,NA,NA,NA,0
63,6,14,NA,NA,NA,0
64,3,15,"E",71,NA,0
65,3,15,NA,NA,NA,0
66,3,15,"E",NA,NA,0
67,5,16,"E",NA,NA,0
68,5,16,"E",289,NA,0
69,5,16,NA,NA,NA,0
70,5,16,NA,NA,NA,0
71,5,16,NA,NA,NA,0
72,3,17,NA,NA,NA,0
73,3,17,NA,NA,NA,0
74,3,17,"E",63,NA,0
75,3,18,NA,NA,NA,0
76,3,18,NA,NA,NA,0
77,3,18,"E",88,NA,0
78,6,19,NA,NA,NA,0
79,6,19,NA,NA,NA,0
80,6,19,NA,NA,NA,0
81,6,19,NA,NA,NA,0
82,6,19,NA,NA,NA,0
83,6,19,NA,NA,NA,0
84,5,20,NA,NA,NA,0
85,5,20,NA,NA,NA,0
86,5,20,NA,NA,NA,0
87,5,20,NA,NA,NA,0
88,5,20,NA,NA,NA,0
89,5,21,NA,NA,NA,0
90,5,21,NA,NA,NA,0
91,5,21,NA,NA,NA,0
92,5,21,NA,NA,NA,0
93,5,21,NA,NA,NA,0
94,6,22,NA,NA,NA,0
95,6,22,NA,NA,NA,0
96,6,22,NA,NA,NA,0
97,6,22,"E",172,NA,0
98,6,22,NA,NA,NA,0
99,6,22,NA,NA,NA,0
100,6,23,NA,NA,NA,0
101,6,23,"E",189,NA,0
102,6,23,NA,NA,NA,0
103,6,23,NA,NA,NA,0
104,6,23,NA,NA,NA,0
105,6,23,"E",189,NA,0
106,4,24,NA,NA,NA,0
107,4,24,NA,NA,NA,0
108,4,24,NA,NA,NA,0
109,4,24,NA,NA,NA,0
110,5,25,NA,NA,NA,0
111,5,25,NA,NA,NA,0
112,5,25,NA,NA,NA,0
113,5,25,NA,NA,NA,0
114,5,25,NA,NA,NA,0
115,3,26,NA,NA,NA,0
116,3,26,NA,NA,NA,0
117,3,26,NA,NA,NA,0
118,5,27,NA,NA,NA,0
119,5,27,"E",259,NA,0
120,5,27,NA,NA,NA,0
121,5,27,NA,NA,NA,0
122,5,27,NA,NA,NA,0
123,6,28,"E",304,NA,0
124,6,28,NA,NA,NA,0
125,6,28,"E",185,NA,0
126,6,28,NA,NA,NA,0
127,6,28,"E",NA,NA,0
128,6,28,NA,NA,NA,0
129,5,29,NA,NA,NA,0
130,5,29,NA,NA,NA,0
131,5,29,NA,NA,NA,0
132,5,29,NA,NA,NA,0
133,5,29,NA,NA,NA,0
134,5,30,NA,NA,NA,0
135,5,30,NA,NA,NA,0
136,5,30,NA,NA,NA,0
137,5,30,NA,NA,NA,0
138,5,30,NA,NA,NA,0
139,6,31,NA,NA,NA,0
140,6,31,NA,NA,NA,0
141,6,31,NA,NA,NA,0
142,6,31,NA,NA,NA,0
143,6,31,NA,NA,NA,0
144,6,31,"E",113,NA,0
145,4,32,"E",59,NA,0
146,4,32,NA,NA,NA,0
147,4,32,NA,NA,NA,0
148,4,32,NA,NA,NA,0
149,6,33,NA,NA,NA,0
150,6,33,NA,NA,NA,0
151,6,33,NA,NA,NA,0
152,6,33,NA,NA,NA,0
153,6,33,NA,NA,NA,0
154,6,33,NA,NA,NA,0
155,4,34,NA,NA,NA,0
156,4,34,NA,NA,NA,0
157,4,34,NA,NA,NA,0
158,4,34,NA,NA,NA,0
159,3,35,NA,NA,NA,0
160,3,35,NA,NA,NA,0
161,3,35,NA,NA,NA,0
162,6,36,NA,NA,NA,0
163,6,36,"E",141,NA,0
164,6,36,"E",175,NA,0
165,6,36,NA,NA,NA,0
166,6,36,NA,NA,NA,0
167,6,36,NA,NA,NA,0
168,3,37,NA,NA,NA,0
169,3,37,NA,NA,NA,0
170,3,37,NA,NA,NA,0
171,6,38,NA,NA,NA,0
172,6,38,NA,NA,NA,0
173,6,38,NA,NA,NA,0
174,6,38,NA,NA,NA,0
175,6,38,NA,NA,NA,0
176,6,38,NA,NA,NA,0
177,4,39,"E",145,NA,0
178,4,39,NA,NA,NA,0
179,4,39,NA,NA,NA,0
180,4,39,NA,NA,NA,0
181,5,40,NA,NA,NA,0
182,5,40,"E",257,NA,0
183,5,40,NA,NA,NA,0
184,5,40,NA,NA,NA,0
185,5,40,NA,NA,NA,0
186,3,41,NA,NA,NA,0
187,3,41,NA,NA,NA,0
188,3,41,NA,NA,NA,0
189,5,42,"E",102,NA,0
190,5,42,NA,NA,NA,0
191,5,42,NA,NA,NA,0
192,5,42,NA,NA,NA,0
193,5,42,NA,NA,NA,0
194,4,43,NA,NA,NA,0
195,4,43,NA,NA,NA,0
196,4,43,NA,NA,NA,0
197,4,43,NA,NA,NA,0
198,3,44,NA,NA,NA,0
199,3,44,"E",36,NA,0
200,3,44,NA,NA,NA,0
201,6,45,NA,NA,NA,0
202,6,45,NA,NA,NA,0
203,6,45,NA,NA,NA,0
204,6,45,"E",303,NA,0
205,6,45,NA,NA,NA,0
206,6,45,NA,NA,NA,0
207,3,46,NA,NA,NA,0
208,3,46,NA,NA,NA,0
209,3,46,NA,NA,NA,0
210,4,47,"E",268,NA,0
211,4,47,NA,NA,NA,0
212,4,47,NA,NA,NA,0
213,4,47,NA,NA,NA,0
214,3,48,NA,NA,NA,0
215,3,48,NA,NA,NA,0
216,3,48,NA,NA,NA,0
217,3,49,"E",306,NA,0
218,3,49,"E",219,NA,0
219,3,49,NA,NA,NA,0
220,4,50,NA,NA,NA,0
221,4,50,NA,NA,NA,0
222,4,50,NA,NA,NA,0
223,4,50,NA,NA,NA,0
224,3,51,NA,NA,NA,0
225,3,51,NA,NA,NA,0
226,3,51,NA,NA,NA,0
227,4,52,NA,NA,NA,0
228,4,52,NA,NA,NA,0
229,4,52,NA,NA,NA,0
230,4,52,NA,NA,NA,0
231,3,53,"E",103,NA,0
232,3,53,NA,NA,NA,0
233,3,53,"E",271,NA,0
234,3,54,NA,NA,NA,0
235,3,54,NA,NA,NA,0
236,3,54,NA,NA,NA,0
237,6,55,NA,NA,NA,0
238,6,55,NA,NA,NA,0
239,6,55,NA,NA,NA,0
240,6,55,"E",317,NA,0
241,6,55,NA,NA,NA,0
242,6,55,NA,NA,NA,0
243,5,56,NA,NA,NA,0
244,5,56,NA,NA,NA,0
245,5,56,NA,NA,NA,0
246,5,56,NA,NA,NA,0
247,5,56,NA,NA,NA,0
248,6,57,NA,NA,NA,0
249,6,57,NA,NA,NA,0
250,6,57,NA,NA,NA,0
251,6,57,"E",241,NA,0
252,6,57,"E",298,NA,0
253,6,57,NA,NA,NA,0
254,4,58,NA,NA,NA,0
255,4,58,"E",227,NA,0
256,4,58,NA,NA,NA,0
257,4,58,NA,NA,NA,0
258,3,59,NA,NA,NA,0
259,3,59,NA,NA,NA,0
260,3,59,NA,NA,NA,0
261,3,60,NA,NA,NA,0
262,3,60,NA,NA,NA,0
263,3,60,"E",190,NA,0
264,6,61,NA,NA,NA,0
265,6,61,NA,NA,NA,0
266,6,61,NA,NA,NA,0
267,6,61,NA,NA,NA,0
268,6,61,NA,NA,NA,0
269,6,61,NA,NA,NA,0
270,6,62,NA,NA,NA,0
271,6,62,NA,NA,NA,0
272,6,62,NA,NA,NA,0
273,6,62,NA,NA,NA,0
274,6,62,NA,NA,NA,0
275,6,62,NA,NA,NA,0
276,4,63,NA,NA,NA,0
277,4,63,"E",53,NA,0
278,4,63,NA,NA,NA,0
279,4,63,"E",264,NA,0
280,5,64,NA,NA,NA,0
281,5,64,NA,NA,NA,0
282,5,64,"E",266,NA,0
283,5,64,NA,NA,NA,0
284,5,64,NA,NA,NA,0
285,3,65,NA,NA,NA,0
286,3,65,NA,NA,NA,0
287,3,65,NA,NA,NA,0
288,3,66,NA,NA,NA,0
289,3,66,NA,NA,NA,0
290,3,66,NA,NA,NA,0
291,6,67,NA,NA,NA,0
292,6,67,"E",322,NA,0
293,6,67,NA,NA,NA,0
294,6,67,NA,NA,NA,0
295,6,67,NA,NA,NA,0
296,6,67,NA,NA,NA,0
297,5,68,NA,NA,NA,0
298,5,68,NA,NA,NA,0
299,5,68,NA,NA,NA,0
300,5,68,NA,NA,NA,0
301,5,68,NA,NA,NA,0
302,3,69,NA,NA,NA,0
303,3,69,NA,NA,NA,0
304,3,69,NA,NA,NA,0
305,6,70,NA,NA,NA,0
306,6,70,NA,NA,NA,0
307,6,70,NA,NA,NA,0
308,6,70,NA,NA,NA,0
309,6,70,NA,NA,NA,0
310,6,70,NA,NA,NA,0
311,6,71,NA,NA,NA,0
312,6,71,NA,NA,NA,0
313,6,71,NA,NA,NA,0
314,6,71,NA,NA,NA,0
315,6,71,NA,NA,NA,0
316,6,71,NA,NA,NA,0
317,5,72,NA,NA,NA,0
318,5,72,NA,NA,NA,0
319,5,72,NA,NA,NA,0
320,5,72,NA,NA,NA,0
321,5,72,NA,NA,NA,0
322,6,73,NA,NA,NA,0
323,6,73,NA,NA,NA,0
324,6,73,NA,NA,NA,0
325,6,73,NA,NA,NA,0
326,6,73,NA,NA,NA,0
327,6,73,NA,NA,NA,0
328,3,74,NA,NA,NA,0
329,3,74,NA,NA,NA,0
330,3,74,NA,NA,NA,0
331,3,75,NA,NA,NA,0
332,3,75,NA,NA,NA,0
333,3,75,NA,NA,NA,0
334,3,76,NA,NA,NA,0
335,3,76,NA,NA,NA,0
336,3,76,NA,NA,NA,0
337,3,77,NA,NA,NA,0
338,3,77,"E",306,NA,0
339,3,77,NA,NA,NA,0
340,6,78,NA,NA,NA,0
341,6,78,NA,NA,NA,0
342,6,78,NA,NA,NA,0
343,6,78,NA,NA,NA,0
344,6,78,NA,NA,NA,0
345,6,78,NA,NA,NA,0
346,3,79,"E",242,NA,0
347,3,79,NA,NA,NA,0
348,3,79,NA,NA,NA,0
349,6,80,NA,NA,NA,0
350,6,80,NA,NA,NA,0
351,6,80,NA,NA,NA,0
352,6,80,NA,NA,NA,0
353,6,80,NA,NA,NA,0
354,6,80,NA,NA,NA,0
355,5,81,NA,NA,NA,0
356,5,81,NA,NA,NA,0
357,5,81,NA,NA,NA,0
358,5,81,NA,NA,NA,0
359,5,81,NA,NA,NA,0
360,6,82,NA,NA,NA,0
361,6,82,NA,NA,NA,0
362,6,82,NA,NA,NA,0
363,6,82,NA,NA,NA,0
364,6,82,NA,NA,NA,0
365,6,82,NA,NA,NA,0
366,6,83,NA,NA,NA,0
367,6,83,NA,NA,NA,0
368,6,83,NA,NA,NA,0
369,6,83,NA,NA,NA,0
370,6,83,NA,NA,NA,0
371,6,83,NA,NA,NA,0
372,6,84,NA,NA,NA,0
373,6,84,NA,NA,NA,0
374,6,84,NA,NA,NA,0
375,6,84,NA,NA,NA,0
376,6,84,NA,NA,NA,0
377,6,84,NA,NA,NA,0
378,5,85,NA,NA,NA,0
379,5,85,NA,NA,NA,0
380,5,85,NA,NA,NA,0
381,5,85,NA,NA,NA,0
382,5,85,NA,NA,NA,0
383,3,86,"E",191,NA,0
384,3,86,NA,NA,NA,0
385,3,86,NA,NA,NA,0
386,6,87,NA,NA,NA,0
387,6,87,NA,NA,NA,0
388,6,87,NA,NA,NA,0
389,6,87,NA,NA,NA,0
390,6,87,NA,NA,NA,0
391,6,87,NA,NA,NA,0
392,5,88,NA,NA,NA,0
393,5,88,NA,NA,NA,0
394,5,88,NA,NA,NA,0
395,5,88,"E",199,NA,0
396,5,88,NA,NA,NA,0
397,4,89,NA,NA,NA,0
398,4,89,NA,NA,NA,0
399,4,89,"E",132,NA,0
400,4,89,"E",292,NA,0
401,3,90,NA,NA,NA,0
402,3,90,NA,NA,NA,0
403,3,90,NA,NA,NA,0
404,4,91,NA,NA,NA,0
405,4,91,NA,NA,NA,0
406,4,91,NA,NA,NA,0
407,4,91,NA,NA,NA,0
408,6,92,NA,NA,NA,0
409,6,92,NA,NA,NA,0
410,6,92,"E",78,NA,0
411,6,92,NA,NA,NA,0
412,6,92,"E",75,NA,0
413,6,92,NA,NA,NA,0
414,4,93,NA,NA,NA,0
415,4,93,NA,NA,NA,0
416,4,93,NA,NA,NA,0
417,4,93,NA,NA,NA,0
418,6,94,NA,NA,NA,0
419,6,94,NA,NA,NA,0
420,6,94,NA,NA,NA,0
421,6,94,NA,NA,NA,0
422,6,94,NA,NA,NA,0
423,6,94,NA,NA,NA,0
424,3,95,NA,NA,NA,0
425,3,95,NA,NA,NA,0
426,3,95,NA,NA,NA,0
427,5,96,NA,NA,NA,0
428,5,96,NA,NA,NA,0
429,5,96,NA,NA,NA,0
430,5,96,NA,NA,NA,0
431,5,96,NA,NA,NA,0
432,3,97,NA,NA,NA,0
433,3,97,NA,NA,NA,0
434,3,97,NA,NA,NA,0
435,4,98,NA,NA,NA,0
436,4,98,NA,NA,NA,0
437,4,98,NA,NA,NA,0
438,4,98,NA,NA,NA,0
439,3,99,NA,NA,NA,0
440,3,99,NA,NA,NA,0
441,3,99,NA,NA,NA,0
442,3,100,NA,NA,NA,0
443,3,100,NA,NA,NA,0
444,3,100,NA,NA,NA,0
445,5,101,NA,NA,NA,0
446,5,101,NA,NA,NA,0
447,5,101,"E",158,NA,0
448,5,101,NA,NA,NA,0
449,5,101,"E",168,NA,0
450,6,102,NA,NA,NA,0
451,6,102,NA,NA,NA,0
452,6,102,NA,NA,NA,0
453,6,102,NA,NA,NA,0
454,6,102,NA,NA,NA,0
455,6,102,NA,NA,NA,0
456,3,103,NA,NA,NA,0
457,3,103,NA,NA,NA,0
458,3,103,NA,NA,NA,0
459,6,104,NA,NA,NA,0
460,6,104,"E",323,NA,0
461,6,104,NA,NA,NA,0
462,6,104,NA,NA,NA,0
463,6,104,"E",276,NA,0
464,6,104,NA,NA,NA,0
465,6,105,NA,NA,NA,0
466,6,105,NA,NA,NA,0
467,6,105,NA,NA,NA,0
468,6,105,NA,NA,NA,0
469,6,105,NA,NA,NA,0
470,6,105,NA,NA,NA,0
471,4,106,NA,NA,NA,0
472,4,106,NA,NA,NA,0
473,4,106,NA,NA,NA,0
474,4,106,NA,NA,NA,0
475,6,107,NA,NA,NA,0
476,6,107,NA,NA,NA,0
477,6,107,NA,NA,NA,0
478,6,107,NA,NA,NA,0
479,6,107,NA,NA,NA,0
480,6,107,"E",141,NA,0
481,4,108,NA,NA,NA,0
482,4,108,NA,NA,NA,0
483,4,108,NA,NA,NA,0
484,4,108,NA,NA,NA,0
485,4,109,NA,NA,NA,0
486,4,109,NA,NA,NA,0
487,4,109,NA,NA,NA,0
488,4,109,NA,NA,NA,0
489,4,110,NA,NA,NA,0
490,4,110,NA,NA,NA,0
491,4,110,NA,NA,NA,0
492,4,110,NA,NA,NA,0
493,5,111,NA,NA,NA,0
494,5,111,NA,NA,NA,0
495,5,111,NA,NA,NA,0
496,5,111,"E",303,NA,0
497,5,111,NA,NA,NA,0
498,4,112,NA,NA,NA,0
499,4,112,NA,NA,NA,0
500,4,112,NA,NA,NA,0
501,4,112,NA,NA,NA,0
502,4,113,"E",268,NA,0
503,4,113,NA,NA,NA,0
504,4,113,NA,NA,NA,0
505,4,113,NA,NA,NA,0
506,4,114,NA,NA,NA,0
507,4,114,NA,NA,NA,0
508,4,114,NA,NA,NA,0
509,4,114,NA,NA,NA,0
510,5,115,NA,NA,NA,0
511,5,115,NA,NA,NA,0
512,5,115,"E",99,NA,0
513,5,115,NA,NA,NA,0
514,5,115,NA,NA,NA,0
515,3,116,"E",248,NA,0
516,3,116,NA,NA,NA,0
517,3,116,NA,NA,NA,0
518,3,117,NA,NA,NA,0
519,3,117,NA,NA,NA,0
520,3,117,NA,NA,NA,0
521,4,118,NA,NA,NA,0
522,4,118,NA,NA,NA,0
523,4,118,NA,NA,NA,0
524,4,118,NA,NA,NA,0
525,5,119,NA,NA,NA,0
526,5,119,NA,NA,NA,0
527,5,119,NA,NA,NA,0
528,5,119,NA,NA,NA,0
529,5,119,NA,NA,NA,0
530,3,120,NA,NA,NA,0
531,3,120,NA,NA,NA,0
532,3,120,NA,NA,NA,0
533,6,121,NA,NA,NA,0
534,6,121,NA,NA,NA,0
535,6,121,NA,NA,NA,0
536,6,121,NA,NA,NA,0
537,6,121,NA,NA,NA,0
538,6,121,NA,NA,NA,0
539,5,122,NA,NA,NA,0
540,5,122,NA,NA,NA,0
541,5,122,"E",321,NA,0
542,5,122,NA,NA,NA,0
543,5,122,NA,NA,NA,0
544,6,123,NA,NA,NA,0
545,6,123,NA,NA,NA,0
546,6,123,NA,NA,NA,0
547,6,123,NA,NA,NA,0
548,6,123,"E",68,NA,0
549,6,123,NA,NA,NA,0
550,5,124,NA,NA,NA,0
551,5,124,NA,NA,NA,0
552,5,124,NA,NA,NA,0
553,5,124,NA,NA,NA,0
554,5,124,NA,NA,NA,0
555,3,125,NA,NA,NA,0
556,3,125,NA,NA,NA,0
557,3,125,NA,NA,NA,0
558,6,126,NA,NA,NA,0
559,6,126,NA,NA,NA,0
560,6,126,NA,NA,NA,0
561,6,126,NA,NA,NA,0
562,6,126,NA,NA,NA,0
563,6,126,NA,NA,NA,0
564,5,127,NA,NA,NA,0
565,5,127,"E",NA,NA,0
566,5,127,NA,NA,NA,0
567,5,127,NA,NA,NA,0
568,5,127,NA,NA,NA,0
569,4,128,NA,NA,NA,0
570,4,128,NA,NA,NA,0
571,4,128,NA,NA,NA,0
572,4,128,NA,NA,NA,0
573,4,129,NA,NA,NA,0
574,4,129,NA,NA,NA,0
575,4,129,NA,NA,NA,0
576,4,129,NA,NA,NA,0
577,4,130,NA,NA,NA,0
578,4,130,NA,NA,NA,0
579,4,130,NA,NA,NA,0
580,4,130,NA,NA,NA,0
581,4,131,NA,NA,NA,0
582,4,131,NA,NA,NA,0
583,4,131,NA,NA,NA,0
584,4,131,NA,NA,NA,0
585,3,132,"E",61,NA,0
586,3,132,NA,NA,NA,0
587,3,132,"E",250,NA,0
588,4,133,NA,NA,NA,0
589,4,133,NA,NA,NA,0
590,4,133,NA,NA,NA,0
591,4,133,NA,NA,NA,0
592,5,134,NA,NA,NA,0
593,5,134,"E",123,NA,0
594,5,134,NA,NA,NA,0
595,5,134,NA,NA,NA,0
596,5,134,NA,NA,NA,0
597,4,135,NA,NA,NA,0
598,4,135,NA,NA,NA,0
599,4,135,NA,NA,NA,0
600,4,135,NA,NA,NA,0
601,4,136,NA,NA,NA,0
602,4,136,NA,NA,NA,0
603,4,136,NA,NA,NA,0
604,4,136,NA,NA,NA,0
605,6,137,NA,NA,NA,0
606,6,137,NA,NA,NA,0
607,6,137,NA,NA,NA,0
608,6,137,NA,NA,NA,0
609,6,137,NA,NA,NA,0
610,6,137,NA,NA,NA,0
611,3,138,NA,NA,NA,0
612,3,138,NA,NA,NA,0
613,3,138,NA,NA,NA,0
614,3,139,NA,NA,NA,0
615,3,139,NA,NA,NA,0
616,3,139,NA,NA,NA,0
617,4,140,NA,NA,NA,0
618,4,140,NA,NA,NA,0
619,4,140,NA,NA,NA,0
620,4,140,"E",86,NA,0
621,6,141,NA,NA,NA,0
622,6,141,"E",42,NA,0
623,6,141,NA,NA,NA,0
624,6,141,NA,NA,NA,0
625,6,141,NA,NA,NA,0
626,6,141,NA,NA,NA,0
627,6,142,NA,NA,NA,0
628,6,142,NA,NA,NA,0
629,6,142,NA,NA,NA,0
630,6,142,NA,NA,NA,0
631,6,142,NA,NA,NA,0
632,6,142,NA,NA,NA,0
633,6,143,"E",101,NA,0
634,6,143,NA,NA,NA,0
635,6,143,NA,NA,NA,0
636,6,143,NA,NA,NA,0
637,6,143,"E",48,NA,0
638,6,143,NA,NA,NA,0
639,6,144,NA,NA,NA,0
640,6,144,"E",270,NA,0
641,6,144,NA,NA,NA,0
642,6,144,NA,NA,NA,0
643,6,144,NA,NA,NA,0
644,6,144,NA,NA,NA,0
645,4,145,NA,NA,NA,0
646,4,145,NA,NA,NA,0
647,4,145,NA,NA,NA,0
648,4,145,NA,NA,NA,0
649,6,146,NA,NA,NA,0
650,6,146,NA,NA,NA,0
651,6,146,NA,NA,NA,0
652,6,146,NA,NA,NA,0
653,6,146,"E",245,NA,0
654,6,146,NA,NA,NA,0
655,4,147,NA,NA,NA,0
656,4,147,NA,NA,NA,0
657,4,147,NA,NA,NA,0
658,4,147,NA,NA,NA,0
659,6,148,NA,NA,NA,0
660,6,148,NA,NA,NA,0
661,6,148,NA,NA,NA,0
662,6,148,NA,NA,NA,0
663,6,148,"E",323,NA,0
664,6,148,"E",201,NA,0
665,4,149,NA,NA,NA,0
666,4,149,NA,NA,NA,0
667,4,149,NA,NA,NA,0
668,4,149,NA,NA,NA,0
669,5,150,NA,NA,NA,0
670,5,150,NA,NA,NA,0
671,5,150,NA,NA,NA,0
672,5,150,NA,NA,NA,0
673,5,150,NA,NA,NA,0
674,5,151,NA,NA,NA,0
675,5,151,NA,NA,NA,0
676,5,151,NA,NA,NA,0
677,5,151,NA,NA,NA,0
678,5,151,NA,NA,NA,0
679,4,152,NA,NA,NA,0
680,4,152,NA,NA,NA,0
681,4,152,NA,NA,NA,0
682,4,152,NA,NA,NA,0
683,4,153,NA,NA,NA,0
684,4,153,NA,NA,NA,0
685,4,153,NA,NA,NA,0
686,4,153,NA,NA,NA,0
687,5,154,NA,NA,NA,0
688,5,154,NA,NA,NA,0
689,5,154,NA,NA,NA,0
690,5,154,NA,NA,NA,0
691,5,154,NA,NA,NA,0
692,6,155,NA,NA,NA,0
693,6,155,NA,NA,NA,0
694,6,155,NA,NA,NA,0
695,6,155,NA,NA,NA,0
696,6,155,NA,NA,NA,0
697,6,155,NA,NA,NA,0
698,6,156,NA,NA,NA,0
699,6,156,NA,NA,NA,0
700,6,156,"E",150,NA,0
701,6,156,NA,NA,NA,0
702,6,156,NA,NA,NA,0
703,6,156,NA,NA,NA,0
704,6,157,NA,NA,NA,0
705,6,157,NA,NA,NA,0
706,6,157,NA,NA,NA,0
707,6,157,"E",96,NA,0
708,6,157,NA,NA,NA,0
709,6,157,NA,NA,NA,0
710,4,158,NA,NA,NA,0
711,4,158,NA,NA,NA,0
712,4,158,NA,NA,NA,0
713,4,158,"E",144,NA,0
714,6,159,NA,NA,NA,0
715,6,159,NA,NA,NA,0
716,6,159,"E",293,NA,0
717,6,159,NA,NA,NA,0
718,6,159,NA,NA,NA,0
719,6,159,NA,NA,NA,0
720,6,160,NA,NA,NA,0
721,6,160,NA,NA,NA,0
722,6,160,NA,NA,NA,0
723,6,160,NA,NA,NA,0
724,6,160,NA,NA,NA,0
725,6,160,NA,NA,NA,0
726,3,161,NA,NA,NA,0
727,3,161,NA,NA,NA,0
728,3,161,NA,NA,NA,0
729,3,162,NA,NA,NA,0
730,3,162,NA,NA,NA,0
731,3,162,"E",184,NA,0
732,4,163,NA,NA,NA,0
733,4,163,NA,NA,NA,0
734,4,163,"E",106,NA,0
735,4,163,NA,NA,NA,0
736,6,164,NA,NA,NA,0
737,6,164,"E",273,NA,0
738,6,164,NA,NA,NA,0
739,6,164,NA,NA,NA,0
740,6,164,NA,NA,NA,0
741,6,164,NA,NA,NA,0
742,3,165,NA,NA,NA,0
743,3,165,NA,NA,NA,0
744,3,165,"E",NA,NA,0
745,4,166,NA,NA,NA,0
746,4,166,NA,NA,NA,0
747,4,166,NA,NA,NA,0
748,4,166,NA,NA,NA,0
749,4,167,"E",182,NA,0
750,4,167,NA,NA,NA,0
751,4,167,NA,NA,NA,0
752,4,167,NA,NA,NA,0
753,5,168,NA,NA,NA,0
754,5,168,NA,NA,NA,0
755,5,168,NA,NA,NA,0
756,5,168,NA,NA,NA,0
757,5,168,"E",191,NA,0
758,4,169,NA,NA,NA,0
759,4,169,NA,NA,NA,0
760,4,169,NA,NA,NA,0
761,4,169,NA,NA,NA,0
762,6,170,"E",130,NA,0
763,6,170,NA,NA,NA,0
764,6,170,NA,NA,NA,0
765,6,170,NA,NA,NA,0
766,6,170,NA,NA,NA,0
767,6,170,NA,NA,NA,0
768,6,171,NA,NA,NA,0
769,6,171,NA,NA,NA,0
770,6,171,NA,NA,NA,0
771,6,171,NA,NA,NA,0
772,6,171,NA,NA,NA,0
773,6,171,NA,NA,NA,0
774,5,172,NA,NA,NA,0
775,5,172,NA,NA,NA,0
776,5,172,NA,NA,NA,0
777,5,172,NA,NA,NA,0
778,5,172,NA,NA,NA,0
779,5,173,NA,NA,NA,0
780,5,173,NA,NA,NA,0
781,5,173,NA,NA,NA,0
782,5,173,"E",179,NA,0
783,5,173,NA,NA,NA,0
784,3,174,NA,NA,NA,0
785,3,174,NA,NA,NA,0
786,3,174,"E",122,NA,0
787,4,175,NA,NA,NA,0
788,4,175,NA,NA,NA,0
789,4,175,NA,NA,NA,0
790,4,175,NA,NA,NA,0
791,5,176,NA,NA,NA,0
792,5,176,NA,NA,NA,0
793,5,176,NA,NA,NA,0
794,5,176,NA,NA,NA,0
795,5,176,NA,NA,NA,0
796,3,177,NA,NA,NA,0
797,3,177,NA,NA,NA,0
798,3,177,NA,NA,NA,0
799,3,178,NA,NA,NA,0
800,3,178,NA,NA,NA,0
801,3,178,NA,NA,NA,0
802,4,179,NA,NA,NA,0
803,4,179,NA,NA,NA,0
804,4,179,NA,NA,NA,0
805,4,179,NA,NA,NA,0
806,3,180,NA,NA,NA,0
807,3,180,NA,NA,NA,0
808,3,180,NA,NA,NA,0
809,5,181,NA,NA,NA,0
810,5,181,NA,NA,NA,0
811,5,181,"E",242,NA,0
812,5,181,NA,NA,NA,0
813,5,181,NA,NA,NA,0
814,4,182,NA,NA,NA,0
815,4,182,NA,NA,NA,0
816,4,182,NA,NA,NA,0
817,4,182,"E",26,NA,0
818,6,183,NA,NA,NA,0
819,6,183,NA,NA,NA,0
820,6,183,NA,NA,NA,0
821,6,183,"E",38,NA,0
822,6,183,NA,NA,NA,0
823,6,183,NA,NA,NA,0
824,4,184,NA,NA,NA,0
825,4,184,NA,NA,NA,0
826,4,184,NA,NA,NA,0
827,4,184,NA,NA,NA,0
828,6,185,NA,NA,NA,0
829,6,185,NA,NA,NA,0
830,6,185,NA,NA,NA,0
831,6,185,NA,NA,NA,0
832,6,185,NA,NA,NA,0
833,6,185,"E",338,NA,0
834,4,186,NA,NA,NA,0
835,4,186,NA,NA,NA,0
836,4,186,NA,NA,NA,0
837,4,186,NA,NA,NA,0
838,3,187,NA,NA,NA,0
839,3,187,NA,NA,NA,0
840,3,187,NA,NA,NA,0
841,5,188,"E",75,NA,0
842,5,188,NA,NA,NA,0
843,5,188,NA,NA,NA,0
844,5,188,"E",119,NA,0
845,5,188,NA,NA,NA,0
846,4,189,NA,NA,NA,0
847,4,189,NA,NA,NA,0
848,4,189,NA,NA,NA,0
849,4,189,NA,NA,NA,0
850,3,190,NA,NA,NA,0
851,3,190,NA,NA,NA,0
852,3,190,NA,NA,NA,0
853,5,191,NA,NA,NA,0
854,5,191,NA,NA,NA,0
855,5,191,NA,NA,NA,0
856,5,191,NA,NA,NA,0
857,5,191,NA,NA,NA,0
858,4,192,NA,NA,NA,0
859,4,192,NA,NA,NA,0
860,4,192,NA,NA,NA,0
861,4,192,"E",49,NA,0
862,6,193,NA,NA,NA,0
863,6,193,NA,NA,NA,0
864,6,193,NA,NA,NA,0
865,6,193,NA,NA,NA,0
866,6,193,NA,NA,NA,0
867,6,193,NA,NA,NA,0
868,5,194,"E",NA,NA,0
869,5,194,NA,NA,NA,0
870,5,194,NA,NA,NA,0
871,5,194,NA,NA,NA,0
872,5,194,NA,NA,NA,0
873,4,195,NA,NA,NA,0
874,4,195,NA,NA,NA,0
875,4,195,NA,NA,NA,0
876,4,195,"E",85,NA,0
877,6,196,"E",96,NA,0
878,6,196,NA,NA,NA,0
879,6,196,NA,NA,NA,0
880,6,196,NA,NA,NA,0
881,6,196,NA,NA,NA,0
882,6,196,NA,NA,NA,0
883,5,197,NA,NA,NA,0
884,5,197,NA,NA,NA,0
885,5,197,NA,NA,NA,0
886,5,197,NA,NA,NA,0
887,5,197,"E",197,NA,0
888,3,198,NA,NA,NA,0
889,3,198,NA,NA,NA,0
890,3,198,NA,NA,NA,0
891,5,199,NA,NA,NA,0
892,5,199,NA,NA,NA,0
893,5,199,NA,NA,NA,0
894,5,199,"E",76,NA,0
895,5,199,"E",274,NA,0
896,6,200,NA,NA,NA,0
897,6,200,NA,NA,NA,0
898,6,200,NA,NA,NA,0
899,6,200,NA,NA,NA,0
900,6,200,NA,NA,NA,0
901,6,200,NA,NA,NA,0
902,6,201,NA,NA,NA,0
903,6,201,NA,NA,NA,0
904,6,201,NA,NA,NA,0
905,6,201,NA,NA,NA,0
906,6,201,"E",NA,NA,0
907,6,201,NA,NA,NA,0
908,6,202,NA,NA,NA,0
909,6,202,NA,NA,NA,0
910,6,202,NA,NA,NA,0
911,6,202,NA,NA,NA,0
912,6,202,NA,NA,NA,0
913,6,202,NA,NA,NA,0
914,6,203,NA,NA,NA,0
915,6,203,"E",257,NA,0
916,6,203,NA,NA,NA,0
917,6,203,"E",114,NA,0
918,6,203,NA,NA,NA,0
919,6,203,NA,NA,NA,0
920,6,204,NA,NA,NA,0
921,6,204,NA,NA,NA,0
922,6,204,NA,NA,NA,0
923,6,204,"E",91,NA,0
924,6,204,NA,NA,NA,0
925,6,204,NA,NA,NA,0
926,3,205,NA,NA,NA,0
927,3,205,NA,NA,NA,0
928,3,205,NA,NA,NA,0
929,3,206,"E",41,NA,0
930,3,206,"E",345,NA,0
931,3,206,NA,NA,NA,0
932,4,207,NA,NA,NA,0
933,4,207,NA,NA,NA,0
934,4,207,NA,NA,NA,0
935,4,207,NA,NA,NA,0
936,3,208,NA,NA,NA,0
937,3,208,NA,NA,NA,0
938,3,208,NA,NA,NA,0
939,4,209,"E",90,NA,0
940,4,209,NA,NA,NA,0
941,4,209,NA,NA,NA,0
942,4,209,NA,NA,NA,0
943,5,210,NA,NA,NA,0
944,5,210,NA,NA,NA,0
945,5,210,NA,NA,NA,0
946,5,210,NA,NA,NA,0
947,5,210,NA,NA,NA,0
948,5,211,NA,NA,NA,0
949,5,211,NA,NA,NA,0
950,5,211,NA,NA,NA,0
951,5,211,NA,NA,NA,0
952,5,211,NA,NA,NA,0
953,4,212,NA,NA,NA,0
954,4,212,NA,NA,NA,0
955,4,212,NA,NA,NA,0
956,4,212,NA,NA,NA,0
957,6,213,NA,NA,NA,0
958,6,213,NA,NA,NA,0
959,6,213,NA,NA,NA,0
960,6,213,"E",193,NA,0
961,6,213,"E",320,NA,0
962,6,213,NA,NA,NA,0
963,5,214,NA,NA,NA,0
964,5,214,NA,NA,NA,0
965,5,214,"E",224,NA,0
966,5,214,NA,NA,NA,0
967,5,214,NA,NA,NA,0
968,6,215,NA,NA,NA,0
969,6,215,"E",255,NA,0
970,6,215,NA,NA,NA,0
971,6,215,NA,NA,NA,0
972,6,215,NA,NA,NA,0
973,6,215,NA,NA,NA,0
974,6,216,NA,NA,NA,0
975,6,216,NA,NA,NA,0
976,6,216,NA,NA,NA,0
977,6,216,NA,NA,NA,0
978,6,216,"E",83,NA,0
979,6,216,NA,NA,NA,0
980,4,217,NA,NA,NA,0
981,4,217,NA,NA,NA,0
982,4,217,NA,NA,NA,0
983,4,217,NA,NA,NA,0
984,4,218,NA,NA,NA,0
985,4,218,"E",315,NA,0
986,4,218,NA,NA,NA,0
987,4,218,NA,NA,NA,0
988,3,219,NA,NA,NA,0
989,3,219,NA,NA,NA,0
990,3,219,NA,NA,NA,0
991,3,220,NA,NA,NA,0
992,3,220,"E",197,NA,0
993,3,220,NA,NA,NA,0
994,3,221,NA,NA,NA,0
995,3,221,NA,NA,NA,0
996,3,221,"E",41,NA,0
997,4,222,NA,NA,NA,0
998,4,222,NA,NA,NA,0
999,4,222,NA,NA,NA,0
1000,4,222,NA,NA,NA,0
