"ID","SIZE","HH","TYPE","TIME","S_NUM","I_NUM"
1,6,1,NA,NA,NA,0
2,6,1,NA,NA,NA,0
3,6,1,NA,NA,NA,0
4,6,1,NA,NA,NA,0
5,6,1,NA,NA,NA,0
6,6,1,NA,NA,NA,0
7,4,2,NA,NA,NA,0
8,4,2,"E",170,NA,0
9,4,2,NA,NA,NA,0
10,4,2,NA,NA,NA,0
11,4,3,NA,NA,NA,0
12,4,3,NA,NA,NA,0
13,4,3,NA,NA,NA,0
14,4,3,"E",48,NA,0
15,6,4,NA,NA,NA,0
16,6,4,NA,NA,NA,0
17,6,4,"E",296,NA,0
18,6,4,NA,NA,NA,0
19,6,4,NA,NA,NA,0
20,6,4,NA,NA,NA,0
21,3,5,NA,NA,NA,0
22,3,5,NA,NA,NA,0
23,3,5,NA,NA,NA,0
24,3,6,NA,NA,NA,0
25,3,6,NA,NA,NA,0
26,3,6,NA,NA,NA,0
27,6,7,NA,NA,NA,0
28,6,7,"E",256,NA,0
29,6,7,NA,NA,NA,0
30,6,7,NA,NA,NA,0
31,6,7,NA,NA,NA,0
32,6,7,NA,NA,NA,0
33,5,8,NA,NA,NA,0
34,5,8,NA,NA,NA,0
35,5,8,NA,NA,NA,0
36,5,8,"E",192,NA,0
37,5,8,NA,NA,NA,0
38,3,9,NA,NA,NA,0
39,3,9,NA,NA,NA,0
40,3,9,NA,NA,NA,0
41,6,10,NA,NA,NA,0
42,6,10,NA,NA,NA,0
43,6,10,NA,NA,NA,0
44,6,10,NA,NA,NA,0
45,6,10,"E",235,NA,0
46,6,10,NA,NA,NA,0
47,6,11,NA,NA,NA,0
48,6,11,NA,NA,NA,0
49,6,11,NA,NA,NA,0
50,6,11,NA,NA,NA,0
51,6,11,NA,NA,NA,0
52,6,11,NA,NA,NA,0
53,3,12,NA,NA,NA,0
54,3,12,NA,NA,NA,0
55,3,12,NA,NA,NA,0
56,4,13,"E",283,NA,0
57,4,13,NA,NA,NA,0
58,4,13,NA,NA,NA,0
59,4,13,NA,NA,NA,0
60,6,14,NA,NA,NA,0
61,6,14,NA,NA,NA,0
62,6,14,"E",124,NA,0
63,6,14,NA,NA,NA,0
64,6,14,NA,NA,NA,0
65,6,14,"E",24,NA,0
66,6,15,NA,NA,NA,0
67,6,15,NA,NA,NA,0
68,6,15,NA,NA,NA,0
69,6,15,NA,NA,NA,0
70,6,15,NA,NA,NA,0
71,6,15,"E",125,NA,0
72,5,16,NA,NA,NA,0
73,5,16,NA,NA,NA,0
74,5,16,NA,NA,NA,0
75,5,16,NA,NA,NA,0
76,5,16,NA,NA,NA,0
77,4,17,NA,NA,NA,0
78,4,17,NA,NA,NA,0
79,4,17,"E",177,NA,0
80,4,17,NA,NA,NA,0
81,5,18,NA,NA,NA,0
82,5,18,NA,NA,NA,0
83,5,18,NA,NA,NA,0
84,5,18,NA,NA,NA,0
85,5,18,NA,NA,NA,0
86,3,19,NA,NA,NA,0
87,3,19,NA,NA,NA,0
88,3,19,NA,NA,NA,0
89,5,20,NA,NA,NA,0
90,5,20,"E",124,NA,0
91,5,20,NA,NA,NA,0
92,5,20,NA,NA,NA,0
93,5,20,NA,NA,NA,0
94,4,21,NA,NA,NA,0
95,4,21,NA,NA,NA,0
96,4,21,NA,NA,NA,0
97,4,21,"E",172,NA,0
98,4,22,NA,NA,NA,0
99,4,22,NA,NA,NA,0
100,4,22,NA,NA,NA,0
101,4,22,"E",236,NA,0
102,6,23,NA,NA,NA,0
103,6,23,NA,NA,NA,0
104,6,23,NA,NA,NA,0
105,6,23,NA,NA,NA,0
106,6,23,NA,NA,NA,0
107,6,23,NA,NA,NA,0
108,3,24,NA,NA,NA,0
109,3,24,NA,NA,NA,0
110,3,24,NA,NA,NA,0
111,3,25,"E",326,NA,0
112,3,25,NA,NA,NA,0
113,3,25,NA,NA,NA,0
114,3,26,NA,NA,NA,0
115,3,26,NA,NA,NA,0
116,3,26,NA,NA,NA,0
117,5,27,NA,NA,NA,0
118,5,27,NA,NA,NA,0
119,5,27,NA,NA,NA,0
120,5,27,NA,NA,NA,0
121,5,27,NA,NA,NA,0
122,4,28,NA,NA,NA,0
123,4,28,NA,NA,NA,0
124,4,28,NA,NA,NA,0
125,4,28,NA,NA,NA,0
126,3,29,NA,NA,NA,0
127,3,29,NA,NA,NA,0
128,3,29,NA,NA,NA,0
129,5,30,NA,NA,NA,0
130,5,30,NA,NA,NA,0
131,5,30,NA,NA,NA,0
132,5,30,NA,NA,NA,0
133,5,30,NA,NA,NA,0
134,4,31,NA,NA,NA,0
135,4,31,NA,NA,NA,0
136,4,31,"E",153,NA,0
137,4,31,NA,NA,NA,0
138,3,32,NA,NA,NA,0
139,3,32,"E",268,NA,0
140,3,32,NA,NA,NA,0
141,6,33,NA,NA,NA,0
142,6,33,"E",80,NA,0
143,6,33,NA,NA,NA,0
144,6,33,NA,NA,NA,0
145,6,33,"E",158,NA,0
146,6,33,NA,NA,NA,0
147,4,34,"E",24,NA,0
148,4,34,NA,NA,NA,0
149,4,34,NA,NA,NA,0
150,4,34,NA,NA,NA,0
151,3,35,NA,NA,NA,0
152,3,35,NA,NA,NA,0
153,3,35,NA,NA,NA,0
154,3,36,NA,NA,NA,0
155,3,36,NA,NA,NA,0
156,3,36,NA,NA,NA,0
157,5,37,NA,NA,NA,0
158,5,37,NA,NA,NA,0
159,5,37,NA,NA,NA,0
160,5,37,NA,NA,NA,0
161,5,37,NA,NA,NA,0
162,3,38,NA,NA,NA,0
163,3,38,NA,NA,NA,0
164,3,38,NA,NA,NA,0
165,3,39,NA,NA,NA,0
166,3,39,NA,NA,NA,0
167,3,39,NA,NA,NA,0
168,3,40,NA,NA,NA,0
169,3,40,NA,NA,NA,0
170,3,40,NA,NA,NA,0
171,4,41,NA,NA,NA,0
172,4,41,NA,NA,NA,0
173,4,41,NA,NA,NA,0
174,4,41,NA,NA,NA,0
175,6,42,NA,NA,NA,0
176,6,42,NA,NA,NA,0
177,6,42,NA,NA,NA,0
178,6,42,NA,NA,NA,0
179,6,42,NA,NA,NA,0
180,6,42,NA,NA,NA,0
181,5,43,NA,NA,NA,0
182,5,43,NA,NA,NA,0
183,5,43,NA,NA,NA,0
184,5,43,NA,NA,NA,0
185,5,43,NA,NA,NA,0
186,5,44,NA,NA,NA,0
187,5,44,NA,NA,NA,0
188,5,44,NA,NA,NA,0
189,5,44,"E",315,NA,0
190,5,44,NA,NA,NA,0
191,3,45,NA,NA,NA,0
192,3,45,NA,NA,NA,0
193,3,45,NA,NA,NA,0
194,3,46,NA,NA,NA,0
195,3,46,NA,NA,NA,0
196,3,46,NA,NA,NA,0
197,4,47,"E",175,NA,0
198,4,47,NA,NA,NA,0
199,4,47,NA,NA,NA,0
200,4,47,NA,NA,NA,0
201,5,48,NA,NA,NA,0
202,5,48,NA,NA,NA,0
203,5,48,NA,NA,NA,0
204,5,48,NA,NA,NA,0
205,5,48,NA,NA,NA,0
206,3,49,NA,NA,NA,0
207,3,49,NA,NA,NA,0
208,3,49,NA,NA,NA,0
209,6,50,NA,NA,NA,0
210,6,50,NA,NA,NA,0
211,6,50,NA,NA,NA,0
212,6,50,NA,NA,NA,0
213,6,50,NA,NA,NA,0
214,6,50,NA,NA,NA,0
215,5,51,NA,NA,NA,0
216,5,51,"E",15,NA,0
217,5,51,NA,NA,NA,0
218,5,51,"E",88,NA,0
219,5,51,NA,NA,NA,0
220,6,52,NA,NA,NA,0
221,6,52,NA,NA,NA,0
222,6,52,NA,NA,NA,0
223,6,52,"E",246,NA,0
224,6,52,NA,NA,NA,0
225,6,52,NA,NA,NA,0
226,5,53,NA,NA,NA,0
227,5,53,NA,NA,NA,0
228,5,53,"E",127,NA,0
229,5,53,NA,NA,NA,0
230,5,53,"E",125,NA,0
231,5,54,NA,NA,NA,0
232,5,54,NA,NA,NA,0
233,5,54,NA,NA,NA,0
234,5,54,NA,NA,NA,0
235,5,54,NA,NA,NA,0
236,4,55,NA,NA,NA,0
237,4,55,NA,NA,NA,0
238,4,55,NA,NA,NA,0
239,4,55,NA,NA,NA,0
240,5,56,NA,NA,NA,0
241,5,56,NA,NA,NA,0
242,5,56,NA,NA,NA,0
243,5,56,"E",106,NA,0
244,5,56,"E",190,NA,0
245,5,57,NA,NA,NA,0
246,5,57,NA,NA,NA,0
247,5,57,NA,NA,NA,0
248,5,57,NA,NA,NA,0
249,5,57,NA,NA,NA,0
250,6,58,NA,NA,NA,0
251,6,58,NA,NA,NA,0
252,6,58,NA,NA,NA,0
253,6,58,NA,NA,NA,0
254,6,58,NA,NA,NA,0
255,6,58,NA,NA,NA,0
256,5,59,NA,NA,NA,0
257,5,59,NA,NA,NA,0
258,5,59,NA,NA,NA,0
259,5,59,"E",144,NA,0
260,5,59,"E",153,NA,0
261,6,60,NA,NA,NA,0
262,6,60,NA,NA,NA,0
263,6,60,NA,NA,NA,0
264,6,60,NA,NA,NA,0
265,6,60,NA,NA,NA,0
266,6,60,NA,NA,NA,0
267,6,61,NA,NA,NA,0
268,6,61,NA,NA,NA,0
269,6,61,NA,NA,NA,0
270,6,61,NA,NA,NA,0
271,6,61,NA,NA,NA,0
272,6,61,NA,NA,NA,0
273,5,62,NA,NA,NA,0
274,5,62,NA,NA,NA,0
275,5,62,NA,NA,NA,0
276,5,62,NA,NA,NA,0
277,5,62,"E",293,NA,0
278,3,63,NA,NA,NA,0
279,3,63,"E",70,NA,0
280,3,63,NA,NA,NA,0
281,6,64,"E",244,NA,0
282,6,64,NA,NA,NA,0
283,6,64,NA,NA,NA,0
284,6,64,NA,NA,NA,0
285,6,64,NA,NA,NA,0
286,6,64,NA,NA,NA,0
287,6,65,NA,NA,NA,0
288,6,65,NA,NA,NA,0
289,6,65,NA,NA,NA,0
290,6,65,NA,NA,NA,0
291,6,65,NA,NA,NA,0
292,6,65,NA,NA,NA,0
293,5,66,NA,NA,NA,0
294,5,66,NA,NA,NA,0
295,5,66,NA,NA,NA,0
296,5,66,NA,NA,NA,0
297,5,66,NA,NA,NA,0
298,3,67,NA,NA,NA,0
299,3,67,NA,NA,NA,0
300,3,67,NA,NA,NA,0
301,5,68,NA,NA,NA,0
302,5,68,NA,NA,NA,0
303,5,68,NA,NA,NA,0
304,5,68,NA,NA,NA,0
305,5,68,NA,NA,NA,0
306,3,69,NA,NA,NA,0
307,3,69,NA,NA,NA,0
308,3,69,"E",176,NA,0
309,4,70,NA,NA,NA,0
310,4,70,NA,NA,NA,0
311,4,70,NA,NA,NA,0
312,4,70,NA,NA,NA,0
313,6,71,NA,NA,NA,0
314,6,71,NA,NA,NA,0
315,6,71,NA,NA,NA,0
316,6,71,NA,NA,NA,0
317,6,71,NA,NA,NA,0
318,6,71,NA,NA,NA,0
319,5,72,NA,NA,NA,0
320,5,72,NA,NA,NA,0
321,5,72,NA,NA,NA,0
322,5,72,NA,NA,NA,0
323,5,72,NA,NA,NA,0
324,3,73,NA,NA,NA,0
325,3,73,NA,NA,NA,0
326,3,73,"E",71,NA,0
327,5,74,NA,NA,NA,0
328,5,74,NA,NA,NA,0
329,5,74,NA,NA,NA,0
330,5,74,NA,NA,NA,0
331,5,74,"E",49,NA,0
332,3,75,NA,NA,NA,0
333,3,75,NA,NA,NA,0
334,3,75,NA,NA,NA,0
335,3,76,NA,NA,NA,0
336,3,76,NA,NA,NA,0
337,3,76,NA,NA,NA,0
338,6,77,NA,NA,NA,0
339,6,77,NA,NA,NA,0
340,6,77,NA,NA,NA,0
341,6,77,NA,NA,NA,0
342,6,77,NA,NA,NA,0
343,6,77,NA,NA,NA,0
344,6,78,NA,NA,NA,0
345,6,78,NA,NA,NA,0
346,6,78,NA,NA,NA,0
347,6,78,"E",214,NA,0
348,6,78,"E",351,NA,0
349,6,78,NA,NA,NA,0
350,5,79,NA,NA,NA,0
351,5,79,NA,NA,NA,0
352,5,79,"E",266,NA,0
353,5,79,NA,NA,NA,0
354,5,79,NA,NA,NA,0
355,6,80,NA,NA,NA,0
356,6,80,NA,NA,NA,0
357,6,80,NA,NA,NA,0
358,6,80,NA,NA,NA,0
359,6,80,NA,NA,NA,0
360,6,80,NA,NA,NA,0
361,3,81,NA,NA,NA,0
362,3,81,"E",319,NA,0
363,3,81,NA,NA,NA,0
364,6,82,NA,NA,NA,0
365,6,82,NA,NA,NA,0
366,6,82,NA,NA,NA,0
367,6,82,NA,NA,NA,0
368,6,82,NA,NA,NA,0
369,6,82,NA,NA,NA,0
370,5,83,NA,NA,NA,0
371,5,83,NA,NA,NA,0
372,5,83,NA,NA,NA,0
373,5,83,NA,NA,NA,0
374,5,83,NA,NA,NA,0
375,6,84,NA,NA,NA,0
376,6,84,NA,NA,NA,0
377,6,84,NA,NA,NA,0
378,6,84,NA,NA,NA,0
379,6,84,NA,NA,NA,0
380,6,84,NA,NA,NA,0
381,3,85,NA,NA,NA,0
382,3,85,"E",159,NA,0
383,3,85,NA,NA,NA,0
384,6,86,NA,NA,NA,0
385,6,86,NA,NA,NA,0
386,6,86,NA,NA,NA,0
387,6,86,"E",264,NA,0
388,6,86,"E",65,NA,0
389,6,86,NA,NA,NA,0
390,6,87,NA,NA,NA,0
391,6,87,NA,NA,NA,0
392,6,87,NA,NA,NA,0
393,6,87,NA,NA,NA,0
394,6,87,NA,NA,NA,0
395,6,87,"E",68,NA,0
396,5,88,"E",242,NA,0
397,5,88,NA,NA,NA,0
398,5,88,NA,NA,NA,0
399,5,88,NA,NA,NA,0
400,5,88,NA,NA,NA,0
401,5,89,NA,NA,NA,0
402,5,89,NA,NA,NA,0
403,5,89,NA,NA,NA,0
404,5,89,NA,NA,NA,0
405,5,89,NA,NA,NA,0
406,3,90,NA,NA,NA,0
407,3,90,NA,NA,NA,0
408,3,90,NA,NA,NA,0
409,3,91,NA,NA,NA,0
410,3,91,NA,NA,NA,0
411,3,91,"E",NA,NA,0
412,4,92,NA,NA,NA,0
413,4,92,NA,NA,NA,0
414,4,92,NA,NA,NA,0
415,4,92,NA,NA,NA,0
416,6,93,NA,NA,NA,0
417,6,93,NA,NA,NA,0
418,6,93,NA,NA,NA,0
419,6,93,NA,NA,NA,0
420,6,93,NA,NA,NA,0
421,6,93,NA,NA,NA,0
422,3,94,NA,NA,NA,0
423,3,94,NA,NA,NA,0
424,3,94,NA,NA,NA,0
425,6,95,NA,NA,NA,0
426,6,95,NA,NA,NA,0
427,6,95,NA,NA,NA,0
428,6,95,NA,NA,NA,0
429,6,95,NA,NA,NA,0
430,6,95,NA,NA,NA,0
431,6,96,NA,NA,NA,0
432,6,96,NA,NA,NA,0
433,6,96,NA,NA,NA,0
434,6,96,NA,NA,NA,0
435,6,96,NA,NA,NA,0
436,6,96,NA,NA,NA,0
437,6,97,NA,NA,NA,0
438,6,97,NA,NA,NA,0
439,6,97,NA,NA,NA,0
440,6,97,NA,NA,NA,0
441,6,97,NA,NA,NA,0
442,6,97,NA,NA,NA,0
443,3,98,"E",249,NA,0
444,3,98,NA,NA,NA,0
445,3,98,NA,NA,NA,0
446,3,99,NA,NA,NA,0
447,3,99,NA,NA,NA,0
448,3,99,NA,NA,NA,0
449,4,100,NA,NA,NA,0
450,4,100,NA,NA,NA,0
451,4,100,NA,NA,NA,0
452,4,100,NA,NA,NA,0
453,6,101,NA,NA,NA,0
454,6,101,NA,NA,NA,0
455,6,101,NA,NA,NA,0
456,6,101,NA,NA,NA,0
457,6,101,NA,NA,NA,0
458,6,101,NA,NA,NA,0
459,5,102,NA,NA,NA,0
460,5,102,NA,NA,NA,0
461,5,102,NA,NA,NA,0
462,5,102,NA,NA,NA,0
463,5,102,"E",139,NA,0
464,4,103,NA,NA,NA,0
465,4,103,NA,NA,NA,0
466,4,103,NA,NA,NA,0
467,4,103,NA,NA,NA,0
468,3,104,NA,NA,NA,0
469,3,104,NA,NA,NA,0
470,3,104,NA,NA,NA,0
471,6,105,NA,NA,NA,0
472,6,105,NA,NA,NA,0
473,6,105,NA,NA,NA,0
474,6,105,NA,NA,NA,0
475,6,105,NA,NA,NA,0
476,6,105,NA,NA,NA,0
477,4,106,NA,NA,NA,0
478,4,106,NA,NA,NA,0
479,4,106,NA,NA,NA,0
480,4,106,NA,NA,NA,0
481,4,107,NA,NA,NA,0
482,4,107,"E",NA,NA,0
483,4,107,NA,NA,NA,0
484,4,107,NA,NA,NA,0
485,6,108,NA,NA,NA,0
486,6,108,NA,NA,NA,0
487,6,108,NA,NA,NA,0
488,6,108,NA,NA,NA,0
489,6,108,NA,NA,NA,0
490,6,108,NA,NA,NA,0
491,4,109,NA,NA,NA,0
492,4,109,"E",260,NA,0
493,4,109,NA,NA,NA,0
494,4,109,NA,NA,NA,0
495,5,110,NA,NA,NA,0
496,5,110,NA,NA,NA,0
497,5,110,NA,NA,NA,0
498,5,110,NA,NA,NA,0
499,5,110,NA,NA,NA,0
500,4,111,NA,NA,NA,0
501,4,111,NA,NA,NA,0
502,4,111,NA,NA,NA,0
503,4,111,NA,NA,NA,0
504,5,112,NA,NA,NA,0
505,5,112,NA,NA,NA,0
506,5,112,NA,NA,NA,0
507,5,112,"E",24,NA,0
508,5,112,NA,NA,NA,0
509,4,113,"E",88,NA,0
510,4,113,NA,NA,NA,0
511,4,113,NA,NA,NA,0
512,4,113,NA,NA,NA,0
513,4,114,"E",52,NA,0
514,4,114,"E",348,NA,0
515,4,114,NA,NA,NA,0
516,4,114,NA,NA,NA,0
517,3,115,NA,NA,NA,0
518,3,115,NA,NA,NA,0
519,3,115,NA,NA,NA,0
520,4,116,NA,NA,NA,0
521,4,116,"E",291,NA,0
522,4,116,NA,NA,NA,0
523,4,116,NA,NA,NA,0
524,5,117,NA,NA,NA,0
525,5,117,NA,NA,NA,0
526,5,117,NA,NA,NA,0
527,5,117,NA,NA,NA,0
528,5,117,NA,NA,NA,0
529,6,118,NA,NA,NA,0
530,6,118,NA,NA,NA,0
531,6,118,NA,NA,NA,0
532,6,118,NA,NA,NA,0
533,6,118,NA,NA,NA,0
534,6,118,NA,NA,NA,0
535,3,119,NA,NA,NA,0
536,3,119,NA,NA,NA,0
537,3,119,NA,NA,NA,0
538,3,120,NA,NA,NA,0
539,3,120,NA,NA,NA,0
540,3,120,"E",277,NA,0
541,3,121,NA,NA,NA,0
542,3,121,NA,NA,NA,0
543,3,121,NA,NA,NA,0
544,5,122,NA,NA,NA,0
545,5,122,NA,NA,NA,0
546,5,122,NA,NA,NA,0
547,5,122,NA,NA,NA,0
548,5,122,NA,NA,NA,0
549,5,123,NA,NA,NA,0
550,5,123,"E",226,NA,0
551,5,123,NA,NA,NA,0
552,5,123,"E",219,NA,0
553,5,123,NA,NA,NA,0
554,4,124,NA,NA,NA,0
555,4,124,NA,NA,NA,0
556,4,124,NA,NA,NA,0
557,4,124,NA,NA,NA,0
558,4,125,"E",344,NA,0
559,4,125,NA,NA,NA,0
560,4,125,NA,NA,NA,0
561,4,125,NA,NA,NA,0
562,3,126,NA,NA,NA,0
563,3,126,"E",198,NA,0
564,3,126,NA,NA,NA,0
565,6,127,NA,NA,NA,0
566,6,127,NA,NA,NA,0
567,6,127,NA,NA,NA,0
568,6,127,"E",56,NA,0
569,6,127,NA,NA,NA,0
570,6,127,NA,NA,NA,0
571,3,128,NA,NA,NA,0
572,3,128,NA,NA,NA,0
573,3,128,NA,NA,NA,0
574,6,129,NA,NA,NA,0
575,6,129,"E",NA,NA,0
576,6,129,NA,NA,NA,0
577,6,129,NA,NA,NA,0
578,6,129,NA,NA,NA,0
579,6,129,NA,NA,NA,0
580,4,130,NA,NA,NA,0
581,4,130,NA,NA,NA,0
582,4,130,NA,NA,NA,0
583,4,130,NA,NA,NA,0
584,6,131,NA,NA,NA,0
585,6,131,NA,NA,NA,0
586,6,131,NA,NA,NA,0
587,6,131,NA,NA,NA,0
588,6,131,NA,NA,NA,0
589,6,131,NA,NA,NA,0
590,5,132,NA,NA,NA,0
591,5,132,NA,NA,NA,0
592,5,132,NA,NA,NA,0
593,5,132,"E",286,NA,0
594,5,132,NA,NA,NA,0
595,3,133,NA,NA,NA,0
596,3,133,"E",295,NA,0
597,3,133,NA,NA,NA,0
598,3,134,NA,NA,NA,0
599,3,134,NA,NA,NA,0
600,3,134,NA,NA,NA,0
601,5,135,NA,NA,NA,0
602,5,135,NA,NA,NA,0
603,5,135,NA,NA,NA,0
604,5,135,NA,NA,NA,0
605,5,135,NA,NA,NA,0
606,5,136,NA,NA,NA,0
607,5,136,"E",281,NA,0
608,5,136,NA,NA,NA,0
609,5,136,NA,NA,NA,0
610,5,136,NA,NA,NA,0
611,4,137,NA,NA,NA,0
612,4,137,NA,NA,NA,0
613,4,137,NA,NA,NA,0
614,4,137,NA,NA,NA,0
615,5,138,NA,NA,NA,0
616,5,138,NA,NA,NA,0
617,5,138,"E",161,NA,0
618,5,138,NA,NA,NA,0
619,5,138,NA,NA,NA,0
620,3,139,NA,NA,NA,0
621,3,139,NA,NA,NA,0
622,3,139,NA,NA,NA,0
623,4,140,NA,NA,NA,0
624,4,140,NA,NA,NA,0
625,4,140,NA,NA,NA,0
626,4,140,NA,NA,NA,0
627,5,141,NA,NA,NA,0
628,5,141,NA,NA,NA,0
629,5,141,NA,NA,NA,0
630,5,141,NA,NA,NA,0
631,5,141,NA,NA,NA,0
632,4,142,NA,NA,NA,0
633,4,142,NA,NA,NA,0
634,4,142,NA,NA,NA,0
635,4,142,NA,NA,NA,0
636,4,143,NA,NA,NA,0
637,4,143,NA,NA,NA,0
638,4,143,NA,NA,NA,0
639,4,143,NA,NA,NA,0
640,5,144,NA,NA,NA,0
641,5,144,"E",202,NA,0
642,5,144,NA,NA,NA,0
643,5,144,NA,NA,NA,0
644,5,144,NA,NA,NA,0
645,5,145,NA,NA,NA,0
646,5,145,NA,NA,NA,0
647,5,145,NA,NA,NA,0
648,5,145,NA,NA,NA,0
649,5,145,NA,NA,NA,0
650,3,146,NA,NA,NA,0
651,3,146,NA,NA,NA,0
652,3,146,"E",210,NA,0
653,6,147,NA,NA,NA,0
654,6,147,NA,NA,NA,0
655,6,147,NA,NA,NA,0
656,6,147,NA,NA,NA,0
657,6,147,NA,NA,NA,0
658,6,147,NA,NA,NA,0
659,5,148,"E",364,NA,0
660,5,148,NA,NA,NA,0
661,5,148,NA,NA,NA,0
662,5,148,NA,NA,NA,0
663,5,148,"E",184,NA,0
664,4,149,NA,NA,NA,0
665,4,149,NA,NA,NA,0
666,4,149,NA,NA,NA,0
667,4,149,NA,NA,NA,0
668,4,150,NA,NA,NA,0
669,4,150,NA,NA,NA,0
670,4,150,NA,NA,NA,0
671,4,150,NA,NA,NA,0
672,6,151,NA,NA,NA,0
673,6,151,"E",359,NA,0
674,6,151,NA,NA,NA,0
675,6,151,NA,NA,NA,0
676,6,151,NA,NA,NA,0
677,6,151,NA,NA,NA,0
678,4,152,NA,NA,NA,0
679,4,152,NA,NA,NA,0
680,4,152,NA,NA,NA,0
681,4,152,NA,NA,NA,0
682,6,153,NA,NA,NA,0
683,6,153,NA,NA,NA,0
684,6,153,NA,NA,NA,0
685,6,153,NA,NA,NA,0
686,6,153,NA,NA,NA,0
687,6,153,NA,NA,NA,0
688,3,154,NA,NA,NA,0
689,3,154,NA,NA,NA,0
690,3,154,NA,NA,NA,0
691,6,155,NA,NA,NA,0
692,6,155,NA,NA,NA,0
693,6,155,"E",208,NA,0
694,6,155,NA,NA,NA,0
695,6,155,NA,NA,NA,0
696,6,155,NA,NA,NA,0
697,6,156,NA,NA,NA,0
698,6,156,NA,NA,NA,0
699,6,156,"E",108,NA,0
700,6,156,"E",99,NA,0
701,6,156,NA,NA,NA,0
702,6,156,"E",40,NA,0
703,6,157,NA,NA,NA,0
704,6,157,NA,NA,NA,0
705,6,157,NA,NA,NA,0
706,6,157,NA,NA,NA,0
707,6,157,"E",219,NA,0
708,6,157,"E",NA,NA,0
709,5,158,NA,NA,NA,0
710,5,158,NA,NA,NA,0
711,5,158,NA,NA,NA,0
712,5,158,NA,NA,NA,0
713,5,158,NA,NA,NA,0
714,5,159,NA,NA,NA,0
715,5,159,"E",NA,NA,0
716,5,159,NA,NA,NA,0
717,5,159,NA,NA,NA,0
718,5,159,NA,NA,NA,0
719,6,160,NA,NA,NA,0
720,6,160,"E",322,NA,0
721,6,160,NA,NA,NA,0
722,6,160,NA,NA,NA,0
723,6,160,"E",319,NA,0
724,6,160,NA,NA,NA,0
725,5,161,"E",266,NA,0
726,5,161,NA,NA,NA,0
727,5,161,NA,NA,NA,0
728,5,161,NA,NA,NA,0
729,5,161,"E",318,NA,0
730,5,162,NA,NA,NA,0
731,5,162,NA,NA,NA,0
732,5,162,NA,NA,NA,0
733,5,162,"E",229,NA,0
734,5,162,NA,NA,NA,0
735,4,163,NA,NA,NA,0
736,4,163,NA,NA,NA,0
737,4,163,NA,NA,NA,0
738,4,163,NA,NA,NA,0
739,6,164,NA,NA,NA,0
740,6,164,NA,NA,NA,0
741,6,164,NA,NA,NA,0
742,6,164,NA,NA,NA,0
743,6,164,NA,NA,NA,0
744,6,164,NA,NA,NA,0
745,4,165,NA,NA,NA,0
746,4,165,NA,NA,NA,0
747,4,165,NA,NA,NA,0
748,4,165,NA,NA,NA,0
749,4,166,NA,NA,NA,0
750,4,166,NA,NA,NA,0
751,4,166,NA,NA,NA,0
752,4,166,NA,NA,NA,0
753,4,167,NA,NA,NA,0
754,4,167,"E",244,NA,0
755,4,167,NA,NA,NA,0
756,4,167,NA,NA,NA,0
757,5,168,NA,NA,NA,0
758,5,168,NA,NA,NA,0
759,5,168,NA,NA,NA,0
760,5,168,NA,NA,NA,0
761,5,168,NA,NA,NA,0
762,6,169,NA,NA,NA,0
763,6,169,NA,NA,NA,0
764,6,169,NA,NA,NA,0
765,6,169,"E",53,NA,0
766,6,169,"E",275,NA,0
767,6,169,NA,NA,NA,0
768,5,170,"E",158,NA,0
769,5,170,NA,NA,NA,0
770,5,170,NA,NA,NA,0
771,5,170,NA,NA,NA,0
772,5,170,NA,NA,NA,0
773,3,171,"E",190,NA,0
774,3,171,NA,NA,NA,0
775,3,171,NA,NA,NA,0
776,4,172,NA,NA,NA,0
777,4,172,NA,NA,NA,0
778,4,172,NA,NA,NA,0
779,4,172,NA,NA,NA,0
780,4,173,NA,NA,NA,0
781,4,173,NA,NA,NA,0
782,4,173,NA,NA,NA,0
783,4,173,NA,NA,NA,0
784,5,174,"E",316,NA,0
785,5,174,NA,NA,NA,0
786,5,174,NA,NA,NA,0
787,5,174,NA,NA,NA,0
788,5,174,NA,NA,NA,0
789,5,175,NA,NA,NA,0
790,5,175,NA,NA,NA,0
791,5,175,NA,NA,NA,0
792,5,175,NA,NA,NA,0
793,5,175,NA,NA,NA,0
794,4,176,NA,NA,NA,0
795,4,176,NA,NA,NA,0
796,4,176,NA,NA,NA,0
797,4,176,NA,NA,NA,0
798,5,177,NA,NA,NA,0
799,5,177,NA,NA,NA,0
800,5,177,NA,NA,NA,0
801,5,177,NA,NA,NA,0
802,5,177,NA,NA,NA,0
803,4,178,NA,NA,NA,0
804,4,178,"E",173,NA,0
805,4,178,NA,NA,NA,0
806,4,178,NA,NA,NA,0
807,3,179,NA,NA,NA,0
808,3,179,"E",66,NA,0
809,3,179,NA,NA,NA,0
810,4,180,NA,NA,NA,0
811,4,180,NA,NA,NA,0
812,4,180,NA,NA,NA,0
813,4,180,NA,NA,NA,0
814,6,181,NA,NA,NA,0
815,6,181,"E",NA,NA,0
816,6,181,"E",261,NA,0
817,6,181,NA,NA,NA,0
818,6,181,NA,NA,NA,0
819,6,181,NA,NA,NA,0
820,4,182,NA,NA,NA,0
821,4,182,NA,NA,NA,0
822,4,182,NA,NA,NA,0
823,4,182,NA,NA,NA,0
824,6,183,NA,NA,NA,0
825,6,183,NA,NA,NA,0
826,6,183,NA,NA,NA,0
827,6,183,NA,NA,NA,0
828,6,183,NA,NA,NA,0
829,6,183,NA,NA,NA,0
830,3,184,NA,NA,NA,0
831,3,184,NA,NA,NA,0
832,3,184,NA,NA,NA,0
833,3,185,NA,NA,NA,0
834,3,185,NA,NA,NA,0
835,3,185,NA,NA,NA,0
836,4,186,NA,NA,NA,0
837,4,186,NA,NA,NA,0
838,4,186,NA,NA,NA,0
839,4,186,NA,NA,NA,0
840,5,187,NA,NA,NA,0
841,5,187,NA,NA,NA,0
842,5,187,NA,NA,NA,0
843,5,187,NA,NA,NA,0
844,5,187,NA,NA,NA,0
845,4,188,NA,NA,NA,0
846,4,188,"E",127,NA,0
847,4,188,NA,NA,NA,0
848,4,188,NA,NA,NA,0
849,6,189,NA,NA,NA,0
850,6,189,NA,NA,NA,0
851,6,189,"E",54,NA,0
852,6,189,NA,NA,NA,0
853,6,189,NA,NA,NA,0
854,6,189,NA,NA,NA,0
855,5,190,NA,NA,NA,0
856,5,190,NA,NA,NA,0
857,5,190,NA,NA,NA,0
858,5,190,NA,NA,NA,0
859,5,190,NA,NA,NA,0
860,3,191,"E",214,NA,0
861,3,191,NA,NA,NA,0
862,3,191,NA,NA,NA,0
863,4,192,NA,NA,NA,0
864,4,192,NA,NA,NA,0
865,4,192,NA,NA,NA,0
866,4,192,"E",68,NA,0
867,3,193,NA,NA,NA,0
868,3,193,NA,NA,NA,0
869,3,193,NA,NA,NA,0
870,5,194,NA,NA,NA,0
871,5,194,NA,NA,NA,0
872,5,194,NA,NA,NA,0
873,5,194,NA,NA,NA,0
874,5,194,NA,NA,NA,0
875,6,195,NA,NA,NA,0
876,6,195,"E",353,NA,0
877,6,195,NA,NA,NA,0
878,6,195,NA,NA,NA,0
879,6,195,NA,NA,NA,0
880,6,195,NA,NA,NA,0
881,6,196,"E",45,NA,0
882,6,196,NA,NA,NA,0
883,6,196,NA,NA,NA,0
884,6,196,"E",239,NA,0
885,6,196,NA,NA,NA,0
886,6,196,NA,NA,NA,0
887,5,197,NA,NA,NA,0
888,5,197,NA,NA,NA,0
889,5,197,NA,NA,NA,0
890,5,197,NA,NA,NA,0
891,5,197,NA,NA,NA,0
892,5,198,NA,NA,NA,0
893,5,198,NA,NA,NA,0
894,5,198,NA,NA,NA,0
895,5,198,NA,NA,NA,0
896,5,198,NA,NA,NA,0
897,3,199,NA,NA,NA,0
898,3,199,NA,NA,NA,0
899,3,199,"E",NA,NA,0
900,3,200,NA,NA,NA,0
901,3,200,NA,NA,NA,0
902,3,200,"E",150,NA,0
903,6,201,"E",94,NA,0
904,6,201,NA,NA,NA,0
905,6,201,NA,NA,NA,0
906,6,201,NA,NA,NA,0
907,6,201,NA,NA,NA,0
908,6,201,NA,NA,NA,0
909,3,202,NA,NA,NA,0
910,3,202,NA,NA,NA,0
911,3,202,NA,NA,NA,0
912,4,203,NA,NA,NA,0
913,4,203,NA,NA,NA,0
914,4,203,NA,NA,NA,0
915,4,203,NA,NA,NA,0
916,6,204,NA,NA,NA,0
917,6,204,NA,NA,NA,0
918,6,204,"E",107,NA,0
919,6,204,NA,NA,NA,0
920,6,204,NA,NA,NA,0
921,6,204,NA,NA,NA,0
922,3,205,NA,NA,NA,0
923,3,205,NA,NA,NA,0
924,3,205,NA,NA,NA,0
925,4,206,NA,NA,NA,0
926,4,206,NA,NA,NA,0
927,4,206,NA,NA,NA,0
928,4,206,NA,NA,NA,0
929,3,207,NA,NA,NA,0
930,3,207,NA,NA,NA,0
931,3,207,NA,NA,NA,0
932,5,208,NA,NA,NA,0
933,5,208,NA,NA,NA,0
934,5,208,NA,NA,NA,0
935,5,208,NA,NA,NA,0
936,5,208,NA,NA,NA,0
937,3,209,NA,NA,NA,0
938,3,209,NA,NA,NA,0
939,3,209,NA,NA,NA,0
940,6,210,NA,NA,NA,0
941,6,210,NA,NA,NA,0
942,6,210,NA,NA,NA,0
943,6,210,NA,NA,NA,0
944,6,210,NA,NA,NA,0
945,6,210,NA,NA,NA,0
946,3,211,NA,NA,NA,0
947,3,211,NA,NA,NA,0
948,3,211,NA,NA,NA,0
949,6,212,NA,NA,NA,0
950,6,212,NA,NA,NA,0
951,6,212,NA,NA,NA,0
952,6,212,NA,NA,NA,0
953,6,212,NA,NA,NA,0
954,6,212,NA,NA,NA,0
955,5,213,"E",271,NA,0
956,5,213,NA,NA,NA,0
957,5,213,NA,NA,NA,0
958,5,213,NA,NA,NA,0
959,5,213,NA,NA,NA,0
960,6,214,NA,NA,NA,0
961,6,214,NA,NA,NA,0
962,6,214,"E",294,NA,0
963,6,214,NA,NA,NA,0
964,6,214,NA,NA,NA,0
965,6,214,NA,NA,NA,0
966,6,215,NA,NA,NA,0
967,6,215,NA,NA,NA,0
968,6,215,NA,NA,NA,0
969,6,215,NA,NA,NA,0
970,6,215,NA,NA,NA,0
971,6,215,"E",113,NA,0
972,5,216,NA,NA,NA,0
973,5,216,NA,NA,NA,0
974,5,216,"E",54,NA,0
975,5,216,NA,NA,NA,0
976,5,216,NA,NA,NA,0
977,5,217,NA,NA,NA,0
978,5,217,NA,NA,NA,0
979,5,217,NA,NA,NA,0
980,5,217,NA,NA,NA,0
981,5,217,NA,NA,NA,0
982,3,218,NA,NA,NA,0
983,3,218,NA,NA,NA,0
984,3,218,NA,NA,NA,0
985,5,219,NA,NA,NA,0
986,5,219,NA,NA,NA,0
987,5,219,NA,NA,NA,0
988,5,219,NA,NA,NA,0
989,5,219,NA,NA,NA,0
990,3,220,NA,NA,NA,0
991,3,220,NA,NA,NA,0
992,3,220,NA,NA,NA,0
993,5,221,NA,NA,NA,0
994,5,221,NA,NA,NA,0
995,5,221,NA,NA,NA,0
996,5,221,NA,NA,NA,0
997,5,221,NA,NA,NA,0
998,3,222,NA,NA,NA,0
999,3,222,NA,NA,NA,0
1000,3,222,NA,NA,NA,0
