"ID","SIZE","HH","TYPE","TIME","S_NUM","I_NUM"
1,6,1,NA,NA,NA,0
2,6,1,"E",270,NA,0
3,6,1,NA,NA,NA,0
4,6,1,NA,NA,NA,0
5,6,1,NA,NA,NA,0
6,6,1,NA,NA,NA,0
7,4,2,NA,NA,NA,0
8,4,2,NA,NA,NA,0
9,4,2,NA,NA,NA,0
10,4,2,NA,NA,NA,0
11,4,3,NA,NA,NA,0
12,4,3,NA,NA,NA,0
13,4,3,NA,NA,NA,0
14,4,3,NA,NA,NA,0
15,5,4,NA,NA,NA,0
16,5,4,NA,NA,NA,0
17,5,4,"E",143,NA,0
18,5,4,NA,NA,NA,0
19,5,4,NA,NA,NA,0
20,5,5,"E",152,NA,0
21,5,5,NA,NA,NA,0
22,5,5,NA,NA,NA,0
23,5,5,NA,NA,NA,0
24,5,5,NA,NA,NA,0
25,5,6,NA,NA,NA,0
26,5,6,NA,NA,NA,0
27,5,6,NA,NA,NA,0
28,5,6,NA,NA,NA,0
29,5,6,NA,NA,NA,0
30,6,7,NA,NA,NA,0
31,6,7,NA,NA,NA,0
32,6,7,NA,NA,NA,0
33,6,7,NA,NA,NA,0
34,6,7,NA,NA,NA,0
35,6,7,NA,NA,NA,0
36,4,8,"E",80,NA,0
37,4,8,"E",259,NA,0
38,4,8,"E",120,NA,0
39,4,8,NA,NA,NA,0
40,3,9,NA,NA,NA,0
41,3,9,NA,NA,NA,0
42,3,9,NA,NA,NA,0
43,5,10,"E",117,NA,0
44,5,10,"E",313,NA,0
45,5,10,NA,NA,NA,0
46,5,10,NA,NA,NA,0
47,5,10,NA,NA,NA,0
48,4,11,NA,NA,NA,0
49,4,11,NA,NA,NA,0
50,4,11,NA,NA,NA,0
51,4,11,NA,NA,NA,0
52,4,12,NA,NA,NA,0
53,4,12,NA,NA,NA,0
54,4,12,NA,NA,NA,0
55,4,12,NA,NA,NA,0
56,5,13,"E",99,NA,0
57,5,13,NA,NA,NA,0
58,5,13,NA,NA,NA,0
59,5,13,NA,NA,NA,0
60,5,13,NA,NA,NA,0
61,4,14,NA,NA,NA,0
62,4,14,NA,NA,NA,0
63,4,14,NA,NA,NA,0
64,4,14,NA,NA,NA,0
65,6,15,NA,NA,NA,0
66,6,15,"E",324,NA,0
67,6,15,NA,NA,NA,0
68,6,15,"E",203,NA,0
69,6,15,NA,NA,NA,0
70,6,15,NA,NA,NA,0
71,6,16,"E",39,NA,0
72,6,16,NA,NA,NA,0
73,6,16,NA,NA,NA,0
74,6,16,NA,NA,NA,0
75,6,16,NA,NA,NA,0
76,6,16,NA,NA,NA,0
77,4,17,NA,NA,NA,0
78,4,17,NA,NA,NA,0
79,4,17,NA,NA,NA,0
80,4,17,NA,NA,NA,0
81,6,18,NA,NA,NA,0
82,6,18,NA,NA,NA,0
83,6,18,NA,NA,NA,0
84,6,18,NA,NA,NA,0
85,6,18,NA,NA,NA,0
86,6,18,NA,NA,NA,0
87,6,19,NA,NA,NA,0
88,6,19,NA,NA,NA,0
89,6,19,NA,NA,NA,0
90,6,19,NA,NA,NA,0
91,6,19,NA,NA,NA,0
92,6,19,"E",192,NA,0
93,5,20,NA,NA,NA,0
94,5,20,NA,NA,NA,0
95,5,20,NA,NA,NA,0
96,5,20,NA,NA,NA,0
97,5,20,NA,NA,NA,0
98,3,21,NA,NA,NA,0
99,3,21,NA,NA,NA,0
100,3,21,NA,NA,NA,0
101,4,22,NA,NA,NA,0
102,4,22,NA,NA,NA,0
103,4,22,NA,NA,NA,0
104,4,22,NA,NA,NA,0
105,3,23,NA,NA,NA,0
106,3,23,NA,NA,NA,0
107,3,23,NA,NA,NA,0
108,3,24,NA,NA,NA,0
109,3,24,NA,NA,NA,0
110,3,24,NA,NA,NA,0
111,6,25,NA,NA,NA,0
112,6,25,NA,NA,NA,0
113,6,25,NA,NA,NA,0
114,6,25,NA,NA,NA,0
115,6,25,NA,NA,NA,0
116,6,25,NA,NA,NA,0
117,6,26,NA,NA,NA,0
118,6,26,NA,NA,NA,0
119,6,26,NA,NA,NA,0
120,6,26,NA,NA,NA,0
121,6,26,NA,NA,NA,0
122,6,26,"E",247,NA,0
123,4,27,NA,NA,NA,0
124,4,27,NA,NA,NA,0
125,4,27,NA,NA,NA,0
126,4,27,NA,NA,NA,0
127,4,28,NA,NA,NA,0
128,4,28,NA,NA,NA,0
129,4,28,NA,NA,NA,0
130,4,28,NA,NA,NA,0
131,4,29,"E",85,NA,0
132,4,29,NA,NA,NA,0
133,4,29,NA,NA,NA,0
134,4,29,"E",NA,NA,0
135,3,30,NA,NA,NA,0
136,3,30,NA,NA,NA,0
137,3,30,NA,NA,NA,0
138,3,31,NA,NA,NA,0
139,3,31,NA,NA,NA,0
140,3,31,NA,NA,NA,0
141,4,32,NA,NA,NA,0
142,4,32,NA,NA,NA,0
143,4,32,NA,NA,NA,0
144,4,32,NA,NA,NA,0
145,6,33,NA,NA,NA,0
146,6,33,NA,NA,NA,0
147,6,33,NA,NA,NA,0
148,6,33,NA,NA,NA,0
149,6,33,"E",322,NA,0
150,6,33,"E",308,NA,0
151,3,34,NA,NA,NA,0
152,3,34,NA,NA,NA,0
153,3,34,"E",162,NA,0
154,4,35,NA,NA,NA,0
155,4,35,NA,NA,NA,0
156,4,35,NA,NA,NA,0
157,4,35,NA,NA,NA,0
158,5,36,NA,NA,NA,0
159,5,36,NA,NA,NA,0
160,5,36,NA,NA,NA,0
161,5,36,NA,NA,NA,0
162,5,36,NA,NA,NA,0
163,3,37,NA,NA,NA,0
164,3,37,NA,NA,NA,0
165,3,37,NA,NA,NA,0
166,3,38,NA,NA,NA,0
167,3,38,NA,NA,NA,0
168,3,38,NA,NA,NA,0
169,3,39,NA,NA,NA,0
170,3,39,NA,NA,NA,0
171,3,39,NA,NA,NA,0
172,3,40,"E",173,NA,0
173,3,40,NA,NA,NA,0
174,3,40,NA,NA,NA,0
175,3,41,NA,NA,NA,0
176,3,41,NA,NA,NA,0
177,3,41,NA,NA,NA,0
178,5,42,NA,NA,NA,0
179,5,42,NA,NA,NA,0
180,5,42,NA,NA,NA,0
181,5,42,NA,NA,NA,0
182,5,42,NA,NA,NA,0
183,6,43,NA,NA,NA,0
184,6,43,NA,NA,NA,0
185,6,43,NA,NA,NA,0
186,6,43,NA,NA,NA,0
187,6,43,NA,NA,NA,0
188,6,43,NA,NA,NA,0
189,4,44,NA,NA,NA,0
190,4,44,NA,NA,NA,0
191,4,44,NA,NA,NA,0
192,4,44,NA,NA,NA,0
193,4,45,NA,NA,NA,0
194,4,45,NA,NA,NA,0
195,4,45,NA,NA,NA,0
196,4,45,NA,NA,NA,0
197,5,46,NA,NA,NA,0
198,5,46,NA,NA,NA,0
199,5,46,NA,NA,NA,0
200,5,46,NA,NA,NA,0
201,5,46,NA,NA,NA,0
202,4,47,NA,NA,NA,0
203,4,47,NA,NA,NA,0
204,4,47,NA,NA,NA,0
205,4,47,NA,NA,NA,0
206,4,48,NA,NA,NA,0
207,4,48,NA,NA,NA,0
208,4,48,NA,NA,NA,0
209,4,48,NA,NA,NA,0
210,5,49,NA,NA,NA,0
211,5,49,NA,NA,NA,0
212,5,49,NA,NA,NA,0
213,5,49,NA,NA,NA,0
214,5,49,NA,NA,NA,0
215,5,50,NA,NA,NA,0
216,5,50,NA,NA,NA,0
217,5,50,NA,NA,NA,0
218,5,50,NA,NA,NA,0
219,5,50,NA,NA,NA,0
220,5,51,NA,NA,NA,0
221,5,51,"E",174,NA,0
222,5,51,NA,NA,NA,0
223,5,51,NA,NA,NA,0
224,5,51,NA,NA,NA,0
225,6,52,NA,NA,NA,0
226,6,52,NA,NA,NA,0
227,6,52,NA,NA,NA,0
228,6,52,NA,NA,NA,0
229,6,52,NA,NA,NA,0
230,6,52,NA,NA,NA,0
231,3,53,NA,NA,NA,0
232,3,53,NA,NA,NA,0
233,3,53,NA,NA,NA,0
234,5,54,NA,NA,NA,0
235,5,54,"E",328,NA,0
236,5,54,NA,NA,NA,0
237,5,54,NA,NA,NA,0
238,5,54,"E",306,NA,0
239,5,55,"E",223,NA,0
240,5,55,"E",218,NA,0
241,5,55,NA,NA,NA,0
242,5,55,NA,NA,NA,0
243,5,55,NA,NA,NA,0
244,5,56,NA,NA,NA,0
245,5,56,NA,NA,NA,0
246,5,56,NA,NA,NA,0
247,5,56,NA,NA,NA,0
248,5,56,NA,NA,NA,0
249,4,57,NA,NA,NA,0
250,4,57,NA,NA,NA,0
251,4,57,"E",116,NA,0
252,4,57,NA,NA,NA,0
253,6,58,NA,NA,NA,0
254,6,58,NA,NA,NA,0
255,6,58,NA,NA,NA,0
256,6,58,NA,NA,NA,0
257,6,58,NA,NA,NA,0
258,6,58,NA,NA,NA,0
259,5,59,NA,NA,NA,0
260,5,59,NA,NA,NA,0
261,5,59,"E",77,NA,0
262,5,59,NA,NA,NA,0
263,5,59,NA,NA,NA,0
264,4,60,NA,NA,NA,0
265,4,60,NA,NA,NA,0
266,4,60,NA,NA,NA,0
267,4,60,"E",336,NA,0
268,5,61,NA,NA,NA,0
269,5,61,NA,NA,NA,0
270,5,61,NA,NA,NA,0
271,5,61,NA,NA,NA,0
272,5,61,NA,NA,NA,0
273,6,62,NA,NA,NA,0
274,6,62,NA,NA,NA,0
275,6,62,NA,NA,NA,0
276,6,62,NA,NA,NA,0
277,6,62,NA,NA,NA,0
278,6,62,NA,NA,NA,0
279,3,63,NA,NA,NA,0
280,3,63,NA,NA,NA,0
281,3,63,NA,NA,NA,0
282,5,64,NA,NA,NA,0
283,5,64,NA,NA,NA,0
284,5,64,NA,NA,NA,0
285,5,64,NA,NA,NA,0
286,5,64,NA,NA,NA,0
287,4,65,NA,NA,NA,0
288,4,65,NA,NA,NA,0
289,4,65,"E",248,NA,0
290,4,65,NA,NA,NA,0
291,3,66,NA,NA,NA,0
292,3,66,NA,NA,NA,0
293,3,66,NA,NA,NA,0
294,5,67,NA,NA,NA,0
295,5,67,NA,NA,NA,0
296,5,67,NA,NA,NA,0
297,5,67,NA,NA,NA,0
298,5,67,NA,NA,NA,0
299,3,68,NA,NA,NA,0
300,3,68,NA,NA,NA,0
301,3,68,NA,NA,NA,0
302,6,69,NA,NA,NA,0
303,6,69,NA,NA,NA,0
304,6,69,NA,NA,NA,0
305,6,69,NA,NA,NA,0
306,6,69,NA,NA,NA,0
307,6,69,NA,NA,NA,0
308,3,70,"E",169,NA,0
309,3,70,NA,NA,NA,0
310,3,70,NA,NA,NA,0
311,4,71,"E",137,NA,0
312,4,71,NA,NA,NA,0
313,4,71,NA,NA,NA,0
314,4,71,NA,NA,NA,0
315,3,72,NA,NA,NA,0
316,3,72,NA,NA,NA,0
317,3,72,NA,NA,NA,0
318,6,73,NA,NA,NA,0
319,6,73,NA,NA,NA,0
320,6,73,NA,NA,NA,0
321,6,73,NA,NA,NA,0
322,6,73,NA,NA,NA,0
323,6,73,"E",180,NA,0
324,3,74,NA,NA,NA,0
325,3,74,NA,NA,NA,0
326,3,74,NA,NA,NA,0
327,3,75,NA,NA,NA,0
328,3,75,NA,NA,NA,0
329,3,75,NA,NA,NA,0
330,6,76,NA,NA,NA,0
331,6,76,NA,NA,NA,0
332,6,76,NA,NA,NA,0
333,6,76,NA,NA,NA,0
334,6,76,NA,NA,NA,0
335,6,76,NA,NA,NA,0
336,4,77,NA,NA,NA,0
337,4,77,NA,NA,NA,0
338,4,77,NA,NA,NA,0
339,4,77,NA,NA,NA,0
340,4,78,"E",199,NA,0
341,4,78,NA,NA,NA,0
342,4,78,NA,NA,NA,0
343,4,78,NA,NA,NA,0
344,3,79,NA,NA,NA,0
345,3,79,NA,NA,NA,0
346,3,79,NA,NA,NA,0
347,5,80,NA,NA,NA,0
348,5,80,NA,NA,NA,0
349,5,80,NA,NA,NA,0
350,5,80,NA,NA,NA,0
351,5,80,NA,NA,NA,0
352,4,81,NA,NA,NA,0
353,4,81,NA,NA,NA,0
354,4,81,NA,NA,NA,0
355,4,81,NA,NA,NA,0
356,5,82,"E",NA,NA,0
357,5,82,NA,NA,NA,0
358,5,82,NA,NA,NA,0
359,5,82,NA,NA,NA,0
360,5,82,NA,NA,NA,0
361,3,83,NA,NA,NA,0
362,3,83,"E",344,NA,0
363,3,83,NA,NA,NA,0
364,4,84,NA,NA,NA,0
365,4,84,NA,NA,NA,0
366,4,84,NA,NA,NA,0
367,4,84,NA,NA,NA,0
368,6,85,NA,NA,NA,0
369,6,85,NA,NA,NA,0
370,6,85,NA,NA,NA,0
371,6,85,NA,NA,NA,0
372,6,85,NA,NA,NA,0
373,6,85,NA,NA,NA,0
374,6,86,NA,NA,NA,0
375,6,86,"E",162,NA,0
376,6,86,NA,NA,NA,0
377,6,86,NA,NA,NA,0
378,6,86,"E",258,NA,0
379,6,86,NA,NA,NA,0
380,4,87,NA,NA,NA,0
381,4,87,NA,NA,NA,0
382,4,87,NA,NA,NA,0
383,4,87,NA,NA,NA,0
384,3,88,"E",NA,NA,0
385,3,88,NA,NA,NA,0
386,3,88,NA,NA,NA,0
387,4,89,NA,NA,NA,0
388,4,89,NA,NA,NA,0
389,4,89,NA,NA,NA,0
390,4,89,NA,NA,NA,0
391,4,90,NA,NA,NA,0
392,4,90,NA,NA,NA,0
393,4,90,NA,NA,NA,0
394,4,90,NA,NA,NA,0
395,3,91,NA,NA,NA,0
396,3,91,NA,NA,NA,0
397,3,91,NA,NA,NA,0
398,5,92,NA,NA,NA,0
399,5,92,NA,NA,NA,0
400,5,92,NA,NA,NA,0
401,5,92,NA,NA,NA,0
402,5,92,"E",88,NA,0
403,4,93,NA,NA,NA,0
404,4,93,NA,NA,NA,0
405,4,93,NA,NA,NA,0
406,4,93,NA,NA,NA,0
407,5,94,"E",41,NA,0
408,5,94,"E",296,NA,0
409,5,94,NA,NA,NA,0
410,5,94,NA,NA,NA,0
411,5,94,NA,NA,NA,0
412,3,95,NA,NA,NA,0
413,3,95,NA,NA,NA,0
414,3,95,NA,NA,NA,0
415,6,96,NA,NA,NA,0
416,6,96,NA,NA,NA,0
417,6,96,NA,NA,NA,0
418,6,96,NA,NA,NA,0
419,6,96,NA,NA,NA,0
420,6,96,"E",243,NA,0
421,6,97,NA,NA,NA,0
422,6,97,NA,NA,NA,0
423,6,97,NA,NA,NA,0
424,6,97,NA,NA,NA,0
425,6,97,"E",329,NA,0
426,6,97,NA,NA,NA,0
427,4,98,NA,NA,NA,0
428,4,98,NA,NA,NA,0
429,4,98,NA,NA,NA,0
430,4,98,NA,NA,NA,0
431,4,99,NA,NA,NA,0
432,4,99,NA,NA,NA,0
433,4,99,NA,NA,NA,0
434,4,99,NA,NA,NA,0
435,4,100,NA,NA,NA,0
436,4,100,NA,NA,NA,0
437,4,100,NA,NA,NA,0
438,4,100,NA,NA,NA,0
439,6,101,"E",261,NA,0
440,6,101,NA,NA,NA,0
441,6,101,NA,NA,NA,0
442,6,101,"E",304,NA,0
443,6,101,NA,NA,NA,0
444,6,101,NA,NA,NA,0
445,5,102,NA,NA,NA,0
446,5,102,NA,NA,NA,0
447,5,102,"E",78,NA,0
448,5,102,NA,NA,NA,0
449,5,102,NA,NA,NA,0
450,6,103,NA,NA,NA,0
451,6,103,NA,NA,NA,0
452,6,103,NA,NA,NA,0
453,6,103,NA,NA,NA,0
454,6,103,NA,NA,NA,0
455,6,103,"E",321,NA,0
456,5,104,NA,NA,NA,0
457,5,104,"E",188,NA,0
458,5,104,NA,NA,NA,0
459,5,104,NA,NA,NA,0
460,5,104,NA,NA,NA,0
461,4,105,NA,NA,NA,0
462,4,105,NA,NA,NA,0
463,4,105,NA,NA,NA,0
464,4,105,NA,NA,NA,0
465,6,106,"E",120,NA,0
466,6,106,NA,NA,NA,0
467,6,106,NA,NA,NA,0
468,6,106,NA,NA,NA,0
469,6,106,NA,NA,NA,0
470,6,106,NA,NA,NA,0
471,3,107,NA,NA,NA,0
472,3,107,NA,NA,NA,0
473,3,107,"E",73,NA,0
474,5,108,NA,NA,NA,0
475,5,108,NA,NA,NA,0
476,5,108,NA,NA,NA,0
477,5,108,NA,NA,NA,0
478,5,108,NA,NA,NA,0
479,4,109,NA,NA,NA,0
480,4,109,NA,NA,NA,0
481,4,109,"E",361,NA,0
482,4,109,NA,NA,NA,0
483,6,110,NA,NA,NA,0
484,6,110,NA,NA,NA,0
485,6,110,NA,NA,NA,0
486,6,110,NA,NA,NA,0
487,6,110,NA,NA,NA,0
488,6,110,NA,NA,NA,0
489,5,111,NA,NA,NA,0
490,5,111,NA,NA,NA,0
491,5,111,NA,NA,NA,0
492,5,111,NA,NA,NA,0
493,5,111,NA,NA,NA,0
494,6,112,NA,NA,NA,0
495,6,112,NA,NA,NA,0
496,6,112,NA,NA,NA,0
497,6,112,"E",137,NA,0
498,6,112,NA,NA,NA,0
499,6,112,NA,NA,NA,0
500,6,113,NA,NA,NA,0
501,6,113,NA,NA,NA,0
502,6,113,NA,NA,NA,0
503,6,113,NA,NA,NA,0
504,6,113,NA,NA,NA,0
505,6,113,NA,NA,NA,0
506,6,114,NA,NA,NA,0
507,6,114,NA,NA,NA,0
508,6,114,NA,NA,NA,0
509,6,114,"E",214,NA,0
510,6,114,NA,NA,NA,0
511,6,114,NA,NA,NA,0
512,3,115,NA,NA,NA,0
513,3,115,NA,NA,NA,0
514,3,115,NA,NA,NA,0
515,3,116,NA,NA,NA,0
516,3,116,NA,NA,NA,0
517,3,116,NA,NA,NA,0
518,3,117,NA,NA,NA,0
519,3,117,NA,NA,NA,0
520,3,117,"E",113,NA,0
521,4,118,NA,NA,NA,0
522,4,118,NA,NA,NA,0
523,4,118,NA,NA,NA,0
524,4,118,NA,NA,NA,0
525,6,119,NA,NA,NA,0
526,6,119,NA,NA,NA,0
527,6,119,NA,NA,NA,0
528,6,119,NA,NA,NA,0
529,6,119,NA,NA,NA,0
530,6,119,NA,NA,NA,0
531,3,120,NA,NA,NA,0
532,3,120,NA,NA,NA,0
533,3,120,NA,NA,NA,0
534,4,121,NA,NA,NA,0
535,4,121,NA,NA,NA,0
536,4,121,NA,NA,NA,0
537,4,121,NA,NA,NA,0
538,3,122,NA,NA,NA,0
539,3,122,NA,NA,NA,0
540,3,122,NA,NA,NA,0
541,3,123,NA,NA,NA,0
542,3,123,"E",36,NA,0
543,3,123,NA,NA,NA,0
544,3,124,NA,NA,NA,0
545,3,124,"E",173,NA,0
546,3,124,NA,NA,NA,0
547,3,125,NA,NA,NA,0
548,3,125,"E",NA,NA,0
549,3,125,NA,NA,NA,0
550,3,126,NA,NA,NA,0
551,3,126,NA,NA,NA,0
552,3,126,"E",166,NA,0
553,3,127,NA,NA,NA,0
554,3,127,NA,NA,NA,0
555,3,127,NA,NA,NA,0
556,3,128,NA,NA,NA,0
557,3,128,NA,NA,NA,0
558,3,128,NA,NA,NA,0
559,4,129,NA,NA,NA,0
560,4,129,NA,NA,NA,0
561,4,129,NA,NA,NA,0
562,4,129,NA,NA,NA,0
563,3,130,NA,NA,NA,0
564,3,130,NA,NA,NA,0
565,3,130,"E",270,NA,0
566,4,131,NA,NA,NA,0
567,4,131,NA,NA,NA,0
568,4,131,NA,NA,NA,0
569,4,131,NA,NA,NA,0
570,4,132,NA,NA,NA,0
571,4,132,NA,NA,NA,0
572,4,132,NA,NA,NA,0
573,4,132,NA,NA,NA,0
574,3,133,NA,NA,NA,0
575,3,133,"E",NA,NA,0
576,3,133,NA,NA,NA,0
577,3,134,NA,NA,NA,0
578,3,134,NA,NA,NA,0
579,3,134,NA,NA,NA,0
580,3,135,NA,NA,NA,0
581,3,135,NA,NA,NA,0
582,3,135,NA,NA,NA,0
583,5,136,NA,NA,NA,0
584,5,136,NA,NA,NA,0
585,5,136,NA,NA,NA,0
586,5,136,NA,NA,NA,0
587,5,136,NA,NA,NA,0
588,3,137,NA,NA,NA,0
589,3,137,"E",167,NA,0
590,3,137,NA,NA,NA,0
591,4,138,NA,NA,NA,0
592,4,138,NA,NA,NA,0
593,4,138,NA,NA,NA,0
594,4,138,NA,NA,NA,0
595,4,139,NA,NA,NA,0
596,4,139,NA,NA,NA,0
597,4,139,NA,NA,NA,0
598,4,139,NA,NA,NA,0
599,3,140,NA,NA,NA,0
600,3,140,NA,NA,NA,0
601,3,140,NA,NA,NA,0
602,3,141,NA,NA,NA,0
603,3,141,NA,NA,NA,0
604,3,141,NA,NA,NA,0
605,6,142,"E",147,NA,0
606,6,142,NA,NA,NA,0
607,6,142,NA,NA,NA,0
608,6,142,NA,NA,NA,0
609,6,142,NA,NA,NA,0
610,6,142,NA,NA,NA,0
611,6,143,NA,NA,NA,0
612,6,143,NA,NA,NA,0
613,6,143,NA,NA,NA,0
614,6,143,NA,NA,NA,0
615,6,143,"E",282,NA,0
616,6,143,NA,NA,NA,0
617,4,144,NA,NA,NA,0
618,4,144,NA,NA,NA,0
619,4,144,NA,NA,NA,0
620,4,144,NA,NA,NA,0
621,4,145,NA,NA,NA,0
622,4,145,NA,NA,NA,0
623,4,145,NA,NA,NA,0
624,4,145,NA,NA,NA,0
625,4,146,"E",27,NA,0
626,4,146,NA,NA,NA,0
627,4,146,NA,NA,NA,0
628,4,146,NA,NA,NA,0
629,3,147,NA,NA,NA,0
630,3,147,NA,NA,NA,0
631,3,147,NA,NA,NA,0
632,3,148,NA,NA,NA,0
633,3,148,NA,NA,NA,0
634,3,148,NA,NA,NA,0
635,5,149,"E",310,NA,0
636,5,149,"E",NA,NA,0
637,5,149,NA,NA,NA,0
638,5,149,NA,NA,NA,0
639,5,149,NA,NA,NA,0
640,5,150,"E",104,NA,0
641,5,150,NA,NA,NA,0
642,5,150,NA,NA,NA,0
643,5,150,"E",51,NA,0
644,5,150,NA,NA,NA,0
645,3,151,NA,NA,NA,0
646,3,151,NA,NA,NA,0
647,3,151,NA,NA,NA,0
648,3,152,NA,NA,NA,0
649,3,152,NA,NA,NA,0
650,3,152,NA,NA,NA,0
651,4,153,"E",322,NA,0
652,4,153,NA,NA,NA,0
653,4,153,NA,NA,NA,0
654,4,153,NA,NA,NA,0
655,4,154,NA,NA,NA,0
656,4,154,NA,NA,NA,0
657,4,154,"E",24,NA,0
658,4,154,NA,NA,NA,0
659,4,155,NA,NA,NA,0
660,4,155,NA,NA,NA,0
661,4,155,NA,NA,NA,0
662,4,155,NA,NA,NA,0
663,5,156,NA,NA,NA,0
664,5,156,NA,NA,NA,0
665,5,156,NA,NA,NA,0
666,5,156,NA,NA,NA,0
667,5,156,NA,NA,NA,0
668,5,157,NA,NA,NA,0
669,5,157,NA,NA,NA,0
670,5,157,NA,NA,NA,0
671,5,157,NA,NA,NA,0
672,5,157,NA,NA,NA,0
673,4,158,NA,NA,NA,0
674,4,158,NA,NA,NA,0
675,4,158,NA,NA,NA,0
676,4,158,NA,NA,NA,0
677,6,159,"E",37,NA,0
678,6,159,NA,NA,NA,0
679,6,159,NA,NA,NA,0
680,6,159,NA,NA,NA,0
681,6,159,"E",130,NA,0
682,6,159,NA,NA,NA,0
683,3,160,NA,NA,NA,0
684,3,160,NA,NA,NA,0
685,3,160,NA,NA,NA,0
686,4,161,NA,NA,NA,0
687,4,161,"E",354,NA,0
688,4,161,NA,NA,NA,0
689,4,161,NA,NA,NA,0
690,6,162,NA,NA,NA,0
691,6,162,NA,NA,NA,0
692,6,162,NA,NA,NA,0
693,6,162,NA,NA,NA,0
694,6,162,NA,NA,NA,0
695,6,162,NA,NA,NA,0
696,5,163,NA,NA,NA,0
697,5,163,NA,NA,NA,0
698,5,163,NA,NA,NA,0
699,5,163,NA,NA,NA,0
700,5,163,NA,NA,NA,0
701,4,164,"E",229,NA,0
702,4,164,NA,NA,NA,0
703,4,164,NA,NA,NA,0
704,4,164,NA,NA,NA,0
705,5,165,NA,NA,NA,0
706,5,165,NA,NA,NA,0
707,5,165,NA,NA,NA,0
708,5,165,NA,NA,NA,0
709,5,165,NA,NA,NA,0
710,3,166,NA,NA,NA,0
711,3,166,NA,NA,NA,0
712,3,166,NA,NA,NA,0
713,4,167,NA,NA,NA,0
714,4,167,NA,NA,NA,0
715,4,167,"E",341,NA,0
716,4,167,NA,NA,NA,0
717,6,168,NA,NA,NA,0
718,6,168,NA,NA,NA,0
719,6,168,NA,NA,NA,0
720,6,168,"E",57,NA,0
721,6,168,NA,NA,NA,0
722,6,168,NA,NA,NA,0
723,5,169,NA,NA,NA,0
724,5,169,NA,NA,NA,0
725,5,169,NA,NA,NA,0
726,5,169,NA,NA,NA,0
727,5,169,NA,NA,NA,0
728,3,170,NA,NA,NA,0
729,3,170,NA,NA,NA,0
730,3,170,NA,NA,NA,0
731,5,171,NA,NA,NA,0
732,5,171,NA,NA,NA,0
733,5,171,"E",102,NA,0
734,5,171,NA,NA,NA,0
735,5,171,NA,NA,NA,0
736,5,172,NA,NA,NA,0
737,5,172,NA,NA,NA,0
738,5,172,NA,NA,NA,0
739,5,172,NA,NA,NA,0
740,5,172,"E",NA,NA,0
741,5,173,NA,NA,NA,0
742,5,173,NA,NA,NA,0
743,5,173,NA,NA,NA,0
744,5,173,NA,NA,NA,0
745,5,173,NA,NA,NA,0
746,4,174,NA,NA,NA,0
747,4,174,NA,NA,NA,0
748,4,174,NA,NA,NA,0
749,4,174,NA,NA,NA,0
750,6,175,NA,NA,NA,0
751,6,175,NA,NA,NA,0
752,6,175,NA,NA,NA,0
753,6,175,NA,NA,NA,0
754,6,175,NA,NA,NA,0
755,6,175,"E",136,NA,0
756,5,176,NA,NA,NA,0
757,5,176,NA,NA,NA,0
758,5,176,"E",228,NA,0
759,5,176,NA,NA,NA,0
760,5,176,NA,NA,NA,0
761,6,177,NA,NA,NA,0
762,6,177,NA,NA,NA,0
763,6,177,NA,NA,NA,0
764,6,177,NA,NA,NA,0
765,6,177,NA,NA,NA,0
766,6,177,NA,NA,NA,0
767,6,178,NA,NA,NA,0
768,6,178,NA,NA,NA,0
769,6,178,NA,NA,NA,0
770,6,178,NA,NA,NA,0
771,6,178,"E",189,NA,0
772,6,178,NA,NA,NA,0
773,6,179,NA,NA,NA,0
774,6,179,"E",218,NA,0
775,6,179,NA,NA,NA,0
776,6,179,NA,NA,NA,0
777,6,179,NA,NA,NA,0
778,6,179,"E",275,NA,0
779,5,180,NA,NA,NA,0
780,5,180,NA,NA,NA,0
781,5,180,NA,NA,NA,0
782,5,180,NA,NA,NA,0
783,5,180,NA,NA,NA,0
784,6,181,NA,NA,NA,0
785,6,181,NA,NA,NA,0
786,6,181,NA,NA,NA,0
787,6,181,NA,NA,NA,0
788,6,181,NA,NA,NA,0
789,6,181,NA,NA,NA,0
790,3,182,NA,NA,NA,0
791,3,182,NA,NA,NA,0
792,3,182,NA,NA,NA,0
793,3,183,NA,NA,NA,0
794,3,183,NA,NA,NA,0
795,3,183,NA,NA,NA,0
796,3,184,"E",331,NA,0
797,3,184,NA,NA,NA,0
798,3,184,NA,NA,NA,0
799,4,185,NA,NA,NA,0
800,4,185,"E",282,NA,0
801,4,185,"E",354,NA,0
802,4,185,NA,NA,NA,0
803,6,186,NA,NA,NA,0
804,6,186,"E",289,NA,0
805,6,186,NA,NA,NA,0
806,6,186,NA,NA,NA,0
807,6,186,NA,NA,NA,0
808,6,186,NA,NA,NA,0
809,5,187,"E",362,NA,0
810,5,187,NA,NA,NA,0
811,5,187,NA,NA,NA,0
812,5,187,NA,NA,NA,0
813,5,187,"E",264,NA,0
814,6,188,NA,NA,NA,0
815,6,188,NA,NA,NA,0
816,6,188,NA,NA,NA,0
817,6,188,"E",246,NA,0
818,6,188,NA,NA,NA,0
819,6,188,NA,NA,NA,0
820,5,189,"E",53,NA,0
821,5,189,NA,NA,NA,0
822,5,189,NA,NA,NA,0
823,5,189,"E",239,NA,0
824,5,189,NA,NA,NA,0
825,3,190,NA,NA,NA,0
826,3,190,NA,NA,NA,0
827,3,190,NA,NA,NA,0
828,5,191,NA,NA,NA,0
829,5,191,NA,NA,NA,0
830,5,191,NA,NA,NA,0
831,5,191,NA,NA,NA,0
832,5,191,NA,NA,NA,0
833,4,192,NA,NA,NA,0
834,4,192,NA,NA,NA,0
835,4,192,NA,NA,NA,0
836,4,192,NA,NA,NA,0
837,6,193,NA,NA,NA,0
838,6,193,NA,NA,NA,0
839,6,193,NA,NA,NA,0
840,6,193,NA,NA,NA,0
841,6,193,NA,NA,NA,0
842,6,193,NA,NA,NA,0
843,3,194,NA,NA,NA,0
844,3,194,NA,NA,NA,0
845,3,194,NA,NA,NA,0
846,4,195,NA,NA,NA,0
847,4,195,NA,NA,NA,0
848,4,195,NA,NA,NA,0
849,4,195,NA,NA,NA,0
850,3,196,NA,NA,NA,0
851,3,196,NA,NA,NA,0
852,3,196,NA,NA,NA,0
853,6,197,NA,NA,NA,0
854,6,197,NA,NA,NA,0
855,6,197,NA,NA,NA,0
856,6,197,NA,NA,NA,0
857,6,197,NA,NA,NA,0
858,6,197,NA,NA,NA,0
859,5,198,NA,NA,NA,0
860,5,198,NA,NA,NA,0
861,5,198,"E",241,NA,0
862,5,198,NA,NA,NA,0
863,5,198,NA,NA,NA,0
864,6,199,NA,NA,NA,0
865,6,199,NA,NA,NA,0
866,6,199,NA,NA,NA,0
867,6,199,"E",189,NA,0
868,6,199,NA,NA,NA,0
869,6,199,NA,NA,NA,0
870,5,200,NA,NA,NA,0
871,5,200,NA,NA,NA,0
872,5,200,NA,NA,NA,0
873,5,200,NA,NA,NA,0
874,5,200,NA,NA,NA,0
875,4,201,NA,NA,NA,0
876,4,201,NA,NA,NA,0
877,4,201,NA,NA,NA,0
878,4,201,NA,NA,NA,0
879,3,202,NA,NA,NA,0
880,3,202,NA,NA,NA,0
881,3,202,NA,NA,NA,0
882,6,203,NA,NA,NA,0
883,6,203,NA,NA,NA,0
884,6,203,NA,NA,NA,0
885,6,203,NA,NA,NA,0
886,6,203,NA,NA,NA,0
887,6,203,"E",230,NA,0
888,6,204,NA,NA,NA,0
889,6,204,NA,NA,NA,0
890,6,204,NA,NA,NA,0
891,6,204,NA,NA,NA,0
892,6,204,NA,NA,NA,0
893,6,204,NA,NA,NA,0
894,4,205,NA,NA,NA,0
895,4,205,NA,NA,NA,0
896,4,205,NA,NA,NA,0
897,4,205,NA,NA,NA,0
898,6,206,NA,NA,NA,0
899,6,206,NA,NA,NA,0
900,6,206,NA,NA,NA,0
901,6,206,NA,NA,NA,0
902,6,206,NA,NA,NA,0
903,6,206,"E",325,NA,0
904,3,207,NA,NA,NA,0
905,3,207,NA,NA,NA,0
906,3,207,NA,NA,NA,0
907,6,208,NA,NA,NA,0
908,6,208,NA,NA,NA,0
909,6,208,NA,NA,NA,0
910,6,208,NA,NA,NA,0
911,6,208,NA,NA,NA,0
912,6,208,NA,NA,NA,0
913,5,209,NA,NA,NA,0
914,5,209,NA,NA,NA,0
915,5,209,NA,NA,NA,0
916,5,209,NA,NA,NA,0
917,5,209,NA,NA,NA,0
918,4,210,NA,NA,NA,0
919,4,210,NA,NA,NA,0
920,4,210,NA,NA,NA,0
921,4,210,NA,NA,NA,0
922,5,211,"E",260,NA,0
923,5,211,NA,NA,NA,0
924,5,211,NA,NA,NA,0
925,5,211,NA,NA,NA,0
926,5,211,NA,NA,NA,0
927,4,212,NA,NA,NA,0
928,4,212,"E",83,NA,0
929,4,212,NA,NA,NA,0
930,4,212,NA,NA,NA,0
931,6,213,NA,NA,NA,0
932,6,213,NA,NA,NA,0
933,6,213,NA,NA,NA,0
934,6,213,"E",247,NA,0
935,6,213,NA,NA,NA,0
936,6,213,NA,NA,NA,0
937,6,214,NA,NA,NA,0
938,6,214,NA,NA,NA,0
939,6,214,NA,NA,NA,0
940,6,214,"E",133,NA,0
941,6,214,NA,NA,NA,0
942,6,214,NA,NA,NA,0
943,6,215,NA,NA,NA,0
944,6,215,"E",338,NA,0
945,6,215,NA,NA,NA,0
946,6,215,NA,NA,NA,0
947,6,215,NA,NA,NA,0
948,6,215,NA,NA,NA,0
949,6,216,NA,NA,NA,0
950,6,216,NA,NA,NA,0
951,6,216,NA,NA,NA,0
952,6,216,NA,NA,NA,0
953,6,216,NA,NA,NA,0
954,6,216,NA,NA,NA,0
955,5,217,NA,NA,NA,0
956,5,217,NA,NA,NA,0
957,5,217,"E",289,NA,0
958,5,217,NA,NA,NA,0
959,5,217,NA,NA,NA,0
960,6,218,NA,NA,NA,0
961,6,218,NA,NA,NA,0
962,6,218,NA,NA,NA,0
963,6,218,NA,NA,NA,0
964,6,218,NA,NA,NA,0
965,6,218,NA,NA,NA,0
966,4,219,NA,NA,NA,0
967,4,219,NA,NA,NA,0
968,4,219,NA,NA,NA,0
969,4,219,NA,NA,NA,0
970,5,220,NA,NA,NA,0
971,5,220,NA,NA,NA,0
972,5,220,NA,NA,NA,0
973,5,220,NA,NA,NA,0
974,5,220,NA,NA,NA,0
975,4,221,"E",46,NA,0
976,4,221,NA,NA,NA,0
977,4,221,NA,NA,NA,0
978,4,221,NA,NA,NA,0
979,3,222,"E",108,NA,0
980,3,222,NA,NA,NA,0
981,3,222,"E",191,NA,0
982,3,223,NA,NA,NA,0
983,3,223,NA,NA,NA,0
984,3,223,NA,NA,NA,0
985,4,224,NA,NA,NA,0
986,4,224,NA,NA,NA,0
987,4,224,NA,NA,NA,0
988,4,224,NA,NA,NA,0
989,3,225,NA,NA,NA,0
990,3,225,NA,NA,NA,0
991,3,225,NA,NA,NA,0
992,6,226,NA,NA,NA,0
993,6,226,NA,NA,NA,0
994,6,226,NA,NA,NA,0
995,6,226,NA,NA,NA,0
996,6,226,"E",329,NA,0
997,6,226,NA,NA,NA,0
998,3,227,NA,NA,NA,0
999,3,227,NA,NA,NA,0
1000,3,227,NA,NA,NA,0
