"ID","SIZE","HH","TYPE","TIME","S_NUM","I_NUM"
1,6,1,"0",NA,NA,0
2,6,1,NA,NA,NA,0
3,6,1,NA,NA,NA,0
4,6,1,NA,NA,NA,0
5,6,1,"E",339,4,0
6,6,1,NA,NA,NA,0
7,5,2,NA,NA,NA,0
8,5,2,NA,NA,NA,0
9,5,2,NA,NA,NA,0
10,5,2,NA,NA,NA,0
11,5,2,NA,NA,NA,0
12,3,3,NA,NA,NA,0
13,3,3,NA,NA,NA,0
14,3,3,NA,NA,NA,0
15,6,4,NA,NA,NA,0
16,6,4,NA,NA,NA,0
17,6,4,NA,NA,NA,0
18,6,4,NA,NA,NA,0
19,6,4,NA,NA,NA,0
20,6,4,NA,NA,NA,0
21,3,5,"E",NA,2,0
22,3,5,NA,NA,NA,0
23,3,5,NA,NA,NA,0
24,5,6,NA,NA,NA,0
25,5,6,NA,NA,NA,0
26,5,6,NA,NA,NA,0
27,5,6,NA,NA,NA,0
28,5,6,NA,NA,NA,0
29,6,7,NA,NA,NA,0
30,6,7,NA,NA,NA,0
31,6,7,"E",257,5,0
32,6,7,NA,NA,NA,0
33,6,7,NA,NA,NA,0
34,6,7,NA,NA,NA,0
35,3,8,NA,NA,NA,0
36,3,8,NA,NA,NA,0
37,3,8,NA,NA,NA,0
38,3,9,NA,NA,NA,0
39,3,9,NA,NA,NA,0
40,3,9,"E",215,2,0
41,4,10,NA,NA,NA,0
42,4,10,NA,NA,NA,0
43,4,10,NA,NA,NA,0
44,4,10,NA,NA,NA,0
45,6,11,NA,NA,NA,0
46,6,11,NA,NA,NA,0
47,6,11,NA,NA,NA,0
48,6,11,NA,NA,NA,0
49,6,11,NA,NA,NA,0
50,6,11,NA,NA,NA,0
51,3,12,NA,NA,NA,0
52,3,12,NA,NA,NA,0
53,3,12,NA,NA,NA,0
54,5,13,NA,NA,NA,0
55,5,13,NA,NA,NA,0
56,5,13,NA,NA,NA,0
57,5,13,NA,NA,NA,0
58,5,13,NA,NA,NA,0
59,3,14,NA,NA,NA,0
60,3,14,NA,NA,NA,0
61,3,14,NA,NA,NA,0
62,5,15,NA,NA,NA,0
63,5,15,NA,NA,NA,0
64,5,15,NA,NA,NA,0
65,5,15,NA,NA,NA,0
66,5,15,NA,NA,NA,0
67,4,16,NA,NA,NA,0
68,4,16,NA,NA,NA,0
69,4,16,NA,NA,NA,0
70,4,16,NA,NA,NA,0
71,5,17,NA,NA,NA,0
72,5,17,NA,NA,NA,0
73,5,17,NA,NA,NA,0
74,5,17,NA,NA,NA,0
75,5,17,NA,NA,NA,0
76,5,18,NA,NA,NA,0
77,5,18,NA,NA,NA,0
78,5,18,NA,NA,NA,0
79,5,18,NA,NA,NA,0
80,5,18,NA,NA,NA,0
81,4,19,NA,NA,NA,0
82,4,19,NA,NA,NA,0
83,4,19,NA,NA,NA,0
84,4,19,NA,NA,NA,0
85,4,20,NA,NA,NA,0
86,4,20,NA,NA,NA,0
87,4,20,NA,NA,NA,0
88,4,20,NA,NA,NA,0
89,4,21,NA,NA,NA,0
90,4,21,NA,NA,NA,0
91,4,21,"E",NA,3,0
92,4,21,NA,NA,NA,0
93,5,22,NA,NA,NA,0
94,5,22,NA,NA,NA,0
95,5,22,NA,NA,NA,0
96,5,22,NA,NA,NA,0
97,5,22,NA,NA,NA,0
98,3,23,NA,NA,NA,0
99,3,23,NA,NA,NA,0
100,3,23,NA,NA,NA,0
101,4,24,NA,NA,NA,0
102,4,24,NA,NA,NA,0
103,4,24,NA,NA,NA,0
104,4,24,NA,NA,NA,0
105,3,25,"H",NA,1,1
106,3,25,"H",157,0,0
107,3,25,"E",98,2,1
108,3,26,NA,NA,NA,0
109,3,26,"E",NA,2,0
110,3,26,NA,NA,NA,0
111,3,27,NA,NA,NA,0
112,3,27,NA,NA,NA,0
113,3,27,NA,NA,NA,0
114,3,28,NA,NA,NA,0
115,3,28,NA,NA,NA,0
116,3,28,NA,NA,NA,0
117,4,29,NA,NA,NA,0
118,4,29,NA,NA,NA,0
119,4,29,NA,NA,NA,0
120,4,29,NA,NA,NA,0
121,5,30,NA,NA,NA,0
122,5,30,NA,NA,NA,0
123,5,30,NA,NA,NA,0
124,5,30,NA,NA,NA,0
125,5,30,NA,NA,NA,0
126,3,31,NA,NA,NA,0
127,3,31,NA,NA,NA,0
128,3,31,"E",NA,2,0
129,3,32,NA,NA,NA,0
130,3,32,NA,NA,NA,0
131,3,32,NA,NA,NA,0
132,6,33,NA,NA,NA,0
133,6,33,NA,NA,NA,0
134,6,33,NA,NA,NA,0
135,6,33,NA,NA,NA,0
136,6,33,NA,NA,NA,0
137,6,33,NA,NA,NA,0
138,5,34,NA,NA,NA,0
139,5,34,NA,NA,NA,0
140,5,34,NA,NA,NA,0
141,5,34,NA,NA,NA,0
142,5,34,NA,NA,NA,0
143,6,35,"E",142,5,0
144,6,35,NA,NA,NA,0
145,6,35,NA,NA,NA,0
146,6,35,NA,NA,NA,0
147,6,35,NA,NA,NA,0
148,6,35,NA,NA,NA,0
149,6,36,NA,NA,NA,0
150,6,36,NA,NA,NA,0
151,6,36,NA,NA,NA,0
152,6,36,NA,NA,NA,0
153,6,36,NA,NA,NA,0
154,6,36,NA,NA,NA,0
155,5,37,NA,NA,NA,0
156,5,37,NA,NA,NA,0
157,5,37,NA,NA,NA,0
158,5,37,NA,NA,NA,0
159,5,37,NA,NA,NA,0
160,5,38,NA,NA,NA,0
161,5,38,NA,NA,NA,0
162,5,38,NA,NA,NA,0
163,5,38,NA,NA,NA,0
164,5,38,"E",199,4,0
165,4,39,NA,NA,NA,0
166,4,39,NA,NA,NA,0
167,4,39,NA,NA,NA,0
168,4,39,NA,NA,NA,0
169,5,40,NA,NA,NA,0
170,5,40,NA,NA,NA,0
171,5,40,NA,NA,NA,0
172,5,40,NA,NA,NA,0
173,5,40,NA,NA,NA,0
174,6,41,NA,NA,NA,0
175,6,41,NA,NA,NA,0
176,6,41,NA,NA,NA,0
177,6,41,NA,NA,NA,0
178,6,41,NA,NA,NA,0
179,6,41,NA,NA,NA,0
180,5,42,NA,NA,NA,0
181,5,42,NA,NA,NA,0
182,5,42,NA,NA,NA,0
183,5,42,NA,NA,NA,0
184,5,42,NA,NA,NA,0
185,4,43,NA,NA,NA,0
186,4,43,NA,NA,NA,0
187,4,43,NA,NA,NA,0
188,4,43,NA,NA,NA,0
189,6,44,NA,NA,NA,0
190,6,44,NA,NA,NA,0
191,6,44,NA,NA,NA,0
192,6,44,NA,NA,NA,0
193,6,44,NA,NA,NA,0
194,6,44,NA,NA,NA,0
195,3,45,NA,NA,NA,0
196,3,45,NA,NA,NA,0
197,3,45,NA,NA,NA,0
198,4,46,NA,NA,NA,0
199,4,46,NA,NA,NA,0
200,4,46,NA,NA,NA,0
201,4,46,NA,NA,NA,0
202,3,47,NA,NA,NA,0
203,3,47,NA,NA,NA,0
204,3,47,NA,NA,NA,0
205,3,48,NA,NA,NA,0
206,3,48,NA,NA,NA,0
207,3,48,NA,NA,NA,0
208,5,49,NA,NA,NA,0
209,5,49,NA,NA,NA,0
210,5,49,NA,NA,NA,0
211,5,49,NA,NA,NA,0
212,5,49,NA,NA,NA,0
213,5,50,NA,NA,NA,0
214,5,50,NA,NA,NA,0
215,5,50,NA,NA,NA,0
216,5,50,NA,NA,NA,0
217,5,50,NA,NA,NA,0
218,3,51,NA,NA,NA,0
219,3,51,NA,NA,NA,0
220,3,51,NA,NA,NA,0
221,3,52,NA,NA,NA,0
222,3,52,NA,NA,NA,0
223,3,52,NA,NA,NA,0
224,3,53,NA,NA,NA,0
225,3,53,NA,NA,NA,0
226,3,53,NA,NA,NA,0
227,6,54,"H",NA,3,1
228,6,54,"H",270,1,0
229,6,54,"E",NA,5,2
230,6,54,"H",NA,3,0
231,6,54,NA,NA,NA,0
232,6,54,"H",246,2,1
233,5,55,NA,NA,NA,0
234,5,55,NA,NA,NA,0
235,5,55,NA,NA,NA,0
236,5,55,NA,NA,NA,0
237,5,55,NA,NA,NA,0
238,6,56,NA,NA,NA,0
239,6,56,NA,NA,NA,0
240,6,56,NA,NA,NA,0
241,6,56,NA,NA,NA,0
242,6,56,NA,NA,NA,0
243,6,56,NA,NA,NA,0
244,3,57,NA,NA,NA,0
245,3,57,NA,NA,NA,0
246,3,57,NA,NA,NA,0
247,4,58,NA,NA,NA,0
248,4,58,NA,NA,NA,0
249,4,58,NA,NA,NA,0
250,4,58,NA,NA,NA,0
251,5,59,NA,NA,NA,0
252,5,59,NA,NA,NA,0
253,5,59,NA,NA,NA,0
254,5,59,NA,NA,NA,0
255,5,59,NA,NA,NA,0
256,6,60,NA,NA,NA,0
257,6,60,NA,NA,NA,0
258,6,60,"E",NA,NA,0
259,6,60,NA,NA,NA,0
260,6,60,NA,NA,NA,0
261,6,60,NA,NA,NA,0
262,3,61,NA,NA,NA,0
263,3,61,NA,NA,NA,0
264,3,61,NA,NA,NA,0
265,4,62,NA,NA,NA,0
266,4,62,NA,NA,NA,0
267,4,62,NA,NA,NA,0
268,4,62,NA,NA,NA,0
269,3,63,NA,NA,NA,0
270,3,63,NA,NA,NA,0
271,3,63,NA,NA,NA,0
272,5,64,NA,NA,NA,0
273,5,64,NA,NA,NA,0
274,5,64,NA,NA,NA,0
275,5,64,NA,NA,NA,0
276,5,64,NA,NA,NA,0
277,6,65,NA,NA,NA,0
278,6,65,NA,NA,NA,0
279,6,65,NA,NA,NA,0
280,6,65,NA,NA,NA,0
281,6,65,NA,NA,NA,0
282,6,65,NA,NA,NA,0
283,4,66,NA,NA,NA,0
284,4,66,NA,NA,NA,0
285,4,66,NA,NA,NA,0
286,4,66,NA,NA,NA,0
287,3,67,NA,NA,NA,0
288,3,67,NA,NA,NA,0
289,3,67,NA,NA,NA,0
290,5,68,NA,NA,NA,0
291,5,68,NA,NA,NA,0
292,5,68,NA,NA,NA,0
293,5,68,NA,NA,NA,0
294,5,68,NA,NA,NA,0
295,6,69,NA,NA,NA,0
296,6,69,NA,NA,NA,0
297,6,69,NA,NA,NA,0
298,6,69,NA,NA,NA,0
299,6,69,NA,NA,NA,0
300,6,69,NA,NA,NA,0
301,4,70,NA,NA,NA,0
302,4,70,NA,NA,NA,0
303,4,70,NA,NA,NA,0
304,4,70,NA,NA,NA,0
305,3,71,NA,NA,NA,0
306,3,71,NA,NA,NA,0
307,3,71,NA,NA,NA,0
308,3,72,NA,NA,NA,0
309,3,72,NA,NA,NA,0
310,3,72,NA,NA,NA,0
311,4,73,NA,NA,NA,0
312,4,73,NA,NA,NA,0
313,4,73,NA,NA,NA,0
314,4,73,NA,NA,NA,0
315,5,74,NA,NA,NA,0
316,5,74,"H",356,2,0
317,5,74,"H",NA,2,0
318,5,74,"E",NA,4,2
319,5,74,NA,NA,NA,0
320,3,75,NA,NA,NA,0
321,3,75,NA,NA,NA,0
322,3,75,NA,NA,NA,0
323,6,76,NA,NA,NA,0
324,6,76,NA,NA,NA,0
325,6,76,NA,NA,NA,0
326,6,76,NA,NA,NA,0
327,6,76,NA,NA,NA,0
328,6,76,NA,NA,NA,0
329,4,77,NA,NA,NA,0
330,4,77,NA,NA,NA,0
331,4,77,NA,NA,NA,0
332,4,77,NA,NA,NA,0
333,4,78,NA,NA,NA,0
334,4,78,NA,NA,NA,0
335,4,78,NA,NA,NA,0
336,4,78,NA,NA,NA,0
337,6,79,"H",NA,NA,0
338,6,79,"H",NA,3,1
339,6,79,"H",NA,NA,0
340,6,79,"H",NA,1,1
341,6,79,"E",NA,5,2
342,6,79,"H",342,3,1
343,6,80,NA,NA,NA,0
344,6,80,NA,NA,NA,0
345,6,80,NA,NA,NA,0
346,6,80,NA,NA,NA,0
347,6,80,NA,NA,NA,0
348,6,80,NA,NA,NA,0
349,3,81,NA,NA,NA,0
350,3,81,NA,NA,NA,0
351,3,81,NA,NA,NA,0
352,5,82,NA,NA,NA,0
353,5,82,NA,NA,NA,0
354,5,82,NA,NA,NA,0
355,5,82,NA,NA,NA,0
356,5,82,NA,NA,NA,0
357,5,83,NA,NA,NA,0
358,5,83,NA,NA,NA,0
359,5,83,NA,NA,NA,0
360,5,83,NA,NA,NA,0
361,5,83,NA,NA,NA,0
362,3,84,"H",53,0,0
363,3,84,"H",75,0,0
364,3,84,"E",NA,2,2
365,4,85,NA,NA,NA,0
366,4,85,NA,NA,NA,0
367,4,85,NA,NA,NA,0
368,4,85,NA,NA,NA,0
369,3,86,NA,NA,NA,0
370,3,86,NA,NA,NA,0
371,3,86,NA,NA,NA,0
372,4,87,NA,NA,NA,0
373,4,87,NA,NA,NA,0
374,4,87,NA,NA,NA,0
375,4,87,NA,NA,NA,0
376,5,88,NA,NA,NA,0
377,5,88,NA,NA,NA,0
378,5,88,NA,NA,NA,0
379,5,88,NA,NA,NA,0
380,5,88,NA,NA,NA,0
381,6,89,"E",192,5,0
382,6,89,NA,NA,NA,0
383,6,89,NA,NA,NA,0
384,6,89,NA,NA,NA,0
385,6,89,NA,NA,NA,0
386,6,89,NA,NA,NA,0
387,5,90,NA,NA,NA,0
388,5,90,NA,NA,NA,0
389,5,90,NA,NA,NA,0
390,5,90,NA,NA,NA,0
391,5,90,NA,NA,NA,0
392,3,91,NA,NA,NA,0
393,3,91,NA,NA,NA,0
394,3,91,NA,NA,NA,0
395,5,92,NA,NA,NA,0
396,5,92,NA,NA,NA,0
397,5,92,NA,NA,NA,0
398,5,92,NA,NA,NA,0
399,5,92,NA,NA,NA,0
400,3,93,NA,NA,NA,0
401,3,93,NA,NA,NA,0
402,3,93,"E",313,2,0
403,3,94,NA,NA,NA,0
404,3,94,NA,NA,NA,0
405,3,94,NA,NA,NA,0
406,3,95,NA,NA,NA,0
407,3,95,NA,NA,NA,0
408,3,95,NA,NA,NA,0
409,5,96,NA,NA,NA,0
410,5,96,NA,NA,NA,0
411,5,96,NA,NA,NA,0
412,5,96,NA,NA,NA,0
413,5,96,NA,NA,NA,0
414,5,97,NA,NA,NA,0
415,5,97,NA,NA,NA,0
416,5,97,NA,NA,NA,0
417,5,97,NA,NA,NA,0
418,5,97,NA,NA,NA,0
419,5,98,NA,NA,NA,0
420,5,98,NA,NA,NA,0
421,5,98,NA,NA,NA,0
422,5,98,NA,NA,NA,0
423,5,98,"E",NA,4,0
424,3,99,NA,NA,NA,0
425,3,99,NA,NA,NA,0
426,3,99,NA,NA,NA,0
427,6,100,NA,NA,NA,0
428,6,100,NA,NA,NA,0
429,6,100,NA,NA,NA,0
430,6,100,NA,NA,NA,0
431,6,100,NA,NA,NA,0
432,6,100,NA,NA,NA,0
433,4,101,NA,NA,NA,0
434,4,101,NA,NA,NA,0
435,4,101,NA,NA,NA,0
436,4,101,NA,NA,NA,0
437,5,102,NA,NA,NA,0
438,5,102,NA,NA,NA,0
439,5,102,NA,NA,NA,0
440,5,102,"E",266,4,0
441,5,102,NA,NA,NA,0
442,6,103,NA,NA,NA,0
443,6,103,NA,NA,NA,0
444,6,103,NA,NA,NA,0
445,6,103,NA,NA,NA,0
446,6,103,NA,NA,NA,0
447,6,103,NA,NA,NA,0
448,5,104,NA,NA,NA,0
449,5,104,NA,NA,NA,0
450,5,104,NA,NA,NA,0
451,5,104,NA,NA,NA,0
452,5,104,NA,NA,NA,0
453,3,105,NA,NA,NA,0
454,3,105,NA,NA,NA,0
455,3,105,NA,NA,NA,0
456,6,106,NA,NA,NA,0
457,6,106,NA,NA,NA,0
458,6,106,NA,NA,NA,0
459,6,106,NA,NA,NA,0
460,6,106,NA,NA,NA,0
461,6,106,NA,NA,NA,0
462,3,107,NA,NA,NA,0
463,3,107,NA,NA,NA,0
464,3,107,NA,NA,NA,0
465,6,108,NA,NA,NA,0
466,6,108,NA,NA,NA,0
467,6,108,NA,NA,NA,0
468,6,108,NA,NA,NA,0
469,6,108,NA,NA,NA,0
470,6,108,NA,NA,NA,0
471,6,109,NA,NA,NA,0
472,6,109,NA,NA,NA,0
473,6,109,NA,NA,NA,0
474,6,109,NA,NA,NA,0
475,6,109,NA,NA,NA,0
476,6,109,NA,NA,NA,0
477,5,110,NA,NA,NA,0
478,5,110,NA,NA,NA,0
479,5,110,NA,NA,NA,0
480,5,110,NA,NA,NA,0
481,5,110,NA,NA,NA,0
482,4,111,NA,NA,NA,0
483,4,111,NA,NA,NA,0
484,4,111,NA,NA,NA,0
485,4,111,"C",NA,3,0
486,4,112,NA,NA,NA,0
487,4,112,NA,NA,NA,0
488,4,112,NA,NA,NA,0
489,4,112,NA,NA,NA,0
490,5,113,NA,NA,NA,0
491,5,113,NA,NA,NA,0
492,5,113,NA,NA,NA,0
493,5,113,NA,NA,NA,0
494,5,113,NA,NA,NA,0
495,3,114,NA,NA,NA,0
496,3,114,NA,NA,NA,0
497,3,114,NA,NA,NA,0
498,3,115,NA,NA,NA,0
499,3,115,NA,NA,NA,0
500,3,115,NA,NA,NA,0
501,3,116,NA,NA,NA,0
502,3,116,NA,NA,NA,0
503,3,116,NA,NA,NA,0
504,6,117,NA,NA,NA,0
505,6,117,NA,NA,NA,0
506,6,117,NA,NA,NA,0
507,6,117,"E",NA,NA,0
508,6,117,"E",92,5,0
509,6,117,NA,NA,NA,0
510,5,118,NA,NA,NA,0
511,5,118,NA,NA,NA,0
512,5,118,NA,NA,NA,0
513,5,118,NA,NA,NA,0
514,5,118,NA,NA,NA,0
515,4,119,NA,NA,NA,0
516,4,119,NA,NA,NA,0
517,4,119,"E",105,3,0
518,4,119,NA,NA,NA,0
519,6,120,NA,NA,NA,0
520,6,120,NA,NA,NA,0
521,6,120,NA,NA,NA,0
522,6,120,NA,NA,NA,0
523,6,120,NA,NA,NA,0
524,6,120,NA,NA,NA,0
525,5,121,NA,NA,NA,0
526,5,121,NA,NA,NA,0
527,5,121,NA,NA,NA,0
528,5,121,NA,NA,NA,0
529,5,121,NA,NA,NA,0
530,6,122,NA,NA,NA,0
531,6,122,NA,NA,NA,0
532,6,122,NA,NA,NA,0
533,6,122,NA,NA,NA,0
534,6,122,NA,NA,NA,0
535,6,122,NA,NA,NA,0
536,5,123,NA,NA,NA,0
537,5,123,NA,NA,NA,0
538,5,123,NA,NA,NA,0
539,5,123,NA,NA,NA,0
540,5,123,NA,NA,NA,0
541,5,124,NA,NA,NA,0
542,5,124,NA,NA,NA,0
543,5,124,NA,NA,NA,0
544,5,124,NA,NA,NA,0
545,5,124,NA,NA,NA,0
546,6,125,NA,NA,NA,0
547,6,125,NA,NA,NA,0
548,6,125,NA,NA,NA,0
549,6,125,NA,NA,NA,0
550,6,125,NA,NA,NA,0
551,6,125,NA,NA,NA,0
552,4,126,NA,NA,NA,0
553,4,126,NA,NA,NA,0
554,4,126,NA,NA,NA,0
555,4,126,NA,NA,NA,0
556,3,127,NA,NA,NA,0
557,3,127,NA,NA,NA,0
558,3,127,NA,NA,NA,0
559,4,128,NA,NA,NA,0
560,4,128,NA,NA,NA,0
561,4,128,NA,NA,NA,0
562,4,128,NA,NA,NA,0
563,6,129,NA,NA,NA,0
564,6,129,NA,NA,NA,0
565,6,129,NA,NA,NA,0
566,6,129,NA,NA,NA,0
567,6,129,NA,NA,NA,0
568,6,129,NA,NA,NA,0
569,4,130,NA,NA,NA,0
570,4,130,NA,NA,NA,0
571,4,130,NA,NA,NA,0
572,4,130,NA,NA,NA,0
573,4,131,NA,NA,NA,0
574,4,131,NA,NA,NA,0
575,4,131,NA,NA,NA,0
576,4,131,NA,NA,NA,0
577,5,132,NA,NA,NA,0
578,5,132,NA,NA,NA,0
579,5,132,NA,NA,NA,0
580,5,132,NA,NA,NA,0
581,5,132,NA,NA,NA,0
582,4,133,NA,NA,NA,0
583,4,133,NA,NA,NA,0
584,4,133,NA,NA,NA,0
585,4,133,NA,NA,NA,0
586,3,134,NA,NA,NA,0
587,3,134,"E",NA,2,1
588,3,134,"H",161,1,0
589,5,135,NA,NA,NA,0
590,5,135,NA,NA,NA,0
591,5,135,NA,NA,NA,0
592,5,135,NA,NA,NA,0
593,5,135,NA,NA,NA,0
594,3,136,NA,NA,NA,0
595,3,136,NA,NA,NA,0
596,3,136,NA,NA,NA,0
597,4,137,NA,NA,NA,0
598,4,137,NA,NA,NA,0
599,4,137,NA,NA,NA,0
600,4,137,NA,NA,NA,0
601,6,138,NA,NA,NA,0
602,6,138,NA,NA,NA,0
603,6,138,NA,NA,NA,0
604,6,138,NA,NA,NA,0
605,6,138,NA,NA,NA,0
606,6,138,NA,NA,NA,0
607,4,139,NA,NA,NA,0
608,4,139,NA,NA,NA,0
609,4,139,NA,NA,NA,0
610,4,139,NA,NA,NA,0
611,3,140,NA,NA,NA,0
612,3,140,NA,NA,NA,0
613,3,140,NA,NA,NA,0
614,5,141,NA,NA,NA,0
615,5,141,NA,NA,NA,0
616,5,141,NA,NA,NA,0
617,5,141,NA,NA,NA,0
618,5,141,NA,NA,NA,0
619,4,142,NA,NA,NA,0
620,4,142,NA,NA,NA,0
621,4,142,NA,NA,NA,0
622,4,142,NA,NA,NA,0
623,6,143,"E",307,4,1
624,6,143,"H",333,3,0
625,6,143,NA,NA,NA,0
626,6,143,"E",72,5,0
627,6,143,NA,NA,NA,0
628,6,143,NA,NA,NA,0
629,6,144,NA,NA,NA,0
630,6,144,NA,NA,NA,0
631,6,144,NA,NA,NA,0
632,6,144,NA,NA,NA,0
633,6,144,NA,NA,NA,0
634,6,144,NA,NA,NA,0
635,4,145,NA,NA,NA,0
636,4,145,NA,NA,NA,0
637,4,145,NA,NA,NA,0
638,4,145,"E",342,3,0
639,6,146,NA,NA,NA,0
640,6,146,NA,NA,NA,0
641,6,146,NA,NA,NA,0
642,6,146,NA,NA,NA,0
643,6,146,NA,NA,NA,0
644,6,146,NA,NA,NA,0
645,4,147,NA,NA,NA,0
646,4,147,NA,NA,NA,0
647,4,147,NA,NA,NA,0
648,4,147,NA,NA,NA,0
649,3,148,NA,NA,NA,0
650,3,148,NA,NA,NA,0
651,3,148,NA,NA,NA,0
652,3,149,"E",NA,2,0
653,3,149,NA,NA,NA,0
654,3,149,NA,NA,NA,0
655,6,150,NA,NA,NA,0
656,6,150,NA,NA,NA,0
657,6,150,NA,NA,NA,0
658,6,150,NA,NA,NA,0
659,6,150,NA,NA,NA,0
660,6,150,NA,NA,NA,0
661,6,151,"H",177,1,1
662,6,151,"H",NA,3,2
663,6,151,"H",206,0,0
664,6,151,"H",NA,4,1
665,6,151,"H",257,0,0
666,6,151,"E",64,5,1
667,4,152,NA,NA,NA,0
668,4,152,NA,NA,NA,0
669,4,152,NA,NA,NA,0
670,4,152,NA,NA,NA,0
671,3,153,NA,NA,NA,0
672,3,153,"E",NA,2,0
673,3,153,"E",333,1,0
674,5,154,NA,NA,NA,0
675,5,154,NA,NA,NA,0
676,5,154,NA,NA,NA,0
677,5,154,NA,NA,NA,0
678,5,154,NA,NA,NA,0
679,3,155,NA,NA,NA,0
680,3,155,NA,NA,NA,0
681,3,155,NA,NA,NA,0
682,4,156,NA,NA,NA,0
683,4,156,NA,NA,NA,0
684,4,156,NA,NA,NA,0
685,4,156,NA,NA,NA,0
686,5,157,NA,NA,NA,0
687,5,157,NA,NA,NA,0
688,5,157,NA,NA,NA,0
689,5,157,NA,NA,NA,0
690,5,157,NA,NA,NA,0
691,5,158,NA,NA,NA,0
692,5,158,NA,NA,NA,0
693,5,158,NA,NA,NA,0
694,5,158,"E",NA,4,0
695,5,158,NA,NA,NA,0
696,4,159,NA,NA,NA,0
697,4,159,NA,NA,NA,0
698,4,159,NA,NA,NA,0
699,4,159,NA,NA,NA,0
700,3,160,NA,NA,NA,0
701,3,160,NA,NA,NA,0
702,3,160,NA,NA,NA,0
703,5,161,NA,NA,NA,0
704,5,161,NA,NA,NA,0
705,5,161,NA,NA,NA,0
706,5,161,NA,NA,NA,0
707,5,161,NA,NA,NA,0
708,6,162,NA,NA,NA,0
709,6,162,"E",120,5,0
710,6,162,NA,NA,NA,0
711,6,162,NA,NA,NA,0
712,6,162,NA,NA,NA,0
713,6,162,NA,NA,NA,0
714,6,163,NA,NA,NA,0
715,6,163,NA,NA,NA,0
716,6,163,NA,NA,NA,0
717,6,163,NA,NA,NA,0
718,6,163,NA,NA,NA,0
719,6,163,NA,NA,NA,0
720,5,164,NA,NA,NA,0
721,5,164,NA,NA,NA,0
722,5,164,NA,NA,NA,0
723,5,164,NA,NA,NA,0
724,5,164,NA,NA,NA,0
725,6,165,NA,NA,NA,0
726,6,165,NA,NA,NA,0
727,6,165,NA,NA,NA,0
728,6,165,NA,NA,NA,0
729,6,165,NA,NA,NA,0
730,6,165,NA,NA,NA,0
731,6,166,NA,NA,NA,0
732,6,166,NA,NA,NA,0
733,6,166,NA,NA,NA,0
734,6,166,NA,NA,NA,0
735,6,166,NA,NA,NA,0
736,6,166,NA,NA,NA,0
737,4,167,NA,NA,NA,0
738,4,167,"E",324,3,0
739,4,167,NA,NA,NA,0
740,4,167,NA,NA,NA,0
741,4,168,NA,NA,NA,0
742,4,168,"E",NA,3,1
743,4,168,NA,NA,NA,0
744,4,168,"H",145,2,0
745,4,169,NA,NA,NA,0
746,4,169,NA,NA,NA,0
747,4,169,NA,NA,NA,0
748,4,169,NA,NA,NA,0
749,6,170,NA,NA,NA,0
750,6,170,NA,NA,NA,0
751,6,170,NA,NA,NA,0
752,6,170,NA,NA,NA,0
753,6,170,NA,NA,NA,0
754,6,170,NA,NA,NA,0
755,4,171,NA,NA,NA,0
756,4,171,NA,NA,NA,0
757,4,171,NA,NA,NA,0
758,4,171,NA,NA,NA,0
759,6,172,NA,NA,NA,0
760,6,172,NA,NA,NA,0
761,6,172,NA,NA,NA,0
762,6,172,NA,NA,NA,0
763,6,172,NA,NA,NA,0
764,6,172,NA,NA,NA,0
765,6,173,"H",44,3,1
766,6,173,"H",103,2,0
767,6,173,NA,NA,NA,0
768,6,173,NA,NA,NA,0
769,6,173,"H",NA,2,0
770,6,173,"E",NA,5,2
771,4,174,NA,NA,NA,0
772,4,174,NA,NA,NA,0
773,4,174,NA,NA,NA,0
774,4,174,NA,NA,NA,0
775,3,175,NA,NA,NA,0
776,3,175,NA,NA,NA,0
777,3,175,NA,NA,NA,0
778,6,176,NA,NA,NA,0
779,6,176,NA,NA,NA,0
780,6,176,NA,NA,NA,0
781,6,176,NA,NA,NA,0
782,6,176,NA,NA,NA,0
783,6,176,NA,NA,NA,0
784,4,177,NA,NA,NA,0
785,4,177,NA,NA,NA,0
786,4,177,NA,NA,NA,0
787,4,177,NA,NA,NA,0
788,3,178,NA,NA,NA,0
789,3,178,NA,NA,NA,0
790,3,178,NA,NA,NA,0
791,5,179,NA,NA,NA,0
792,5,179,"H",277,1,0
793,5,179,"E",72,4,0
794,5,179,"E",241,3,1
795,5,179,"E",NA,1,0
796,3,180,NA,NA,NA,0
797,3,180,NA,NA,NA,0
798,3,180,NA,NA,NA,0
799,4,181,NA,NA,NA,0
800,4,181,NA,NA,NA,0
801,4,181,NA,NA,NA,0
802,4,181,NA,NA,NA,0
803,3,182,NA,NA,NA,0
804,3,182,NA,NA,NA,0
805,3,182,NA,NA,NA,0
806,3,183,"E",64,2,1
807,3,183,"H",NA,1,1
808,3,183,"H",NA,0,0
809,6,184,"H",NA,2,1
810,6,184,"H",194,1,0
811,6,184,NA,NA,NA,0
812,6,184,"H",NA,2,0
813,6,184,"H",152,2,0
814,6,184,"E",NA,5,3
815,5,185,"H",NA,2,0
816,5,185,"E",159,4,2
817,5,185,NA,NA,NA,0
818,5,185,NA,NA,NA,0
819,5,185,"H",NA,2,0
820,6,186,NA,NA,NA,0
821,6,186,NA,NA,NA,0
822,6,186,NA,NA,NA,0
823,6,186,NA,NA,NA,0
824,6,186,NA,NA,NA,0
825,6,186,NA,NA,NA,0
826,4,187,NA,NA,NA,0
827,4,187,NA,NA,NA,0
828,4,187,NA,NA,NA,0
829,4,187,NA,NA,NA,0
830,3,188,NA,NA,NA,0
831,3,188,NA,NA,NA,0
832,3,188,NA,NA,NA,0
833,3,189,NA,NA,NA,0
834,3,189,NA,NA,NA,0
835,3,189,NA,NA,NA,0
836,4,190,NA,NA,NA,0
837,4,190,NA,NA,NA,0
838,4,190,NA,NA,NA,0
839,4,190,NA,NA,NA,0
840,5,191,NA,NA,NA,0
841,5,191,NA,NA,NA,0
842,5,191,NA,NA,NA,0
843,5,191,NA,NA,NA,0
844,5,191,NA,NA,NA,0
845,6,192,NA,NA,NA,0
846,6,192,NA,NA,NA,0
847,6,192,NA,NA,NA,0
848,6,192,NA,NA,NA,0
849,6,192,NA,NA,NA,0
850,6,192,NA,NA,NA,0
851,4,193,NA,NA,NA,0
852,4,193,"E",294,3,0
853,4,193,NA,NA,NA,0
854,4,193,NA,NA,NA,0
855,6,194,NA,NA,NA,0
856,6,194,NA,NA,NA,0
857,6,194,NA,NA,NA,0
858,6,194,NA,NA,NA,0
859,6,194,NA,NA,NA,0
860,6,194,NA,NA,NA,0
861,3,195,NA,NA,NA,0
862,3,195,NA,NA,NA,0
863,3,195,NA,NA,NA,0
864,4,196,NA,NA,NA,0
865,4,196,NA,NA,NA,0
866,4,196,NA,NA,NA,0
867,4,196,NA,NA,NA,0
868,5,197,NA,NA,NA,0
869,5,197,NA,NA,NA,0
870,5,197,NA,NA,NA,0
871,5,197,NA,NA,NA,0
872,5,197,NA,NA,NA,0
873,3,198,NA,NA,NA,0
874,3,198,NA,NA,NA,0
875,3,198,NA,NA,NA,0
876,4,199,NA,NA,NA,0
877,4,199,NA,NA,NA,0
878,4,199,NA,NA,NA,0
879,4,199,NA,NA,NA,0
880,6,200,"E",314,5,1
881,6,200,NA,NA,NA,0
882,6,200,"H",NA,NA,0
883,6,200,NA,NA,NA,0
884,6,200,"H",NA,4,1
885,6,200,NA,NA,NA,0
886,4,201,"H",233,2,0
887,4,201,NA,NA,NA,0
888,4,201,NA,NA,NA,0
889,4,201,"E",NA,3,1
890,3,202,NA,NA,NA,0
891,3,202,"E",NA,NA,0
892,3,202,NA,NA,NA,0
893,3,203,NA,NA,NA,0
894,3,203,NA,NA,NA,0
895,3,203,"E",NA,2,0
896,4,204,NA,NA,NA,0
897,4,204,NA,NA,NA,0
898,4,204,NA,NA,NA,0
899,4,204,NA,NA,NA,0
900,3,205,NA,NA,NA,0
901,3,205,NA,NA,NA,0
902,3,205,NA,NA,NA,0
903,3,206,NA,NA,NA,0
904,3,206,NA,NA,NA,0
905,3,206,NA,NA,NA,0
906,5,207,NA,NA,NA,0
907,5,207,NA,NA,NA,0
908,5,207,NA,NA,NA,0
909,5,207,NA,NA,NA,0
910,5,207,NA,NA,NA,0
911,4,208,NA,NA,NA,0
912,4,208,"H",227,2,1
913,4,208,"H",NA,1,0
914,4,208,"E",NA,3,1
915,4,209,"E",NA,3,0
916,4,209,NA,NA,NA,0
917,4,209,NA,NA,NA,0
918,4,209,NA,NA,NA,0
919,6,210,NA,NA,NA,0
920,6,210,NA,NA,NA,0
921,6,210,NA,NA,NA,0
922,6,210,NA,NA,NA,0
923,6,210,NA,NA,NA,0
924,6,210,NA,NA,NA,0
925,4,211,NA,NA,NA,0
926,4,211,NA,NA,NA,0
927,4,211,NA,NA,NA,0
928,4,211,NA,NA,NA,0
929,5,212,NA,NA,NA,0
930,5,212,NA,NA,NA,0
931,5,212,NA,NA,NA,0
932,5,212,NA,NA,NA,0
933,5,212,NA,NA,NA,0
934,3,213,NA,NA,NA,0
935,3,213,NA,NA,NA,0
936,3,213,NA,NA,NA,0
937,4,214,NA,NA,NA,0
938,4,214,NA,NA,NA,0
939,4,214,NA,NA,NA,0
940,4,214,NA,NA,NA,0
941,6,215,"E",236,4,1
942,6,215,"H",NA,NA,0
943,6,215,"H",NA,2,1
944,6,215,"E",224,4,0
945,6,215,NA,NA,NA,0
946,6,215,"H",273,3,1
947,3,216,NA,NA,NA,0
948,3,216,NA,NA,NA,0
949,3,216,NA,NA,NA,0
950,3,217,NA,NA,NA,0
951,3,217,NA,NA,NA,0
952,3,217,NA,NA,NA,0
953,3,218,"H",NA,1,0
954,3,218,NA,NA,NA,0
955,3,218,"E",252,2,1
956,3,219,NA,NA,NA,0
957,3,219,NA,NA,NA,0
958,3,219,NA,NA,NA,0
959,4,220,NA,NA,NA,0
960,4,220,NA,NA,NA,0
961,4,220,NA,NA,NA,0
962,4,220,NA,NA,NA,0
963,3,221,NA,NA,NA,0
964,3,221,NA,NA,NA,0
965,3,221,NA,NA,NA,0
966,6,222,NA,NA,NA,0
967,6,222,NA,NA,NA,0
968,6,222,NA,NA,NA,0
969,6,222,NA,NA,NA,0
970,6,222,NA,NA,NA,0
971,6,222,NA,NA,NA,0
972,6,223,"H",NA,2,0
973,6,223,"H",138,4,2
974,6,223,"E",101,5,1
975,6,223,NA,NA,NA,0
976,6,223,NA,NA,NA,0
977,6,223,"H",154,2,0
978,3,224,NA,NA,NA,0
979,3,224,NA,NA,NA,0
980,3,224,NA,NA,NA,0
981,4,225,NA,NA,NA,0
982,4,225,NA,NA,NA,0
983,4,225,NA,NA,NA,0
984,4,225,NA,NA,NA,0
985,4,226,NA,NA,NA,0
986,4,226,NA,NA,NA,0
987,4,226,NA,NA,NA,0
988,4,226,NA,NA,NA,0
989,4,227,"H",284,1,1
990,4,227,"H",NA,0,0
991,4,227,"H",NA,1,0
992,4,227,"E",204,3,2
993,3,228,NA,NA,NA,0
994,3,228,NA,NA,NA,0
995,3,228,NA,NA,NA,0
996,5,229,NA,NA,NA,0
997,5,229,NA,NA,NA,0
998,5,229,NA,NA,NA,0
999,5,229,NA,NA,NA,0
1000,5,229,NA,NA,NA,0
