"ID","SIZE","HH","TYPE","TIME","S_NUM","I_NUM"
1,4,1,"0",NA,NA,0
2,4,1,"E",170,2,0
3,4,1,NA,NA,NA,0
4,4,1,NA,NA,NA,0
5,4,2,NA,NA,NA,0
6,4,2,NA,NA,NA,0
7,4,2,NA,NA,NA,0
8,4,2,NA,NA,NA,0
9,3,3,NA,NA,NA,0
10,3,3,NA,NA,NA,0
11,3,3,NA,NA,NA,0
12,4,4,"E",271,3,1
13,4,4,NA,NA,NA,0
14,4,4,"H",321,2,0
15,4,4,NA,NA,NA,0
16,4,5,NA,NA,NA,0
17,4,5,NA,NA,NA,0
18,4,5,NA,NA,NA,0
19,4,5,NA,NA,NA,0
20,4,6,NA,NA,NA,0
21,4,6,NA,NA,NA,0
22,4,6,NA,NA,NA,0
23,4,6,NA,NA,NA,0
24,3,7,NA,NA,NA,0
25,3,7,NA,NA,NA,0
26,3,7,NA,NA,NA,0
27,6,8,NA,NA,NA,0
28,6,8,NA,NA,NA,0
29,6,8,NA,NA,NA,0
30,6,8,"E",93,5,0
31,6,8,NA,NA,NA,0
32,6,8,NA,NA,NA,0
33,4,9,NA,NA,NA,0
34,4,9,NA,NA,NA,0
35,4,9,NA,NA,NA,0
36,4,9,NA,NA,NA,0
37,3,10,NA,NA,NA,0
38,3,10,NA,NA,NA,0
39,3,10,NA,NA,NA,0
40,3,11,"H",NA,NA,0
41,3,11,"E",345,2,1
42,3,11,NA,NA,NA,0
43,5,12,NA,NA,NA,0
44,5,12,NA,NA,NA,0
45,5,12,NA,NA,NA,0
46,5,12,NA,NA,NA,0
47,5,12,NA,NA,NA,0
48,4,13,NA,NA,NA,0
49,4,13,NA,NA,NA,0
50,4,13,NA,NA,NA,0
51,4,13,NA,NA,NA,0
52,6,14,NA,NA,NA,0
53,6,14,NA,NA,NA,0
54,6,14,NA,NA,NA,0
55,6,14,NA,NA,NA,0
56,6,14,NA,NA,NA,0
57,6,14,"E",330,5,0
58,3,15,"E",NA,NA,0
59,3,15,NA,NA,NA,0
60,3,15,NA,NA,NA,0
61,5,16,NA,NA,NA,0
62,5,16,NA,NA,NA,0
63,5,16,NA,NA,NA,0
64,5,16,NA,NA,NA,0
65,5,16,NA,NA,NA,0
66,6,17,NA,NA,NA,0
67,6,17,NA,NA,NA,0
68,6,17,NA,NA,NA,0
69,6,17,NA,NA,NA,0
70,6,17,"E",NA,NA,0
71,6,17,NA,NA,NA,0
72,4,18,"E",142,3,0
73,4,18,NA,NA,NA,0
74,4,18,NA,NA,NA,0
75,4,18,NA,NA,NA,0
76,6,19,NA,NA,NA,0
77,6,19,NA,NA,NA,0
78,6,19,"H",136,4,0
79,6,19,"C",99,5,1
80,6,19,NA,NA,NA,0
81,6,19,NA,NA,NA,0
82,3,20,NA,NA,NA,0
83,3,20,"E",91,2,0
84,3,20,NA,NA,NA,0
85,5,21,"H",126,2,0
86,5,21,"H",112,3,1
87,5,21,NA,NA,NA,0
88,5,21,NA,NA,NA,0
89,5,21,"E",73,4,1
90,5,22,NA,NA,NA,0
91,5,22,NA,NA,NA,0
92,5,22,NA,NA,NA,0
93,5,22,NA,NA,NA,0
94,5,22,NA,NA,NA,0
95,3,23,NA,NA,NA,0
96,3,23,NA,NA,NA,0
97,3,23,NA,NA,NA,0
98,5,24,NA,NA,NA,0
99,5,24,NA,NA,NA,0
100,5,24,NA,NA,NA,0
101,5,24,NA,NA,NA,0
102,5,24,NA,NA,NA,0
103,3,25,NA,NA,NA,0
104,3,25,NA,NA,NA,0
105,3,25,NA,NA,NA,0
106,3,26,"E",162,2,1
107,3,26,"H",227,0,0
108,3,26,"H",188,1,1
109,3,27,"E",255,2,1
110,3,27,"H",281,1,1
111,3,27,"H",318,0,0
112,5,28,NA,NA,NA,0
113,5,28,NA,NA,NA,0
114,5,28,NA,NA,NA,0
115,5,28,"E",273,4,0
116,5,28,NA,NA,NA,0
117,3,29,NA,NA,NA,0
118,3,29,"E",223,2,1
119,3,29,"H",243,1,0
120,5,30,"E",126,4,1
121,5,30,NA,NA,NA,0
122,5,30,NA,NA,NA,0
123,5,30,"H",182,3,0
124,5,30,NA,NA,NA,0
125,6,31,"H",228,2,1
126,6,31,"H",201,3,1
127,6,31,"H",252,1,0
128,6,31,"E",165,5,2
129,6,31,"E",NA,NA,0
130,6,31,"H",215,2,0
131,4,32,"H",90,1,0
132,4,32,NA,NA,NA,0
133,4,32,"E",46,3,1
134,4,32,"H",68,2,1
135,4,33,NA,NA,NA,0
136,4,33,NA,NA,NA,0
137,4,33,NA,NA,NA,0
138,4,33,NA,NA,NA,0
139,4,34,NA,NA,NA,0
140,4,34,NA,NA,NA,0
141,4,34,NA,NA,NA,0
142,4,34,NA,NA,NA,0
143,4,35,NA,NA,NA,0
144,4,35,NA,NA,NA,0
145,4,35,NA,NA,NA,0
146,4,35,NA,NA,NA,0
147,5,36,"H",181,3,0
148,5,36,"E",283,2,1
149,5,36,"H",314,1,0
150,5,36,NA,NA,NA,0
151,5,36,"E",145,4,1
152,4,37,NA,NA,NA,0
153,4,37,NA,NA,NA,0
154,4,37,NA,NA,NA,0
155,4,37,"E",91,3,0
156,3,38,"H",274,1,0
157,3,38,NA,NA,NA,0
158,3,38,"E",225,2,1
159,4,39,NA,NA,NA,0
160,4,39,"H",NA,NA,0
161,4,39,"E",353,3,1
162,4,39,NA,NA,NA,0
163,6,40,"E",51,5,0
164,6,40,NA,NA,NA,0
165,6,40,NA,NA,NA,0
166,6,40,NA,NA,NA,0
167,6,40,NA,NA,NA,0
168,6,40,NA,NA,NA,0
169,3,41,NA,NA,NA,0
170,3,41,NA,NA,NA,0
171,3,41,NA,NA,NA,0
172,3,42,"E",187,2,0
173,3,42,NA,NA,NA,0
174,3,42,NA,NA,NA,0
175,6,43,"H",168,1,1
176,6,43,"H",156,1,0
177,6,43,"H",213,0,0
178,6,43,"H",132,4,2
179,6,43,"E",86,5,1
180,6,43,"H",144,2,1
181,3,44,NA,NA,NA,0
182,3,44,NA,NA,NA,0
183,3,44,NA,NA,NA,0
184,5,45,NA,NA,NA,0
185,5,45,NA,NA,NA,0
186,5,45,NA,NA,NA,0
187,5,45,NA,NA,NA,0
188,5,45,NA,NA,NA,0
189,3,46,NA,NA,NA,0
190,3,46,NA,NA,NA,0
191,3,46,NA,NA,NA,0
192,5,47,NA,NA,NA,0
193,5,47,NA,NA,NA,0
194,5,47,NA,NA,NA,0
195,5,47,NA,NA,NA,0
196,5,47,NA,NA,NA,0
197,6,48,NA,NA,NA,0
198,6,48,NA,NA,NA,0
199,6,48,NA,NA,NA,0
200,6,48,NA,NA,NA,0
201,6,48,NA,NA,NA,0
202,6,48,NA,NA,NA,0
203,3,49,NA,NA,NA,0
204,3,49,NA,NA,NA,0
205,3,49,NA,NA,NA,0
206,6,50,NA,NA,NA,0
207,6,50,"H",86,4,0
208,6,50,"E",51,5,1
209,6,50,NA,NA,NA,0
210,6,50,NA,NA,NA,0
211,6,50,NA,NA,NA,0
212,3,51,NA,NA,NA,0
213,3,51,NA,NA,NA,0
214,3,51,NA,NA,NA,0
215,4,52,NA,NA,NA,0
216,4,52,"E",NA,NA,0
217,4,52,NA,NA,NA,0
218,4,52,NA,NA,NA,0
219,4,53,NA,NA,NA,0
220,4,53,NA,NA,NA,0
221,4,53,NA,NA,NA,0
222,4,53,NA,NA,NA,0
223,5,54,NA,NA,NA,0
224,5,54,NA,NA,NA,0
225,5,54,NA,NA,NA,0
226,5,54,NA,NA,NA,0
227,5,54,NA,NA,NA,0
228,6,55,"H",268,2,0
229,6,55,NA,NA,NA,0
230,6,55,"H",202,4,1
231,6,55,NA,NA,NA,0
232,6,55,"H",234,3,1
233,6,55,"C",160,5,1
234,6,56,"H",127,3,1
235,6,56,"H",213,1,0
236,6,56,"H",187,2,1
237,6,56,"E",112,5,2
238,6,56,NA,NA,NA,0
239,6,56,"H",145,2,0
240,5,57,NA,NA,NA,0
241,5,57,"H",NA,NA,0
242,5,57,"E",350,3,1
243,5,57,NA,NA,NA,0
244,5,57,"E",340,3,0
245,4,58,NA,NA,NA,0
246,4,58,NA,NA,NA,0
247,4,58,NA,NA,NA,0
248,4,58,NA,NA,NA,0
249,3,59,NA,NA,NA,0
250,3,59,NA,NA,NA,0
251,3,59,NA,NA,NA,0
252,4,60,NA,NA,NA,0
253,4,60,NA,NA,NA,0
254,4,60,NA,NA,NA,0
255,4,60,NA,NA,NA,0
256,6,61,NA,NA,NA,0
257,6,61,"H",73,3,0
258,6,61,NA,NA,NA,0
259,6,61,"E",48,5,2
260,6,61,NA,NA,NA,0
261,6,61,"H",93,3,0
262,6,62,NA,NA,NA,0
263,6,62,NA,NA,NA,0
264,6,62,NA,NA,NA,0
265,6,62,"E",283,5,0
266,6,62,NA,NA,NA,0
267,6,62,NA,NA,NA,0
268,4,63,NA,NA,NA,0
269,4,63,NA,NA,NA,0
270,4,63,NA,NA,NA,0
271,4,63,NA,NA,NA,0
272,4,64,NA,NA,NA,0
273,4,64,NA,NA,NA,0
274,4,64,NA,NA,NA,0
275,4,64,NA,NA,NA,0
276,5,65,NA,NA,NA,0
277,5,65,NA,NA,NA,0
278,5,65,NA,NA,NA,0
279,5,65,NA,NA,NA,0
280,5,65,"E",66,4,0
281,3,66,NA,NA,NA,0
282,3,66,NA,NA,NA,0
283,3,66,NA,NA,NA,0
284,4,67,NA,NA,NA,0
285,4,67,NA,NA,NA,0
286,4,67,NA,NA,NA,0
287,4,67,NA,NA,NA,0
288,5,68,NA,NA,NA,0
289,5,68,NA,NA,NA,0
290,5,68,NA,NA,NA,0
291,5,68,NA,NA,NA,0
292,5,68,NA,NA,NA,0
293,6,69,"H",NA,NA,0
294,6,69,"E",329,5,1
295,6,69,NA,NA,NA,0
296,6,69,NA,NA,NA,0
297,6,69,NA,NA,NA,0
298,6,69,NA,NA,NA,0
299,4,70,NA,NA,NA,0
300,4,70,NA,NA,NA,0
301,4,70,NA,NA,NA,0
302,4,70,"E",306,3,0
303,3,71,NA,NA,NA,0
304,3,71,NA,NA,NA,0
305,3,71,NA,NA,NA,0
306,4,72,"E",158,3,0
307,4,72,"H",258,1,0
308,4,72,"E",201,2,1
309,4,72,NA,NA,NA,0
310,5,73,"E",123,3,1
311,5,73,NA,NA,NA,0
312,5,73,"E",143,2,1
313,5,73,"H",165,1,0
314,5,73,"H",195,1,0
315,3,74,NA,NA,NA,0
316,3,74,NA,NA,NA,0
317,3,74,"E",296,2,0
318,3,75,NA,NA,NA,0
319,3,75,NA,NA,NA,0
320,3,75,NA,NA,NA,0
321,3,76,NA,NA,NA,0
322,3,76,NA,NA,NA,0
323,3,76,NA,NA,NA,0
324,6,77,"E",61,5,1
325,6,77,"H",327,2,0
326,6,77,"H",92,4,0
327,6,77,NA,NA,NA,0
328,6,77,"E",290,3,1
329,6,77,NA,NA,NA,0
330,5,78,"H",186,2,0
331,5,78,"H",138,3,1
332,5,78,NA,NA,NA,0
333,5,78,NA,NA,NA,0
334,5,78,"E",114,4,1
335,5,79,"E",112,4,0
336,5,79,NA,NA,NA,0
337,5,79,NA,NA,NA,0
338,5,79,NA,NA,NA,0
339,5,79,NA,NA,NA,0
340,3,80,"C",119,2,1
341,3,80,"H",140,0,0
342,3,80,"E",173,0,0
343,3,81,NA,NA,NA,0
344,3,81,NA,NA,NA,0
345,3,81,NA,NA,NA,0
346,5,82,NA,NA,NA,0
347,5,82,NA,NA,NA,0
348,5,82,"C",247,4,0
349,5,82,NA,NA,NA,0
350,5,82,NA,NA,NA,0
351,5,83,NA,NA,NA,0
352,5,83,NA,NA,NA,0
353,5,83,NA,NA,NA,0
354,5,83,NA,NA,NA,0
355,5,83,NA,NA,NA,0
356,4,84,NA,NA,NA,0
357,4,84,"E",NA,NA,0
358,4,84,NA,NA,NA,0
359,4,84,NA,NA,NA,0
360,5,85,"E",112,3,0
361,5,85,"E",146,2,0
362,5,85,NA,NA,NA,0
363,5,85,"E",58,3,0
364,5,85,NA,NA,NA,0
365,3,86,NA,NA,NA,0
366,3,86,NA,NA,NA,0
367,3,86,NA,NA,NA,0
368,6,87,"E",123,5,0
369,6,87,"E",225,4,1
370,6,87,NA,NA,NA,0
371,6,87,"H",250,3,0
372,6,87,NA,NA,NA,0
373,6,87,NA,NA,NA,0
374,5,88,"E",255,4,3
375,5,88,"H",289,1,0
376,5,88,"H",289,1,0
377,5,88,"H",271,1,0
378,5,88,NA,NA,NA,0
379,3,89,"H",258,1,1
380,3,89,"E",223,2,1
381,3,89,"H",342,0,0
382,4,90,NA,NA,NA,0
383,4,90,NA,NA,NA,0
384,4,90,NA,NA,NA,0
385,4,90,NA,NA,NA,0
386,6,91,"E",243,5,1
387,6,91,"H",336,3,0
388,6,91,NA,NA,NA,0
389,6,91,NA,NA,NA,0
390,6,91,NA,NA,NA,0
391,6,91,"H",287,4,1
392,6,92,NA,NA,NA,0
393,6,92,NA,NA,NA,0
394,6,92,NA,NA,NA,0
395,6,92,NA,NA,NA,0
396,6,92,NA,NA,NA,0
397,6,92,NA,NA,NA,0
398,5,93,NA,NA,NA,0
399,5,93,NA,NA,NA,0
400,5,93,NA,NA,NA,0
401,5,93,NA,NA,NA,0
402,5,93,NA,NA,NA,0
403,5,94,NA,NA,NA,0
404,5,94,NA,NA,NA,0
405,5,94,NA,NA,NA,0
406,5,94,"E",129,4,0
407,5,94,NA,NA,NA,0
408,3,95,NA,NA,NA,0
409,3,95,NA,NA,NA,0
410,3,95,NA,NA,NA,0
411,6,96,"H",259,2,0
412,6,96,"H",291,1,0
413,6,96,NA,NA,NA,0
414,6,96,"H",269,2,1
415,6,96,"E",227,5,3
416,6,96,"H",272,2,0
417,5,97,"E",284,4,0
418,5,97,NA,NA,NA,0
419,5,97,NA,NA,NA,0
420,5,97,NA,NA,NA,0
421,5,97,NA,NA,NA,0
422,6,98,NA,NA,NA,0
423,6,98,NA,NA,NA,0
424,6,98,NA,NA,NA,0
425,6,98,NA,NA,NA,0
426,6,98,"E",210,5,0
427,6,98,NA,NA,NA,0
428,5,99,NA,NA,NA,0
429,5,99,NA,NA,NA,0
430,5,99,NA,NA,NA,0
431,5,99,NA,NA,NA,0
432,5,99,NA,NA,NA,0
433,4,100,"E",68,3,1
434,4,100,"E",184,1,1
435,4,100,"H",226,0,0
436,4,100,"H",90,2,0
437,6,101,NA,NA,NA,0
438,6,101,NA,NA,NA,0
439,6,101,NA,NA,NA,0
440,6,101,NA,NA,NA,0
441,6,101,"E",124,5,0
442,6,101,NA,NA,NA,0
443,3,102,NA,NA,NA,0
444,3,102,NA,NA,NA,0
445,3,102,NA,NA,NA,0
446,3,103,NA,NA,NA,0
447,3,103,NA,NA,NA,0
448,3,103,NA,NA,NA,0
449,5,104,NA,NA,NA,0
450,5,104,"E",173,4,0
451,5,104,NA,NA,NA,0
452,5,104,"E",347,3,0
453,5,104,NA,NA,NA,0
454,3,105,NA,NA,NA,0
455,3,105,"E",NA,NA,0
456,3,105,NA,NA,NA,0
457,5,106,NA,NA,NA,0
458,5,106,NA,NA,NA,0
459,5,106,NA,NA,NA,0
460,5,106,NA,NA,NA,0
461,5,106,NA,NA,NA,0
462,5,107,NA,NA,NA,0
463,5,107,NA,NA,NA,0
464,5,107,"E",264,4,0
465,5,107,NA,NA,NA,0
466,5,107,NA,NA,NA,0
467,4,108,NA,NA,NA,0
468,4,108,NA,NA,NA,0
469,4,108,NA,NA,NA,0
470,4,108,NA,NA,NA,0
471,3,109,"E",82,2,0
472,3,109,NA,NA,NA,0
473,3,109,NA,NA,NA,0
474,3,110,"E",238,1,0
475,3,110,"E",204,1,0
476,3,110,NA,NA,NA,0
477,6,111,"E",44,5,0
478,6,111,NA,NA,NA,0
479,6,111,NA,NA,NA,0
480,6,111,NA,NA,NA,0
481,6,111,NA,NA,NA,0
482,6,111,NA,NA,NA,0
483,4,112,NA,NA,NA,0
484,4,112,"E",67,3,2
485,4,112,"H",114,1,0
486,4,112,"H",115,1,0
487,6,113,NA,NA,NA,0
488,6,113,NA,NA,NA,0
489,6,113,"E",309,5,0
490,6,113,NA,NA,NA,0
491,6,113,NA,NA,NA,0
492,6,113,NA,NA,NA,0
493,3,114,NA,NA,NA,0
494,3,114,NA,NA,NA,0
495,3,114,NA,NA,NA,0
496,4,115,NA,NA,NA,0
497,4,115,"E",NA,NA,0
498,4,115,NA,NA,NA,0
499,4,115,"E",NA,NA,0
500,4,116,"C",251,3,1
501,4,116,"H",292,2,0
502,4,116,NA,NA,NA,0
503,4,116,NA,NA,NA,0
504,5,117,"E",199,4,1
505,5,117,NA,NA,NA,0
506,5,117,NA,NA,NA,0
507,5,117,"H",215,3,0
508,5,117,NA,NA,NA,0
509,5,118,NA,NA,NA,0
510,5,118,"H",357,2,0
511,5,118,"H",NA,NA,0
512,5,118,NA,NA,NA,0
513,5,118,"E",344,4,2
514,4,119,"E",277,3,1
515,4,119,"H",322,2,0
516,4,119,NA,NA,NA,0
517,4,119,NA,NA,NA,0
518,6,120,NA,NA,NA,0
519,6,120,NA,NA,NA,0
520,6,120,"E",331,5,1
521,6,120,NA,NA,NA,0
522,6,120,NA,NA,NA,0
523,6,120,"H",NA,NA,0
524,3,121,NA,NA,NA,0
525,3,121,NA,NA,NA,0
526,3,121,NA,NA,NA,0
527,3,122,NA,NA,NA,0
528,3,122,NA,NA,NA,0
529,3,122,NA,NA,NA,0
530,5,123,"E",138,2,0
531,5,123,"E",157,2,1
532,5,123,"E",163,1,0
533,5,123,"H",234,1,0
534,5,123,"E",271,0,0
535,6,124,NA,NA,NA,0
536,6,124,"H",170,3,1
537,6,124,"H",205,2,0
538,6,124,"E",142,5,2
539,6,124,NA,NA,NA,0
540,6,124,"H",211,2,0
541,3,125,NA,NA,NA,0
542,3,125,NA,NA,NA,0
543,3,125,NA,NA,NA,0
544,6,126,NA,NA,NA,0
545,6,126,"H",168,4,1
546,6,126,"E",NA,NA,0
547,6,126,NA,NA,NA,0
548,6,126,"H",194,3,0
549,6,126,"E",121,5,1
550,4,127,NA,NA,NA,0
551,4,127,NA,NA,NA,0
552,4,127,NA,NA,NA,0
553,4,127,"C",222,3,0
554,3,128,"E",106,2,0
555,3,128,NA,NA,NA,0
556,3,128,NA,NA,NA,0
557,6,129,NA,NA,NA,0
558,6,129,NA,NA,NA,0
559,6,129,NA,NA,NA,0
560,6,129,NA,NA,NA,0
561,6,129,NA,NA,NA,0
562,6,129,NA,NA,NA,0
563,3,130,NA,NA,NA,0
564,3,130,NA,NA,NA,0
565,3,130,NA,NA,NA,0
566,4,131,NA,NA,NA,0
567,4,131,"E",323,3,0
568,4,131,NA,NA,NA,0
569,4,131,NA,NA,NA,0
570,4,132,NA,NA,NA,0
571,4,132,"H",66,2,0
572,4,132,"E",36,3,1
573,4,132,NA,NA,NA,0
574,3,133,NA,NA,NA,0
575,3,133,NA,NA,NA,0
576,3,133,NA,NA,NA,0
577,3,134,NA,NA,NA,0
578,3,134,NA,NA,NA,0
579,3,134,NA,NA,NA,0
580,6,135,"E",284,4,2
581,6,135,"H",336,1,0
582,6,135,"E",284,4,0
583,6,135,"H",317,2,1
584,6,135,NA,NA,NA,0
585,6,135,"H",343,1,0
586,3,136,NA,NA,NA,0
587,3,136,NA,NA,NA,0
588,3,136,NA,NA,NA,0
589,6,137,NA,NA,NA,0
590,6,137,"E",329,3,0
591,6,137,NA,NA,NA,0
592,6,137,"H",83,4,0
593,6,137,NA,NA,NA,0
594,6,137,"E",58,5,1
595,3,138,NA,NA,NA,0
596,3,138,"C",321,2,1
597,3,138,"H",NA,NA,0
598,3,139,"H",111,1,0
599,3,139,"E",82,2,1
600,3,139,NA,NA,NA,0
601,4,140,NA,NA,NA,0
602,4,140,NA,NA,NA,0
603,4,140,NA,NA,NA,0
604,4,140,NA,NA,NA,0
605,4,141,NA,NA,NA,0
606,4,141,NA,NA,NA,0
607,4,141,"E",272,3,0
608,4,141,NA,NA,NA,0
609,3,142,NA,NA,NA,0
610,3,142,NA,NA,NA,0
611,3,142,NA,NA,NA,0
612,4,143,"E",297,2,0
613,4,143,NA,NA,NA,0
614,4,143,NA,NA,NA,0
615,4,143,"E",43,3,0
616,4,144,"H",288,2,1
617,4,144,"H",323,0,0
618,4,144,"H",311,1,1
619,4,144,"C",259,3,1
620,3,145,NA,NA,NA,0
621,3,145,"E",172,2,0
622,3,145,NA,NA,NA,0
623,6,146,NA,NA,NA,0
624,6,146,"E",222,5,0
625,6,146,NA,NA,NA,0
626,6,146,NA,NA,NA,0
627,6,146,NA,NA,NA,0
628,6,146,NA,NA,NA,0
629,3,147,NA,NA,NA,0
630,3,147,NA,NA,NA,0
631,3,147,NA,NA,NA,0
632,6,148,NA,NA,NA,0
633,6,148,"E",267,3,0
634,6,148,NA,NA,NA,0
635,6,148,"E",272,3,0
636,6,148,"E",261,3,0
637,6,148,NA,NA,NA,0
638,4,149,NA,NA,NA,0
639,4,149,NA,NA,NA,0
640,4,149,NA,NA,NA,0
641,4,149,NA,NA,NA,0
642,6,150,"H",157,2,1
643,6,150,"H",213,0,0
644,6,150,"H",172,1,1
645,6,150,"H",197,0,0
646,6,150,"E",131,5,2
647,6,150,"E",181,0,0
648,6,151,NA,NA,NA,0
649,6,151,NA,NA,NA,0
650,6,151,NA,NA,NA,0
651,6,151,NA,NA,NA,0
652,6,151,NA,NA,NA,0
653,6,151,NA,NA,NA,0
654,4,152,"E",261,2,1
655,4,152,"E",222,2,0
656,4,152,NA,NA,NA,0
657,4,152,"H",302,1,0
658,3,153,NA,NA,NA,0
659,3,153,"E",312,2,1
660,3,153,"H",337,1,0
661,6,154,NA,NA,NA,0
662,6,154,NA,NA,NA,0
663,6,154,"E",238,5,0
664,6,154,NA,NA,NA,0
665,6,154,NA,NA,NA,0
666,6,154,NA,NA,NA,0
667,5,155,"H",226,2,0
668,5,155,NA,NA,NA,0
669,5,155,"E",115,4,0
670,5,155,"E",180,3,1
671,5,155,NA,NA,NA,0
672,5,156,"H",315,2,1
673,5,156,"H",247,3,1
674,5,156,"H",340,1,0
675,5,156,NA,NA,NA,0
676,5,156,"E",216,4,1
677,6,157,"H",118,4,1
678,6,157,"H",217,1,0
679,6,157,"H",155,3,1
680,6,157,"E",88,5,1
681,6,157,"H",185,2,1
682,6,157,NA,NA,NA,0
683,4,158,NA,NA,NA,0
684,4,158,NA,NA,NA,0
685,4,158,NA,NA,NA,0
686,4,158,NA,NA,NA,0
687,3,159,NA,NA,NA,0
688,3,159,NA,NA,NA,0
689,3,159,NA,NA,NA,0
690,5,160,"H",91,3,0
691,5,160,NA,NA,NA,0
692,5,160,NA,NA,NA,0
693,5,160,"E",77,4,1
694,5,160,NA,NA,NA,0
695,5,161,NA,NA,NA,0
696,5,161,"E",302,3,0
697,5,161,NA,NA,NA,0
698,5,161,NA,NA,NA,0
699,5,161,"E",225,4,0
700,4,162,"H",111,0,0
701,4,162,"E",147,0,0
702,4,162,"E",121,0,0
703,4,162,"E",72,3,1
704,5,163,"H",236,3,0
705,5,163,NA,NA,NA,0
706,5,163,NA,NA,NA,0
707,5,163,NA,NA,NA,0
708,5,163,"E",193,4,1
709,6,164,NA,NA,NA,0
710,6,164,NA,NA,NA,0
711,6,164,NA,NA,NA,0
712,6,164,NA,NA,NA,0
713,6,164,NA,NA,NA,0
714,6,164,NA,NA,NA,0
715,3,165,"E",139,2,0
716,3,165,NA,NA,NA,0
717,3,165,NA,NA,NA,0
718,6,166,NA,NA,NA,0
719,6,166,"H",349,4,1
720,6,166,NA,NA,NA,0
721,6,166,"H",NA,NA,0
722,6,166,"E",306,5,1
723,6,166,NA,NA,NA,0
724,6,167,NA,NA,NA,0
725,6,167,"H",148,2,1
726,6,167,"H",178,1,0
727,6,167,"H",117,3,1
728,6,167,"E",89,5,2
729,6,167,"H",104,3,0
730,6,168,"H",119,4,3
731,6,168,"H",146,1,0
732,6,168,"E",68,5,1
733,6,168,"H",156,1,1
734,6,168,"H",154,1,0
735,6,168,"H",231,0,0
736,6,169,NA,NA,NA,0
737,6,169,"E",39,5,0
738,6,169,NA,NA,NA,0
739,6,169,NA,NA,NA,0
740,6,169,NA,NA,NA,0
741,6,169,NA,NA,NA,0
742,3,170,NA,NA,NA,0
743,3,170,NA,NA,NA,0
744,3,170,NA,NA,NA,0
745,3,171,NA,NA,NA,0
746,3,171,NA,NA,NA,0
747,3,171,NA,NA,NA,0
748,4,172,"H",225,0,0
749,4,172,"E",168,2,2
750,4,172,"H",192,0,0
751,4,172,"E",72,3,0
752,3,173,NA,NA,NA,0
753,3,173,"E",NA,NA,0
754,3,173,"E",87,2,0
755,6,174,NA,NA,NA,0
756,6,174,NA,NA,NA,0
757,6,174,NA,NA,NA,0
758,6,174,"H",NA,NA,0
759,6,174,NA,NA,NA,0
760,6,174,"E",327,5,1
761,5,175,NA,NA,NA,0
762,5,175,NA,NA,NA,0
763,5,175,NA,NA,NA,0
764,5,175,NA,NA,NA,0
765,5,175,NA,NA,NA,0
766,6,176,NA,NA,NA,0
767,6,176,NA,NA,NA,0
768,6,176,"E",160,5,0
769,6,176,NA,NA,NA,0
770,6,176,"E",NA,NA,0
771,6,176,NA,NA,NA,0
772,4,177,NA,NA,NA,0
773,4,177,NA,NA,NA,0
774,4,177,NA,NA,NA,0
775,4,177,NA,NA,NA,0
776,3,178,NA,NA,NA,0
777,3,178,NA,NA,NA,0
778,3,178,NA,NA,NA,0
779,5,179,NA,NA,NA,0
780,5,179,NA,NA,NA,0
781,5,179,NA,NA,NA,0
782,5,179,NA,NA,NA,0
783,5,179,NA,NA,NA,0
784,3,180,"E",79,2,0
785,3,180,NA,NA,NA,0
786,3,180,NA,NA,NA,0
787,3,181,"E",92,2,0
788,3,181,NA,NA,NA,0
789,3,181,NA,NA,NA,0
790,5,182,NA,NA,NA,0
791,5,182,"E",134,4,0
792,5,182,NA,NA,NA,0
793,5,182,NA,NA,NA,0
794,5,182,NA,NA,NA,0
795,5,183,NA,NA,NA,0
796,5,183,"E",179,3,1
797,5,183,"E",193,2,1
798,5,183,"H",257,1,0
799,5,183,"H",191,2,0
800,5,184,NA,NA,NA,0
801,5,184,NA,NA,NA,0
802,5,184,NA,NA,NA,0
803,5,184,"E",144,4,0
804,5,184,NA,NA,NA,0
805,5,185,NA,NA,NA,0
806,5,185,NA,NA,NA,0
807,5,185,NA,NA,NA,0
808,5,185,NA,NA,NA,0
809,5,185,NA,NA,NA,0
810,3,186,NA,NA,NA,0
811,3,186,NA,NA,NA,0
812,3,186,NA,NA,NA,0
813,3,187,NA,NA,NA,0
814,3,187,NA,NA,NA,0
815,3,187,"E",218,2,0
816,4,188,NA,NA,NA,0
817,4,188,"C",114,3,1
818,4,188,NA,NA,NA,0
819,4,188,"H",147,2,0
820,5,189,NA,NA,NA,0
821,5,189,"H",283,2,0
822,5,189,"E",258,3,1
823,5,189,"E",29,4,0
824,5,189,NA,NA,NA,0
825,3,190,"E",254,2,0
826,3,190,NA,NA,NA,0
827,3,190,NA,NA,NA,0
828,4,191,"H",195,1,1
829,4,191,"E",134,2,1
830,4,191,"H",225,0,0
831,4,191,"E",93,3,0
832,6,192,NA,NA,NA,0
833,6,192,NA,NA,NA,0
834,6,192,NA,NA,NA,0
835,6,192,NA,NA,NA,0
836,6,192,NA,NA,NA,0
837,6,192,"E",205,5,0
838,3,193,NA,NA,NA,0
839,3,193,"H",256,1,0
840,3,193,"E",210,2,1
841,3,194,"E",NA,NA,0
842,3,194,NA,NA,NA,0
843,3,194,NA,NA,NA,0
844,3,195,NA,NA,NA,0
845,3,195,NA,NA,NA,0
846,3,195,NA,NA,NA,0
847,5,196,NA,NA,NA,0
848,5,196,NA,NA,NA,0
849,5,196,NA,NA,NA,0
850,5,196,NA,NA,NA,0
851,5,196,NA,NA,NA,0
852,5,197,NA,NA,NA,0
853,5,197,NA,NA,NA,0
854,5,197,NA,NA,NA,0
855,5,197,NA,NA,NA,0
856,5,197,NA,NA,NA,0
857,3,198,NA,NA,NA,0
858,3,198,"E",317,2,1
859,3,198,"H",354,1,0
860,3,199,NA,NA,NA,0
861,3,199,NA,NA,NA,0
862,3,199,NA,NA,NA,0
863,4,200,NA,NA,NA,0
864,4,200,NA,NA,NA,0
865,4,200,NA,NA,NA,0
866,4,200,"E",NA,NA,0
867,3,201,NA,NA,NA,0
868,3,201,NA,NA,NA,0
869,3,201,NA,NA,NA,0
870,5,202,NA,NA,NA,0
871,5,202,NA,NA,NA,0
872,5,202,NA,NA,NA,0
873,5,202,NA,NA,NA,0
874,5,202,NA,NA,NA,0
875,4,203,NA,NA,NA,0
876,4,203,NA,NA,NA,0
877,4,203,NA,NA,NA,0
878,4,203,NA,NA,NA,0
879,4,204,NA,NA,NA,0
880,4,204,NA,NA,NA,0
881,4,204,NA,NA,NA,0
882,4,204,NA,NA,NA,0
883,5,205,NA,NA,NA,0
884,5,205,NA,NA,NA,0
885,5,205,NA,NA,NA,0
886,5,205,"H",358,3,0
887,5,205,"E",337,4,1
888,3,206,NA,NA,NA,0
889,3,206,NA,NA,NA,0
890,3,206,NA,NA,NA,0
891,4,207,NA,NA,NA,0
892,4,207,NA,NA,NA,0
893,4,207,NA,NA,NA,0
894,4,207,NA,NA,NA,0
895,4,208,NA,NA,NA,0
896,4,208,NA,NA,NA,0
897,4,208,NA,NA,NA,0
898,4,208,NA,NA,NA,0
899,6,209,"E",325,4,2
900,6,209,"E",334,2,0
901,6,209,"H",NA,NA,0
902,6,209,NA,NA,NA,0
903,6,209,"H",NA,NA,0
904,6,209,"H",346,2,1
905,5,210,"H",266,0,0
906,5,210,"E",207,4,2
907,5,210,"H",239,2,2
908,5,210,"H",264,0,0
909,5,210,"H",239,2,0
910,5,211,NA,NA,NA,0
911,5,211,"C",NA,NA,0
912,5,211,"E",215,4,1
913,5,211,"H",239,3,0
914,5,211,NA,NA,NA,0
915,6,212,"E",52,5,1
916,6,212,NA,NA,NA,0
917,6,212,NA,NA,NA,0
918,6,212,"H",87,4,0
919,6,212,NA,NA,NA,0
920,6,212,NA,NA,NA,0
921,6,213,NA,NA,NA,0
922,6,213,NA,NA,NA,0
923,6,213,NA,NA,NA,0
924,6,213,NA,NA,NA,0
925,6,213,NA,NA,NA,0
926,6,213,NA,NA,NA,0
927,3,214,NA,NA,NA,0
928,3,214,NA,NA,NA,0
929,3,214,NA,NA,NA,0
930,5,215,NA,NA,NA,0
931,5,215,NA,NA,NA,0
932,5,215,NA,NA,NA,0
933,5,215,NA,NA,NA,0
934,5,215,"C",266,4,0
935,6,216,"E",280,3,1
936,6,216,"H",350,1,0
937,6,216,"E",327,2,1
938,6,216,NA,NA,NA,0
939,6,216,"C",294,2,0
940,6,216,"H",302,2,0
941,6,217,NA,NA,NA,0
942,6,217,NA,NA,NA,0
943,6,217,NA,NA,NA,0
944,6,217,NA,NA,NA,0
945,6,217,NA,NA,NA,0
946,6,217,NA,NA,NA,0
947,6,218,NA,NA,NA,0
948,6,218,NA,NA,NA,0
949,6,218,NA,NA,NA,0
950,6,218,NA,NA,NA,0
951,6,218,NA,NA,NA,0
952,6,218,NA,NA,NA,0
953,6,219,"H",127,4,2
954,6,219,"H",151,2,0
955,6,219,NA,NA,NA,0
956,6,219,"E",92,5,1
957,6,219,"H",144,2,0
958,6,219,NA,NA,NA,0
959,4,220,"H",327,1,0
960,4,220,NA,NA,NA,0
961,4,220,"E",284,3,2
962,4,220,"H",310,1,0
963,3,221,"H",197,1,0
964,3,221,"E",168,2,1
965,3,221,NA,NA,NA,0
966,6,222,NA,NA,NA,0
967,6,222,NA,NA,NA,0
968,6,222,NA,NA,NA,0
969,6,222,NA,NA,NA,0
970,6,222,"E",250,4,0
971,6,222,"E",125,5,0
972,5,223,"C",131,4,2
973,5,223,"H",158,2,0
974,5,223,"H",230,1,0
975,5,223,NA,NA,NA,0
976,5,223,"H",197,2,1
977,4,224,NA,NA,NA,0
978,4,224,NA,NA,NA,0
979,4,224,"E",111,3,1
980,4,224,"H",137,2,0
981,3,225,NA,NA,NA,0
982,3,225,NA,NA,NA,0
983,3,225,NA,NA,NA,0
984,6,226,NA,NA,NA,0
985,6,226,NA,NA,NA,0
986,6,226,"E",205,5,0
987,6,226,NA,NA,NA,0
988,6,226,NA,NA,NA,0
989,6,226,NA,NA,NA,0
990,6,227,"C",348,5,2
991,6,227,NA,NA,NA,0
992,6,227,NA,NA,NA,0
993,6,227,"H",NA,NA,0
994,6,227,NA,NA,NA,0
995,6,227,"H",NA,NA,0
996,5,228,"E",128,4,3
997,5,228,"H",176,1,0
998,5,228,"C",296,0,0
999,5,228,"H",176,1,0
1000,5,228,"H",143,1,0
