"ID","SIZE","HH","TYPE","TIME","S_NUM","I_NUM"
1,4,1,"0",NA,NA,0
2,4,1,"C",305,2,1
3,4,1,"H",349,1,0
4,4,1,NA,NA,NA,0
5,4,2,NA,NA,NA,0
6,4,2,NA,NA,NA,0
7,4,2,NA,NA,NA,0
8,4,2,NA,NA,NA,0
9,6,3,NA,NA,NA,0
10,6,3,NA,NA,NA,0
11,6,3,"E",298,5,1
12,6,3,NA,NA,NA,0
13,6,3,"H",347,4,0
14,6,3,NA,NA,NA,0
15,3,4,"E",126,2,0
16,3,4,NA,NA,NA,0
17,3,4,NA,NA,NA,0
18,4,5,NA,NA,NA,0
19,4,5,NA,NA,NA,0
20,4,5,NA,NA,NA,0
21,4,5,NA,NA,NA,0
22,3,6,NA,NA,NA,0
23,3,6,NA,NA,NA,0
24,3,6,NA,NA,NA,0
25,3,7,NA,NA,NA,0
26,3,7,NA,NA,NA,0
27,3,7,NA,NA,NA,0
28,4,8,NA,NA,NA,0
29,4,8,NA,NA,NA,0
30,4,8,NA,NA,NA,0
31,4,8,NA,NA,NA,0
32,3,9,NA,NA,NA,0
33,3,9,NA,NA,NA,0
34,3,9,NA,NA,NA,0
35,3,10,NA,NA,NA,0
36,3,10,NA,NA,NA,0
37,3,10,"E",NA,NA,0
38,6,11,NA,NA,NA,0
39,6,11,"E",309,5,1
40,6,11,"H",355,1,0
41,6,11,"H",332,4,3
42,6,11,"H",NA,NA,0
43,6,11,"H",NA,NA,0
44,4,12,"H",270,1,0
45,4,12,"E",191,3,1
46,4,12,NA,NA,NA,0
47,4,12,"H",238,2,1
48,6,13,NA,NA,NA,0
49,6,13,"H",356,4,1
50,6,13,NA,NA,NA,0
51,6,13,NA,NA,NA,0
52,6,13,"E",324,5,1
53,6,13,"H",NA,NA,0
54,3,14,"E",323,2,0
55,3,14,NA,NA,NA,0
56,3,14,NA,NA,NA,0
57,3,15,NA,NA,NA,0
58,3,15,NA,NA,NA,0
59,3,15,"E",67,2,0
60,5,16,NA,NA,NA,0
61,5,16,NA,NA,NA,0
62,5,16,NA,NA,NA,0
63,5,16,"C",199,4,0
64,5,16,NA,NA,NA,0
65,6,17,NA,NA,NA,0
66,6,17,NA,NA,NA,0
67,6,17,NA,NA,NA,0
68,6,17,NA,NA,NA,0
69,6,17,NA,NA,NA,0
70,6,17,NA,NA,NA,0
71,6,18,"H",351,3,0
72,6,18,NA,NA,NA,0
73,6,18,NA,NA,NA,0
74,6,18,NA,NA,NA,0
75,6,18,"H",362,3,0
76,6,18,"E",309,5,2
77,5,19,"H",69,1,1
78,5,19,"E",42,3,2
79,5,19,"E",42,3,0
80,5,19,"H",120,0,0
81,5,19,"H",86,0,0
82,4,20,NA,NA,NA,0
83,4,20,NA,NA,NA,0
84,4,20,NA,NA,NA,0
85,4,20,NA,NA,NA,0
86,5,21,NA,NA,NA,0
87,5,21,NA,NA,NA,0
88,5,21,NA,NA,NA,0
89,5,21,NA,NA,NA,0
90,5,21,NA,NA,NA,0
91,5,22,NA,NA,NA,0
92,5,22,NA,NA,NA,0
93,5,22,NA,NA,NA,0
94,5,22,NA,NA,NA,0
95,5,22,NA,NA,NA,0
96,4,23,NA,NA,NA,0
97,4,23,NA,NA,NA,0
98,4,23,"E",310,3,0
99,4,23,NA,NA,NA,0
100,3,24,NA,NA,NA,0
101,3,24,"E",129,2,0
102,3,24,NA,NA,NA,0
103,3,25,NA,NA,NA,0
104,3,25,NA,NA,NA,0
105,3,25,"E",208,2,0
106,6,26,"E",NA,NA,0
107,6,26,"H",NA,NA,0
108,6,26,"H",319,3,1
109,6,26,"H",331,2,0
110,6,26,"E",267,5,2
111,6,26,NA,NA,NA,0
112,6,27,"E",105,4,0
113,6,27,"E",132,4,2
114,6,27,"H",162,2,1
115,6,27,"H",192,1,0
116,6,27,NA,NA,NA,0
117,6,27,"H",158,2,0
118,5,28,"H",100,3,0
119,5,28,NA,NA,NA,0
120,5,28,NA,NA,NA,0
121,5,28,"E",76,4,1
122,5,28,NA,NA,NA,0
123,6,29,"H",156,0,0
124,6,29,"E",114,2,0
125,6,29,"E",80,5,2
126,6,29,"H",126,2,2
127,6,29,"H",108,2,0
128,6,29,"H",150,0,0
129,3,30,NA,NA,NA,0
130,3,30,NA,NA,NA,0
131,3,30,NA,NA,NA,0
132,6,31,"E",174,5,2
133,6,31,"H",206,3,0
134,6,31,"E",333,2,0
135,6,31,NA,NA,NA,0
136,6,31,NA,NA,NA,0
137,6,31,"H",212,3,0
138,3,32,NA,NA,NA,0
139,3,32,"H",175,1,0
140,3,32,"E",142,2,1
141,6,33,NA,NA,NA,0
142,6,33,NA,NA,NA,0
143,6,33,NA,NA,NA,0
144,6,33,NA,NA,NA,0
145,6,33,"C",116,5,0
146,6,33,NA,NA,NA,0
147,6,34,"E",192,2,0
148,6,34,"H",208,1,0
149,6,34,"E",350,0,0
150,6,34,"H",200,2,1
151,6,34,"E",172,4,2
152,6,34,"H",230,1,0
153,5,35,"E",55,4,1
154,5,35,"H",95,3,0
155,5,35,NA,NA,NA,0
156,5,35,NA,NA,NA,0
157,5,35,NA,NA,NA,0
158,4,36,NA,NA,NA,0
159,4,36,NA,NA,NA,0
160,4,36,NA,NA,NA,0
161,4,36,"E",147,3,0
162,5,37,"E",102,4,1
163,5,37,NA,NA,NA,0
164,5,37,NA,NA,NA,0
165,5,37,NA,NA,NA,0
166,5,37,"H",119,3,0
167,3,38,NA,NA,NA,0
168,3,38,NA,NA,NA,0
169,3,38,NA,NA,NA,0
170,4,39,NA,NA,NA,0
171,4,39,"E",125,3,1
172,4,39,"H",199,1,0
173,4,39,"H",160,2,1
174,5,40,NA,NA,NA,0
175,5,40,NA,NA,NA,0
176,5,40,NA,NA,NA,0
177,5,40,NA,NA,NA,0
178,5,40,NA,NA,NA,0
179,6,41,"E",83,5,2
180,6,41,NA,NA,NA,0
181,6,41,"H",149,2,0
182,6,41,NA,NA,NA,0
183,6,41,"H",127,3,0
184,6,41,"H",129,3,1
185,6,42,NA,NA,NA,0
186,6,42,NA,NA,NA,0
187,6,42,NA,NA,NA,0
188,6,42,NA,NA,NA,0
189,6,42,NA,NA,NA,0
190,6,42,NA,NA,NA,0
191,5,43,"H",241,2,0
192,5,43,"C",147,4,1
193,5,43,"H",206,3,1
194,5,43,NA,NA,NA,0
195,5,43,"E",335,1,0
196,3,44,NA,NA,NA,0
197,3,44,"E",41,2,0
198,3,44,NA,NA,NA,0
199,4,45,NA,NA,NA,0
200,4,45,NA,NA,NA,0
201,4,45,"C",152,3,0
202,4,45,"E",287,2,0
203,4,46,"H",309,1,0
204,4,46,"E",283,3,1
205,4,46,"H",360,0,0
206,4,46,"E",340,1,1
207,5,47,NA,NA,NA,0
208,5,47,"E",166,4,0
209,5,47,NA,NA,NA,0
210,5,47,NA,NA,NA,0
211,5,47,NA,NA,NA,0
212,5,48,NA,NA,NA,0
213,5,48,NA,NA,NA,0
214,5,48,"H",155,3,0
215,5,48,"E",118,4,1
216,5,48,NA,NA,NA,0
217,3,49,NA,NA,NA,0
218,3,49,NA,NA,NA,0
219,3,49,NA,NA,NA,0
220,5,50,NA,NA,NA,0
221,5,50,NA,NA,NA,0
222,5,50,NA,NA,NA,0
223,5,50,NA,NA,NA,0
224,5,50,NA,NA,NA,0
225,3,51,NA,NA,NA,0
226,3,51,NA,NA,NA,0
227,3,51,NA,NA,NA,0
228,4,52,NA,NA,NA,0
229,4,52,NA,NA,NA,0
230,4,52,NA,NA,NA,0
231,4,52,NA,NA,NA,0
232,6,53,NA,NA,NA,0
233,6,53,NA,NA,NA,0
234,6,53,NA,NA,NA,0
235,6,53,NA,NA,NA,0
236,6,53,NA,NA,NA,0
237,6,53,NA,NA,NA,0
238,3,54,"E",106,2,0
239,3,54,"E",206,1,0
240,3,54,NA,NA,NA,0
241,3,55,NA,NA,NA,0
242,3,55,NA,NA,NA,0
243,3,55,NA,NA,NA,0
244,5,56,NA,NA,NA,0
245,5,56,NA,NA,NA,0
246,5,56,NA,NA,NA,0
247,5,56,NA,NA,NA,0
248,5,56,NA,NA,NA,0
249,5,57,"E",98,2,1
250,5,57,"E",85,3,1
251,5,57,"H",124,1,0
252,5,57,"H",126,1,0
253,5,57,NA,NA,NA,0
254,5,58,NA,NA,NA,0
255,5,58,NA,NA,NA,0
256,5,58,NA,NA,NA,0
257,5,58,NA,NA,NA,0
258,5,58,NA,NA,NA,0
259,4,59,NA,NA,NA,0
260,4,59,NA,NA,NA,0
261,4,59,NA,NA,NA,0
262,4,59,NA,NA,NA,0
263,3,60,NA,NA,NA,0
264,3,60,"H",360,1,0
265,3,60,"E",326,2,1
266,3,61,NA,NA,NA,0
267,3,61,NA,NA,NA,0
268,3,61,NA,NA,NA,0
269,3,62,NA,NA,NA,0
270,3,62,"E",214,2,0
271,3,62,NA,NA,NA,0
272,5,63,NA,NA,NA,0
273,5,63,"E",129,4,1
274,5,63,NA,NA,NA,0
275,5,63,"H",153,3,1
276,5,63,"H",178,2,0
277,3,64,NA,NA,NA,0
278,3,64,NA,NA,NA,0
279,3,64,"E",156,2,0
280,5,65,NA,NA,NA,0
281,5,65,NA,NA,NA,0
282,5,65,NA,NA,NA,0
283,5,65,NA,NA,NA,0
284,5,65,NA,NA,NA,0
285,6,66,NA,NA,NA,0
286,6,66,NA,NA,NA,0
287,6,66,NA,NA,NA,0
288,6,66,NA,NA,NA,0
289,6,66,NA,NA,NA,0
290,6,66,NA,NA,NA,0
291,4,67,NA,NA,NA,0
292,4,67,NA,NA,NA,0
293,4,67,NA,NA,NA,0
294,4,67,NA,NA,NA,0
295,6,68,"H",210,1,0
296,6,68,"E",116,5,1
297,6,68,"H",205,1,0
298,6,68,"H",157,4,1
299,6,68,NA,NA,NA,0
300,6,68,"H",182,3,2
301,3,69,NA,NA,NA,0
302,3,69,NA,NA,NA,0
303,3,69,NA,NA,NA,0
304,3,70,NA,NA,NA,0
305,3,70,NA,NA,NA,0
306,3,70,NA,NA,NA,0
307,6,71,NA,NA,NA,0
308,6,71,NA,NA,NA,0
309,6,71,NA,NA,NA,0
310,6,71,NA,NA,NA,0
311,6,71,NA,NA,NA,0
312,6,71,NA,NA,NA,0
313,3,72,NA,NA,NA,0
314,3,72,"E",38,2,0
315,3,72,NA,NA,NA,0
316,5,73,NA,NA,NA,0
317,5,73,"E",208,3,0
318,5,73,"E",197,3,0
319,5,73,NA,NA,NA,0
320,5,73,NA,NA,NA,0
321,3,74,"H",346,1,0
322,3,74,NA,NA,NA,0
323,3,74,"E",315,2,1
324,5,75,NA,NA,NA,0
325,5,75,NA,NA,NA,0
326,5,75,NA,NA,NA,0
327,5,75,NA,NA,NA,0
328,5,75,NA,NA,NA,0
329,5,76,NA,NA,NA,0
330,5,76,NA,NA,NA,0
331,5,76,NA,NA,NA,0
332,5,76,NA,NA,NA,0
333,5,76,NA,NA,NA,0
334,3,77,"E",140,2,0
335,3,77,NA,NA,NA,0
336,3,77,NA,NA,NA,0
337,4,78,NA,NA,NA,0
338,4,78,NA,NA,NA,0
339,4,78,NA,NA,NA,0
340,4,78,NA,NA,NA,0
341,3,79,NA,NA,NA,0
342,3,79,NA,NA,NA,0
343,3,79,NA,NA,NA,0
344,3,80,NA,NA,NA,0
345,3,80,NA,NA,NA,0
346,3,80,NA,NA,NA,0
347,4,81,NA,NA,NA,0
348,4,81,"E",136,3,0
349,4,81,NA,NA,NA,0
350,4,81,NA,NA,NA,0
351,5,82,NA,NA,NA,0
352,5,82,NA,NA,NA,0
353,5,82,NA,NA,NA,0
354,5,82,NA,NA,NA,0
355,5,82,"E",240,4,0
356,6,83,NA,NA,NA,0
357,6,83,NA,NA,NA,0
358,6,83,NA,NA,NA,0
359,6,83,NA,NA,NA,0
360,6,83,NA,NA,NA,0
361,6,83,NA,NA,NA,0
362,3,84,NA,NA,NA,0
363,3,84,NA,NA,NA,0
364,3,84,NA,NA,NA,0
365,4,85,NA,NA,NA,0
366,4,85,NA,NA,NA,0
367,4,85,NA,NA,NA,0
368,4,85,"E",60,3,0
369,5,86,"E",364,2,1
370,5,86,NA,NA,NA,0
371,5,86,"H",NA,NA,0
372,5,86,"H",NA,NA,0
373,5,86,"C",344,3,1
374,6,87,NA,NA,NA,0
375,6,87,NA,NA,NA,0
376,6,87,"E",28,5,1
377,6,87,NA,NA,NA,0
378,6,87,"H",66,4,0
379,6,87,"E",164,3,0
380,6,88,NA,NA,NA,0
381,6,88,"E",349,3,0
382,6,88,"H",254,4,0
383,6,88,"E",173,5,1
384,6,88,NA,NA,NA,0
385,6,88,NA,NA,NA,0
386,4,89,"E",252,0,0
387,4,89,"E",120,3,1
388,4,89,"H",210,1,0
389,4,89,"H",165,2,1
390,3,90,NA,NA,NA,0
391,3,90,NA,NA,NA,0
392,3,90,NA,NA,NA,0
393,3,91,NA,NA,NA,0
394,3,91,"E",NA,NA,0
395,3,91,NA,NA,NA,0
396,3,92,NA,NA,NA,0
397,3,92,NA,NA,NA,0
398,3,92,NA,NA,NA,0
399,6,93,"H",225,4,1
400,6,93,NA,NA,NA,0
401,6,93,"H",256,3,0
402,6,93,NA,NA,NA,0
403,6,93,NA,NA,NA,0
404,6,93,"E",154,5,1
405,4,94,NA,NA,NA,0
406,4,94,"E",NA,NA,0
407,4,94,NA,NA,NA,0
408,4,94,NA,NA,NA,0
409,3,95,NA,NA,NA,0
410,3,95,NA,NA,NA,0
411,3,95,NA,NA,NA,0
412,6,96,"H",229,4,1
413,6,96,"H",263,2,0
414,6,96,"E",245,2,0
415,6,96,"E",186,5,1
416,6,96,NA,NA,NA,0
417,6,96,NA,NA,NA,0
418,5,97,NA,NA,NA,0
419,5,97,NA,NA,NA,0
420,5,97,NA,NA,NA,0
421,5,97,NA,NA,NA,0
422,5,97,NA,NA,NA,0
423,6,98,"E",202,4,0
424,6,98,"C",231,3,1
425,6,98,"H",253,2,0
426,6,98,"H",349,0,0
427,6,98,"H",302,1,1
428,6,98,"C",278,2,1
429,5,99,"E",306,3,0
430,5,99,NA,NA,NA,0
431,5,99,NA,NA,NA,0
432,5,99,"E",303,3,0
433,5,99,NA,NA,NA,0
434,6,100,NA,NA,NA,0
435,6,100,NA,NA,NA,0
436,6,100,"E",58,5,1
437,6,100,"E",116,2,0
438,6,100,"H",119,2,0
439,6,100,"H",90,3,1
440,6,101,NA,NA,NA,0
441,6,101,NA,NA,NA,0
442,6,101,NA,NA,NA,0
443,6,101,NA,NA,NA,0
444,6,101,NA,NA,NA,0
445,6,101,NA,NA,NA,0
446,4,102,NA,NA,NA,0
447,4,102,"H",152,2,0
448,4,102,"E",104,3,1
449,4,102,"E",290,1,0
450,5,103,"E",309,1,0
451,5,103,"H",137,2,0
452,5,103,"E",43,4,1
453,5,103,"H",85,3,1
454,5,103,NA,NA,NA,0
455,5,104,NA,NA,NA,0
456,5,104,NA,NA,NA,0
457,5,104,NA,NA,NA,0
458,5,104,NA,NA,NA,0
459,5,104,NA,NA,NA,0
460,5,105,NA,NA,NA,0
461,5,105,NA,NA,NA,0
462,5,105,NA,NA,NA,0
463,5,105,NA,NA,NA,0
464,5,105,NA,NA,NA,0
465,4,106,"H",121,2,1
466,4,106,"E",86,3,1
467,4,106,NA,NA,NA,0
468,4,106,"H",144,1,0
469,3,107,NA,NA,NA,0
470,3,107,NA,NA,NA,0
471,3,107,"E",NA,NA,0
472,4,108,NA,NA,NA,0
473,4,108,NA,NA,NA,0
474,4,108,NA,NA,NA,0
475,4,108,NA,NA,NA,0
476,6,109,NA,NA,NA,0
477,6,109,NA,NA,NA,0
478,6,109,"C",324,4,0
479,6,109,NA,NA,NA,0
480,6,109,"E",52,5,0
481,6,109,NA,NA,NA,0
482,3,110,NA,NA,NA,0
483,3,110,NA,NA,NA,0
484,3,110,NA,NA,NA,0
485,6,111,"H",95,4,0
486,6,111,NA,NA,NA,0
487,6,111,NA,NA,NA,0
488,6,111,NA,NA,NA,0
489,6,111,NA,NA,NA,0
490,6,111,"E",73,5,1
491,3,112,NA,NA,NA,0
492,3,112,NA,NA,NA,0
493,3,112,NA,NA,NA,0
494,5,113,"H",311,2,0
495,5,113,"H",313,2,0
496,5,113,NA,NA,NA,0
497,5,113,NA,NA,NA,0
498,5,113,"E",284,4,2
499,3,114,NA,NA,NA,0
500,3,114,NA,NA,NA,0
501,3,114,NA,NA,NA,0
502,4,115,NA,NA,NA,0
503,4,115,"H",127,2,0
504,4,115,"E",101,3,1
505,4,115,NA,NA,NA,0
506,5,116,NA,NA,NA,0
507,5,116,"C",83,4,0
508,5,116,NA,NA,NA,0
509,5,116,NA,NA,NA,0
510,5,116,NA,NA,NA,0
511,6,117,NA,NA,NA,0
512,6,117,NA,NA,NA,0
513,6,117,NA,NA,NA,0
514,6,117,NA,NA,NA,0
515,6,117,NA,NA,NA,0
516,6,117,NA,NA,NA,0
517,6,118,NA,NA,NA,0
518,6,118,NA,NA,NA,0
519,6,118,NA,NA,NA,0
520,6,118,NA,NA,NA,0
521,6,118,NA,NA,NA,0
522,6,118,NA,NA,NA,0
523,5,119,NA,NA,NA,0
524,5,119,NA,NA,NA,0
525,5,119,NA,NA,NA,0
526,5,119,NA,NA,NA,0
527,5,119,NA,NA,NA,0
528,4,120,NA,NA,NA,0
529,4,120,NA,NA,NA,0
530,4,120,NA,NA,NA,0
531,4,120,NA,NA,NA,0
532,3,121,NA,NA,NA,0
533,3,121,NA,NA,NA,0
534,3,121,NA,NA,NA,0
535,3,122,NA,NA,NA,0
536,3,122,NA,NA,NA,0
537,3,122,NA,NA,NA,0
538,3,123,"E",281,0,0
539,3,123,"E",286,0,0
540,3,123,"E",75,2,0
541,4,124,NA,NA,NA,0
542,4,124,NA,NA,NA,0
543,4,124,"H",174,2,0
544,4,124,"E",139,3,1
545,5,125,"E",43,4,1
546,5,125,"H",120,1,1
547,5,125,"H",95,2,1
548,5,125,"H",149,0,0
549,5,125,"H",78,3,1
550,5,126,NA,NA,NA,0
551,5,126,NA,NA,NA,0
552,5,126,NA,NA,NA,0
553,5,126,"E",279,4,0
554,5,126,NA,NA,NA,0
555,6,127,"C",346,5,1
556,6,127,"H",364,4,2
557,6,127,"H",NA,NA,0
558,6,127,NA,NA,NA,0
559,6,127,NA,NA,NA,0
560,6,127,"H",NA,NA,0
561,3,128,NA,NA,NA,0
562,3,128,NA,NA,NA,0
563,3,128,NA,NA,NA,0
564,6,129,NA,NA,NA,0
565,6,129,NA,NA,NA,0
566,6,129,"E",NA,NA,0
567,6,129,NA,NA,NA,0
568,6,129,NA,NA,NA,0
569,6,129,NA,NA,NA,0
570,5,130,NA,NA,NA,0
571,5,130,"E",NA,NA,0
572,5,130,NA,NA,NA,0
573,5,130,NA,NA,NA,0
574,5,130,NA,NA,NA,0
575,3,131,NA,NA,NA,0
576,3,131,NA,NA,NA,0
577,3,131,"C",NA,NA,0
578,5,132,NA,NA,NA,0
579,5,132,NA,NA,NA,0
580,5,132,NA,NA,NA,0
581,5,132,NA,NA,NA,0
582,5,132,"E",NA,NA,0
583,3,133,NA,NA,NA,0
584,3,133,NA,NA,NA,0
585,3,133,NA,NA,NA,0
586,6,134,NA,NA,NA,0
587,6,134,NA,NA,NA,0
588,6,134,NA,NA,NA,0
589,6,134,NA,NA,NA,0
590,6,134,NA,NA,NA,0
591,6,134,NA,NA,NA,0
592,3,135,NA,NA,NA,0
593,3,135,NA,NA,NA,0
594,3,135,NA,NA,NA,0
595,3,136,NA,NA,NA,0
596,3,136,"E",NA,NA,0
597,3,136,NA,NA,NA,0
598,6,137,"E",73,5,1
599,6,137,NA,NA,NA,0
600,6,137,"H",246,1,0
601,6,137,"E",164,3,1
602,6,137,"H",219,2,1
603,6,137,"H",99,4,0
604,6,138,NA,NA,NA,0
605,6,138,NA,NA,NA,0
606,6,138,NA,NA,NA,0
607,6,138,NA,NA,NA,0
608,6,138,NA,NA,NA,0
609,6,138,NA,NA,NA,0
610,5,139,"E",209,4,0
611,5,139,"E",289,3,0
612,5,139,"E",332,2,0
613,5,139,NA,NA,NA,0
614,5,139,NA,NA,NA,0
615,6,140,"H",359,2,0
616,6,140,"E",229,5,1
617,6,140,"H",294,4,2
618,6,140,NA,NA,NA,0
619,6,140,"H",326,2,0
620,6,140,NA,NA,NA,0
621,5,141,NA,NA,NA,0
622,5,141,"H",253,1,0
623,5,141,"H",225,2,1
624,5,141,"E",197,4,2
625,5,141,"H",288,1,0
626,6,142,"H",268,3,0
627,6,142,"E",286,3,3
628,6,142,"E",224,5,1
629,6,142,"H",349,0,0
630,6,142,"H",327,0,0
631,6,142,"H",322,0,0
632,5,143,"E",332,4,0
633,5,143,NA,NA,NA,0
634,5,143,NA,NA,NA,0
635,5,143,NA,NA,NA,0
636,5,143,NA,NA,NA,0
637,4,144,NA,NA,NA,0
638,4,144,NA,NA,NA,0
639,4,144,"E",126,3,1
640,4,144,"H",153,2,0
641,6,145,"H",208,4,1
642,6,145,NA,NA,NA,0
643,6,145,"H",246,3,0
644,6,145,"C",185,5,1
645,6,145,NA,NA,NA,0
646,6,145,NA,NA,NA,0
647,3,146,NA,NA,NA,0
648,3,146,NA,NA,NA,0
649,3,146,NA,NA,NA,0
650,5,147,NA,NA,NA,0
651,5,147,NA,NA,NA,0
652,5,147,NA,NA,NA,0
653,5,147,NA,NA,NA,0
654,5,147,NA,NA,NA,0
655,3,148,"H",NA,NA,0
656,3,148,NA,NA,NA,0
657,3,148,"C",346,2,1
658,5,149,NA,NA,NA,0
659,5,149,NA,NA,NA,0
660,5,149,NA,NA,NA,0
661,5,149,NA,NA,NA,0
662,5,149,NA,NA,NA,0
663,6,150,"H",184,3,0
664,6,150,"H",153,4,1
665,6,150,NA,NA,NA,0
666,6,150,NA,NA,NA,0
667,6,150,"E",111,5,1
668,6,150,NA,NA,NA,0
669,4,151,NA,NA,NA,0
670,4,151,"E",66,3,0
671,4,151,NA,NA,NA,0
672,4,151,NA,NA,NA,0
673,3,152,NA,NA,NA,0
674,3,152,NA,NA,NA,0
675,3,152,NA,NA,NA,0
676,5,153,NA,NA,NA,0
677,5,153,NA,NA,NA,0
678,5,153,NA,NA,NA,0
679,5,153,NA,NA,NA,0
680,5,153,NA,NA,NA,0
681,3,154,NA,NA,NA,0
682,3,154,"E",52,2,0
683,3,154,NA,NA,NA,0
684,5,155,NA,NA,NA,0
685,5,155,NA,NA,NA,0
686,5,155,NA,NA,NA,0
687,5,155,NA,NA,NA,0
688,5,155,NA,NA,NA,0
689,3,156,NA,NA,NA,0
690,3,156,NA,NA,NA,0
691,3,156,NA,NA,NA,0
692,5,157,NA,NA,NA,0
693,5,157,"E",92,3,0
694,5,157,NA,NA,NA,0
695,5,157,"E",95,3,0
696,5,157,NA,NA,NA,0
697,4,158,NA,NA,NA,0
698,4,158,NA,NA,NA,0
699,4,158,NA,NA,NA,0
700,4,158,NA,NA,NA,0
701,6,159,NA,NA,NA,0
702,6,159,"H",267,2,0
703,6,159,"E",156,5,2
704,6,159,"H",227,3,1
705,6,159,NA,NA,NA,0
706,6,159,"H",178,3,0
707,3,160,NA,NA,NA,0
708,3,160,NA,NA,NA,0
709,3,160,NA,NA,NA,0
710,3,161,NA,NA,NA,0
711,3,161,NA,NA,NA,0
712,3,161,NA,NA,NA,0
713,4,162,NA,NA,NA,0
714,4,162,NA,NA,NA,0
715,4,162,"E",275,3,0
716,4,162,NA,NA,NA,0
717,4,163,NA,NA,NA,0
718,4,163,NA,NA,NA,0
719,4,163,NA,NA,NA,0
720,4,163,NA,NA,NA,0
721,3,164,"E",171,1,0
722,3,164,"E",NA,NA,0
723,3,164,"E",64,2,0
724,5,165,NA,NA,NA,0
725,5,165,"H",249,3,0
726,5,165,NA,NA,NA,0
727,5,165,"E",219,4,1
728,5,165,NA,NA,NA,0
729,3,166,NA,NA,NA,0
730,3,166,NA,NA,NA,0
731,3,166,NA,NA,NA,0
732,4,167,NA,NA,NA,0
733,4,167,NA,NA,NA,0
734,4,167,"E",321,3,0
735,4,167,NA,NA,NA,0
736,4,168,NA,NA,NA,0
737,4,168,NA,NA,NA,0
738,4,168,NA,NA,NA,0
739,4,168,NA,NA,NA,0
740,6,169,"E",320,5,1
741,6,169,NA,NA,NA,0
742,6,169,"H",347,4,0
743,6,169,NA,NA,NA,0
744,6,169,NA,NA,NA,0
745,6,169,NA,NA,NA,0
746,5,170,NA,NA,NA,0
747,5,170,NA,NA,NA,0
748,5,170,"E",276,4,0
749,5,170,NA,NA,NA,0
750,5,170,NA,NA,NA,0
751,5,171,NA,NA,NA,0
752,5,171,NA,NA,NA,0
753,5,171,NA,NA,NA,0
754,5,171,"E",171,4,0
755,5,171,NA,NA,NA,0
756,4,172,NA,NA,NA,0
757,4,172,NA,NA,NA,0
758,4,172,"E",157,3,0
759,4,172,NA,NA,NA,0
760,3,173,NA,NA,NA,0
761,3,173,NA,NA,NA,0
762,3,173,NA,NA,NA,0
763,3,174,NA,NA,NA,0
764,3,174,"E",195,2,1
765,3,174,"H",231,1,0
766,3,175,NA,NA,NA,0
767,3,175,NA,NA,NA,0
768,3,175,NA,NA,NA,0
769,6,176,NA,NA,NA,0
770,6,176,"E",197,5,0
771,6,176,NA,NA,NA,0
772,6,176,NA,NA,NA,0
773,6,176,NA,NA,NA,0
774,6,176,NA,NA,NA,0
775,5,177,"H",157,1,0
776,5,177,"E",199,0,0
777,5,177,"E",88,4,1
778,5,177,"H",132,2,1
779,5,177,"H",108,3,1
780,3,178,NA,NA,NA,0
781,3,178,NA,NA,NA,0
782,3,178,NA,NA,NA,0
783,5,179,NA,NA,NA,0
784,5,179,"H",167,3,1
785,5,179,"E",102,4,1
786,5,179,"H",229,2,0
787,5,179,NA,NA,NA,0
788,6,180,"H",254,3,0
789,6,180,"E",227,4,0
790,6,180,NA,NA,NA,0
791,6,180,"E",232,4,1
792,6,180,NA,NA,NA,0
793,6,180,NA,NA,NA,0
794,3,181,"H",351,1,1
795,3,181,"E",314,2,1
796,3,181,"H",NA,NA,0
797,3,182,"E",356,2,0
798,3,182,NA,NA,NA,0
799,3,182,NA,NA,NA,0
800,5,183,"H",250,0,0
801,5,183,"H",275,0,0
802,5,183,"H",222,2,0
803,5,183,"C",191,4,2
804,5,183,"H",234,2,2
805,5,184,NA,NA,NA,0
806,5,184,NA,NA,NA,0
807,5,184,NA,NA,NA,0
808,5,184,NA,NA,NA,0
809,5,184,NA,NA,NA,0
810,6,185,"E",87,5,0
811,6,185,NA,NA,NA,0
812,6,185,"E",235,4,0
813,6,185,NA,NA,NA,0
814,6,185,"E",NA,NA,0
815,6,185,NA,NA,NA,0
816,5,186,NA,NA,NA,0
817,5,186,"E",98,4,0
818,5,186,NA,NA,NA,0
819,5,186,NA,NA,NA,0
820,5,186,NA,NA,NA,0
821,6,187,NA,NA,NA,0
822,6,187,NA,NA,NA,0
823,6,187,NA,NA,NA,0
824,6,187,NA,NA,NA,0
825,6,187,"E",110,5,0
826,6,187,NA,NA,NA,0
827,3,188,NA,NA,NA,0
828,3,188,NA,NA,NA,0
829,3,188,NA,NA,NA,0
830,5,189,"E",235,2,1
831,5,189,"E",292,0,0
832,5,189,"H",263,1,0
833,5,189,"E",59,4,0
834,5,189,"C",316,0,0
835,6,190,"H",200,2,0
836,6,190,NA,NA,NA,0
837,6,190,"E",119,5,2
838,6,190,"H",139,3,0
839,6,190,NA,NA,NA,0
840,6,190,"H",146,3,1
841,3,191,"E",258,2,1
842,3,191,"H",279,1,0
843,3,191,NA,NA,NA,0
844,6,192,"H",197,4,1
845,6,192,NA,NA,NA,0
846,6,192,"H",211,3,0
847,6,192,NA,NA,NA,0
848,6,192,"E",162,5,1
849,6,192,NA,NA,NA,0
850,5,193,NA,NA,NA,0
851,5,193,NA,NA,NA,0
852,5,193,NA,NA,NA,0
853,5,193,NA,NA,NA,0
854,5,193,NA,NA,NA,0
855,5,194,NA,NA,NA,0
856,5,194,NA,NA,NA,0
857,5,194,NA,NA,NA,0
858,5,194,"E",NA,NA,0
859,5,194,NA,NA,NA,0
860,3,195,"E",66,2,0
861,3,195,NA,NA,NA,0
862,3,195,NA,NA,NA,0
863,4,196,NA,NA,NA,0
864,4,196,NA,NA,NA,0
865,4,196,NA,NA,NA,0
866,4,196,NA,NA,NA,0
867,4,197,NA,NA,NA,0
868,4,197,NA,NA,NA,0
869,4,197,NA,NA,NA,0
870,4,197,NA,NA,NA,0
871,5,198,"H",257,1,0
872,5,198,NA,NA,NA,0
873,5,198,"H",219,2,1
874,5,198,"E",121,4,1
875,5,198,"H",164,3,1
876,6,199,NA,NA,NA,0
877,6,199,NA,NA,NA,0
878,6,199,"E",21,5,0
879,6,199,"H",NA,NA,0
880,6,199,NA,NA,NA,0
881,6,199,"E",337,4,1
882,6,200,NA,NA,NA,0
883,6,200,NA,NA,NA,0
884,6,200,NA,NA,NA,0
885,6,200,NA,NA,NA,0
886,6,200,NA,NA,NA,0
887,6,200,NA,NA,NA,0
888,5,201,"H",159,1,1
889,5,201,"H",174,0,0
890,5,201,"H",124,2,1
891,5,201,"E",105,4,2
892,5,201,"H",209,0,0
893,5,202,NA,NA,NA,0
894,5,202,NA,NA,NA,0
895,5,202,NA,NA,NA,0
896,5,202,NA,NA,NA,0
897,5,202,NA,NA,NA,0
898,6,203,"E",89,5,0
899,6,203,NA,NA,NA,0
900,6,203,"E",288,4,0
901,6,203,NA,NA,NA,0
902,6,203,NA,NA,NA,0
903,6,203,NA,NA,NA,0
904,5,204,NA,NA,NA,0
905,5,204,NA,NA,NA,0
906,5,204,NA,NA,NA,0
907,5,204,NA,NA,NA,0
908,5,204,NA,NA,NA,0
909,5,205,NA,NA,NA,0
910,5,205,NA,NA,NA,0
911,5,205,NA,NA,NA,0
912,5,205,NA,NA,NA,0
913,5,205,NA,NA,NA,0
914,6,206,"H",NA,NA,0
915,6,206,NA,NA,NA,0
916,6,206,NA,NA,NA,0
917,6,206,NA,NA,NA,0
918,6,206,NA,NA,NA,0
919,6,206,"E",359,5,1
920,4,207,NA,NA,NA,0
921,4,207,NA,NA,NA,0
922,4,207,NA,NA,NA,0
923,4,207,NA,NA,NA,0
924,3,208,NA,NA,NA,0
925,3,208,NA,NA,NA,0
926,3,208,NA,NA,NA,0
927,4,209,NA,NA,NA,0
928,4,209,NA,NA,NA,0
929,4,209,NA,NA,NA,0
930,4,209,"E",277,3,0
931,3,210,NA,NA,NA,0
932,3,210,"E",195,2,0
933,3,210,NA,NA,NA,0
934,5,211,NA,NA,NA,0
935,5,211,NA,NA,NA,0
936,5,211,NA,NA,NA,0
937,5,211,NA,NA,NA,0
938,5,211,NA,NA,NA,0
939,4,212,NA,NA,NA,0
940,4,212,NA,NA,NA,0
941,4,212,"E",126,3,0
942,4,212,NA,NA,NA,0
943,3,213,NA,NA,NA,0
944,3,213,NA,NA,NA,0
945,3,213,NA,NA,NA,0
946,6,214,"H",318,4,0
947,6,214,"E",350,3,1
948,6,214,NA,NA,NA,0
949,6,214,NA,NA,NA,0
950,6,214,"H",NA,NA,0
951,6,214,"E",295,5,1
952,5,215,NA,NA,NA,0
953,5,215,NA,NA,NA,0
954,5,215,"H",262,2,0
955,5,215,"E",84,4,0
956,5,215,"E",212,3,1
957,3,216,NA,NA,NA,0
958,3,216,NA,NA,NA,0
959,3,216,NA,NA,NA,0
960,5,217,"H",216,2,0
961,5,217,NA,NA,NA,0
962,5,217,"H",214,2,0
963,5,217,"E",185,4,2
964,5,217,NA,NA,NA,0
965,3,218,NA,NA,NA,0
966,3,218,NA,NA,NA,0
967,3,218,NA,NA,NA,0
968,4,219,NA,NA,NA,0
969,4,219,NA,NA,NA,0
970,4,219,NA,NA,NA,0
971,4,219,NA,NA,NA,0
972,5,220,NA,NA,NA,0
973,5,220,NA,NA,NA,0
974,5,220,NA,NA,NA,0
975,5,220,NA,NA,NA,0
976,5,220,"E",281,4,0
977,4,221,NA,NA,NA,0
978,4,221,NA,NA,NA,0
979,4,221,"C",146,3,0
980,4,221,NA,NA,NA,0
981,5,222,NA,NA,NA,0
982,5,222,NA,NA,NA,0
983,5,222,NA,NA,NA,0
984,5,222,NA,NA,NA,0
985,5,222,"E",99,4,0
986,5,223,"H",314,1,0
987,5,223,"H",221,3,1
988,5,223,NA,NA,NA,0
989,5,223,"H",300,2,1
990,5,223,"E",176,4,1
991,4,224,NA,NA,NA,0
992,4,224,"E",209,2,0
993,4,224,NA,NA,NA,0
994,4,224,"E",146,3,0
995,3,225,"H",72,1,0
996,3,225,"E",46,2,1
997,3,225,NA,NA,NA,0
998,3,226,NA,NA,NA,0
999,3,226,NA,NA,NA,0
1000,3,226,NA,NA,NA,0
