"ID","SIZE","HH","TYPE","TIME","S_NUM","I_NUM"
1,3,1,"0",NA,NA,0
2,3,1,NA,NA,NA,0
3,3,1,NA,NA,NA,0
4,4,2,NA,NA,NA,0
5,4,2,"E",NA,NA,0
6,4,2,NA,NA,NA,0
7,4,2,"C",66,3,0
8,6,3,NA,NA,NA,0
9,6,3,"E",88,5,0
10,6,3,NA,NA,NA,0
11,6,3,NA,NA,NA,0
12,6,3,NA,NA,NA,0
13,6,3,NA,NA,NA,0
14,5,4,"E",317,3,0
15,5,4,NA,NA,NA,0
16,5,4,NA,NA,NA,0
17,5,4,NA,NA,NA,0
18,5,4,"E",38,4,0
19,3,5,"E",302,2,0
20,3,5,NA,NA,NA,0
21,3,5,NA,NA,NA,0
22,5,6,NA,NA,NA,0
23,5,6,"C",153,4,1
24,5,6,"H",277,2,0
25,5,6,NA,NA,NA,0
26,5,6,"H",206,3,1
27,5,7,"E",136,4,0
28,5,7,NA,NA,NA,0
29,5,7,NA,NA,NA,0
30,5,7,NA,NA,NA,0
31,5,7,NA,NA,NA,0
32,5,8,NA,NA,NA,0
33,5,8,NA,NA,NA,0
34,5,8,NA,NA,NA,0
35,5,8,NA,NA,NA,0
36,5,8,NA,NA,NA,0
37,4,9,NA,NA,NA,0
38,4,9,NA,NA,NA,0
39,4,9,NA,NA,NA,0
40,4,9,NA,NA,NA,0
41,4,10,NA,NA,NA,0
42,4,10,NA,NA,NA,0
43,4,10,NA,NA,NA,0
44,4,10,NA,NA,NA,0
45,5,11,NA,NA,NA,0
46,5,11,NA,NA,NA,0
47,5,11,NA,NA,NA,0
48,5,11,NA,NA,NA,0
49,5,11,NA,NA,NA,0
50,6,12,NA,NA,NA,0
51,6,12,NA,NA,NA,0
52,6,12,NA,NA,NA,0
53,6,12,NA,NA,NA,0
54,6,12,NA,NA,NA,0
55,6,12,NA,NA,NA,0
56,5,13,NA,NA,NA,0
57,5,13,NA,NA,NA,0
58,5,13,NA,NA,NA,0
59,5,13,NA,NA,NA,0
60,5,13,NA,NA,NA,0
61,3,14,"E",195,2,0
62,3,14,NA,NA,NA,0
63,3,14,NA,NA,NA,0
64,4,15,"E",50,3,2
65,4,15,"H",59,1,0
66,4,15,"H",67,1,0
67,4,15,NA,NA,NA,0
68,6,16,"E",131,5,2
69,6,16,NA,NA,NA,0
70,6,16,"H",229,1,0
71,6,16,"H",180,3,2
72,6,16,"H",212,1,0
73,6,16,"H",193,1,0
74,5,17,NA,NA,NA,0
75,5,17,"H",259,2,0
76,5,17,NA,NA,NA,0
77,5,17,"E",223,3,1
78,5,17,"E",166,4,0
79,3,18,"C",166,1,0
80,3,18,NA,NA,NA,0
81,3,18,"C",174,1,0
82,6,19,NA,NA,NA,0
83,6,19,NA,NA,NA,0
84,6,19,NA,NA,NA,0
85,6,19,NA,NA,NA,0
86,6,19,NA,NA,NA,0
87,6,19,NA,NA,NA,0
88,5,20,NA,NA,NA,0
89,5,20,NA,NA,NA,0
90,5,20,NA,NA,NA,0
91,5,20,NA,NA,NA,0
92,5,20,NA,NA,NA,0
93,6,21,"H",204,4,1
94,6,21,NA,NA,NA,0
95,6,21,"H",228,3,0
96,6,21,NA,NA,NA,0
97,6,21,"E",186,5,1
98,6,21,NA,NA,NA,0
99,3,22,NA,NA,NA,0
100,3,22,NA,NA,NA,0
101,3,22,NA,NA,NA,0
102,3,23,NA,NA,NA,0
103,3,23,NA,NA,NA,0
104,3,23,NA,NA,NA,0
105,6,24,NA,NA,NA,0
106,6,24,NA,NA,NA,0
107,6,24,NA,NA,NA,0
108,6,24,NA,NA,NA,0
109,6,24,NA,NA,NA,0
110,6,24,NA,NA,NA,0
111,4,25,NA,NA,NA,0
112,4,25,NA,NA,NA,0
113,4,25,NA,NA,NA,0
114,4,25,NA,NA,NA,0
115,6,26,"E",124,5,1
116,6,26,"H",159,4,0
117,6,26,NA,NA,NA,0
118,6,26,NA,NA,NA,0
119,6,26,NA,NA,NA,0
120,6,26,NA,NA,NA,0
121,4,27,NA,NA,NA,0
122,4,27,"H",321,2,0
123,4,27,NA,NA,NA,0
124,4,27,"E",287,3,1
125,6,28,"E",327,5,1
126,6,28,NA,NA,NA,0
127,6,28,NA,NA,NA,0
128,6,28,"H",360,4,1
129,6,28,"H",NA,NA,0
130,6,28,NA,NA,NA,0
131,3,29,NA,NA,NA,0
132,3,29,NA,NA,NA,0
133,3,29,NA,NA,NA,0
134,5,30,NA,NA,NA,0
135,5,30,NA,NA,NA,0
136,5,30,NA,NA,NA,0
137,5,30,NA,NA,NA,0
138,5,30,"E",173,4,0
139,3,31,"E",110,2,0
140,3,31,NA,NA,NA,0
141,3,31,NA,NA,NA,0
142,4,32,NA,NA,NA,0
143,4,32,NA,NA,NA,0
144,4,32,NA,NA,NA,0
145,4,32,NA,NA,NA,0
146,3,33,NA,NA,NA,0
147,3,33,NA,NA,NA,0
148,3,33,NA,NA,NA,0
149,4,34,NA,NA,NA,0
150,4,34,NA,NA,NA,0
151,4,34,NA,NA,NA,0
152,4,34,NA,NA,NA,0
153,3,35,NA,NA,NA,0
154,3,35,NA,NA,NA,0
155,3,35,NA,NA,NA,0
156,5,36,NA,NA,NA,0
157,5,36,NA,NA,NA,0
158,5,36,NA,NA,NA,0
159,5,36,NA,NA,NA,0
160,5,36,NA,NA,NA,0
161,4,37,NA,NA,NA,0
162,4,37,NA,NA,NA,0
163,4,37,NA,NA,NA,0
164,4,37,NA,NA,NA,0
165,4,38,"E",154,3,0
166,4,38,NA,NA,NA,0
167,4,38,NA,NA,NA,0
168,4,38,NA,NA,NA,0
169,5,39,NA,NA,NA,0
170,5,39,NA,NA,NA,0
171,5,39,NA,NA,NA,0
172,5,39,NA,NA,NA,0
173,5,39,NA,NA,NA,0
174,3,40,NA,NA,NA,0
175,3,40,"E",310,2,0
176,3,40,NA,NA,NA,0
177,5,41,NA,NA,NA,0
178,5,41,NA,NA,NA,0
179,5,41,NA,NA,NA,0
180,5,41,NA,NA,NA,0
181,5,41,NA,NA,NA,0
182,6,42,NA,NA,NA,0
183,6,42,NA,NA,NA,0
184,6,42,"H",262,4,1
185,6,42,"H",339,2,0
186,6,42,"E",240,5,1
187,6,42,"H",293,3,1
188,4,43,"C",130,3,0
189,4,43,NA,NA,NA,0
190,4,43,NA,NA,NA,0
191,4,43,NA,NA,NA,0
192,4,44,NA,NA,NA,0
193,4,44,NA,NA,NA,0
194,4,44,NA,NA,NA,0
195,4,44,NA,NA,NA,0
196,4,45,NA,NA,NA,0
197,4,45,NA,NA,NA,0
198,4,45,"E",196,3,0
199,4,45,NA,NA,NA,0
200,5,46,NA,NA,NA,0
201,5,46,"H",159,2,0
202,5,46,NA,NA,NA,0
203,5,46,"E",107,4,2
204,5,46,"H",126,2,0
205,6,47,NA,NA,NA,0
206,6,47,NA,NA,NA,0
207,6,47,NA,NA,NA,0
208,6,47,NA,NA,NA,0
209,6,47,NA,NA,NA,0
210,6,47,NA,NA,NA,0
211,6,48,"H",216,4,0
212,6,48,"E",354,3,2
213,6,48,"H",NA,NA,0
214,6,48,"H",NA,NA,0
215,6,48,NA,NA,NA,0
216,6,48,"E",147,5,1
217,5,49,NA,NA,NA,0
218,5,49,NA,NA,NA,0
219,5,49,"E",136,4,0
220,5,49,NA,NA,NA,0
221,5,49,NA,NA,NA,0
222,6,50,NA,NA,NA,0
223,6,50,"E",120,5,1
224,6,50,"H",162,4,1
225,6,50,"H",185,3,0
226,6,50,NA,NA,NA,0
227,6,50,NA,NA,NA,0
228,6,51,NA,NA,NA,0
229,6,51,NA,NA,NA,0
230,6,51,NA,NA,NA,0
231,6,51,NA,NA,NA,0
232,6,51,NA,NA,NA,0
233,6,51,NA,NA,NA,0
234,4,52,NA,NA,NA,0
235,4,52,NA,NA,NA,0
236,4,52,NA,NA,NA,0
237,4,52,NA,NA,NA,0
238,5,53,NA,NA,NA,0
239,5,53,NA,NA,NA,0
240,5,53,NA,NA,NA,0
241,5,53,NA,NA,NA,0
242,5,53,NA,NA,NA,0
243,5,54,"H",NA,NA,0
244,5,54,"H",290,3,1
245,5,54,NA,NA,NA,0
246,5,54,"E",251,4,1
247,5,54,"H",343,2,1
248,3,55,NA,NA,NA,0
249,3,55,NA,NA,NA,0
250,3,55,NA,NA,NA,0
251,3,56,"E",NA,NA,0
252,3,56,NA,NA,NA,0
253,3,56,NA,NA,NA,0
254,6,57,NA,NA,NA,0
255,6,57,NA,NA,NA,0
256,6,57,NA,NA,NA,0
257,6,57,NA,NA,NA,0
258,6,57,NA,NA,NA,0
259,6,57,NA,NA,NA,0
260,6,58,"H",223,2,0
261,6,58,NA,NA,NA,0
262,6,58,NA,NA,NA,0
263,6,58,"H",176,4,1
264,6,58,"H",203,3,1
265,6,58,"E",157,5,1
266,6,59,"H",NA,NA,0
267,6,59,"E",343,5,2
268,6,59,NA,NA,NA,0
269,6,59,"H",NA,NA,0
270,6,59,"H",360,3,1
271,6,59,NA,NA,NA,0
272,3,60,NA,NA,NA,0
273,3,60,NA,NA,NA,0
274,3,60,NA,NA,NA,0
275,3,61,NA,NA,NA,0
276,3,61,NA,NA,NA,0
277,3,61,NA,NA,NA,0
278,5,62,NA,NA,NA,0
279,5,62,"H",87,3,1
280,5,62,NA,NA,NA,0
281,5,62,"H",126,2,0
282,5,62,"E",51,4,1
283,4,63,NA,NA,NA,0
284,4,63,NA,NA,NA,0
285,4,63,NA,NA,NA,0
286,4,63,NA,NA,NA,0
287,5,64,NA,NA,NA,0
288,5,64,NA,NA,NA,0
289,5,64,"E",191,4,0
290,5,64,NA,NA,NA,0
291,5,64,NA,NA,NA,0
292,6,65,"E",202,5,0
293,6,65,NA,NA,NA,0
294,6,65,NA,NA,NA,0
295,6,65,NA,NA,NA,0
296,6,65,NA,NA,NA,0
297,6,65,NA,NA,NA,0
298,5,66,NA,NA,NA,0
299,5,66,NA,NA,NA,0
300,5,66,NA,NA,NA,0
301,5,66,NA,NA,NA,0
302,5,66,NA,NA,NA,0
303,6,67,NA,NA,NA,0
304,6,67,"E",58,5,1
305,6,67,NA,NA,NA,0
306,6,67,NA,NA,NA,0
307,6,67,"H",147,4,0
308,6,67,NA,NA,NA,0
309,6,68,"H",160,2,0
310,6,68,NA,NA,NA,0
311,6,68,NA,NA,NA,0
312,6,68,"E",184,2,0
313,6,68,"E",61,5,0
314,6,68,"E",128,4,1
315,4,69,NA,NA,NA,0
316,4,69,NA,NA,NA,0
317,4,69,NA,NA,NA,0
318,4,69,NA,NA,NA,0
319,4,70,NA,NA,NA,0
320,4,70,NA,NA,NA,0
321,4,70,NA,NA,NA,0
322,4,70,NA,NA,NA,0
323,6,71,"H",318,2,0
324,6,71,"E",275,3,1
325,6,71,NA,NA,NA,0
326,6,71,NA,NA,NA,0
327,6,71,"H",303,2,0
328,6,71,"E",254,4,1
329,5,72,"E",250,4,1
330,5,72,NA,NA,NA,0
331,5,72,"H",312,3,0
332,5,72,NA,NA,NA,0
333,5,72,NA,NA,NA,0
334,6,73,"E",211,5,1
335,6,73,NA,NA,NA,0
336,6,73,NA,NA,NA,0
337,6,73,"H",271,4,1
338,6,73,"H",300,3,1
339,6,73,"H",334,2,0
340,4,74,NA,NA,NA,0
341,4,74,NA,NA,NA,0
342,4,74,NA,NA,NA,0
343,4,74,"E",333,3,0
344,4,75,"H",279,0,0
345,4,75,"E",45,3,0
346,4,75,"E",240,2,2
347,4,75,"H",263,0,0
348,6,76,"E",NA,NA,0
349,6,76,NA,NA,NA,0
350,6,76,NA,NA,NA,0
351,6,76,NA,NA,NA,0
352,6,76,NA,NA,NA,0
353,6,76,"E",47,5,0
354,5,77,NA,NA,NA,0
355,5,77,NA,NA,NA,0
356,5,77,NA,NA,NA,0
357,5,77,NA,NA,NA,0
358,5,77,NA,NA,NA,0
359,5,78,"E",160,4,0
360,5,78,"H",345,0,0
361,5,78,"E",357,0,0
362,5,78,"H",337,0,0
363,5,78,"E",319,3,2
364,5,79,NA,NA,NA,0
365,5,79,NA,NA,NA,0
366,5,79,NA,NA,NA,0
367,5,79,NA,NA,NA,0
368,5,79,NA,NA,NA,0
369,6,80,NA,NA,NA,0
370,6,80,NA,NA,NA,0
371,6,80,NA,NA,NA,0
372,6,80,NA,NA,NA,0
373,6,80,"E",203,5,0
374,6,80,NA,NA,NA,0
375,5,81,NA,NA,NA,0
376,5,81,"E",NA,NA,0
377,5,81,NA,NA,NA,0
378,5,81,"E",NA,NA,0
379,5,81,NA,NA,NA,0
380,6,82,"H",80,4,3
381,6,82,"H",99,1,0
382,6,82,"E",54,5,1
383,6,82,NA,NA,NA,0
384,6,82,"H",101,1,0
385,6,82,"H",109,1,0
386,3,83,NA,NA,NA,0
387,3,83,NA,NA,NA,0
388,3,83,NA,NA,NA,0
389,6,84,"H",205,2,0
390,6,84,"E",141,5,1
391,6,84,NA,NA,NA,0
392,6,84,"H",179,4,2
393,6,84,"H",256,1,0
394,6,84,"H",240,2,1
395,4,85,NA,NA,NA,0
396,4,85,NA,NA,NA,0
397,4,85,"E",142,3,0
398,4,85,NA,NA,NA,0
399,5,86,"E",171,4,3
400,5,86,"H",219,0,0
401,5,86,"H",207,0,0
402,5,86,"H",258,0,0
403,5,86,"H",185,1,1
404,4,87,"H",133,1,0
405,4,87,"H",116,2,1
406,4,87,NA,NA,NA,0
407,4,87,"E",42,3,1
408,3,88,NA,NA,NA,0
409,3,88,NA,NA,NA,0
410,3,88,NA,NA,NA,0
411,3,89,NA,NA,NA,0
412,3,89,NA,NA,NA,0
413,3,89,NA,NA,NA,0
414,4,90,"E",327,1,1
415,4,90,"H",NA,NA,0
416,4,90,"H",178,2,0
417,4,90,"E",121,3,1
418,4,91,NA,NA,NA,0
419,4,91,NA,NA,NA,0
420,4,91,NA,NA,NA,0
421,4,91,NA,NA,NA,0
422,4,92,"E",310,2,0
423,4,92,NA,NA,NA,0
424,4,92,NA,NA,NA,0
425,4,92,"C",228,3,0
426,4,93,NA,NA,NA,0
427,4,93,"E",255,1,0
428,4,93,"E",250,1,0
429,4,93,"E",261,1,0
430,4,94,NA,NA,NA,0
431,4,94,"E",141,3,0
432,4,94,NA,NA,NA,0
433,4,94,NA,NA,NA,0
434,5,95,"H",186,3,0
435,5,95,"E",108,4,1
436,5,95,"E",364,2,0
437,5,95,NA,NA,NA,0
438,5,95,NA,NA,NA,0
439,4,96,NA,NA,NA,0
440,4,96,"E",148,3,0
441,4,96,NA,NA,NA,0
442,4,96,NA,NA,NA,0
443,6,97,NA,NA,NA,0
444,6,97,NA,NA,NA,0
445,6,97,"E",311,5,0
446,6,97,NA,NA,NA,0
447,6,97,NA,NA,NA,0
448,6,97,NA,NA,NA,0
449,5,98,"E",153,4,1
450,5,98,"H",189,3,2
451,5,98,"H",204,1,0
452,5,98,NA,NA,NA,0
453,5,98,"H",220,1,0
454,5,99,NA,NA,NA,0
455,5,99,NA,NA,NA,0
456,5,99,NA,NA,NA,0
457,5,99,NA,NA,NA,0
458,5,99,NA,NA,NA,0
459,3,100,NA,NA,NA,0
460,3,100,"E",361,2,0
461,3,100,NA,NA,NA,0
462,4,101,"E",NA,NA,0
463,4,101,NA,NA,NA,0
464,4,101,NA,NA,NA,0
465,4,101,NA,NA,NA,0
466,6,102,NA,NA,NA,0
467,6,102,NA,NA,NA,0
468,6,102,"E",180,5,0
469,6,102,NA,NA,NA,0
470,6,102,NA,NA,NA,0
471,6,102,NA,NA,NA,0
472,5,103,NA,NA,NA,0
473,5,103,NA,NA,NA,0
474,5,103,"E",298,4,0
475,5,103,NA,NA,NA,0
476,5,103,NA,NA,NA,0
477,5,104,NA,NA,NA,0
478,5,104,NA,NA,NA,0
479,5,104,NA,NA,NA,0
480,5,104,NA,NA,NA,0
481,5,104,NA,NA,NA,0
482,6,105,NA,NA,NA,0
483,6,105,NA,NA,NA,0
484,6,105,NA,NA,NA,0
485,6,105,NA,NA,NA,0
486,6,105,NA,NA,NA,0
487,6,105,NA,NA,NA,0
488,4,106,NA,NA,NA,0
489,4,106,NA,NA,NA,0
490,4,106,NA,NA,NA,0
491,4,106,NA,NA,NA,0
492,4,107,"E",93,3,0
493,4,107,NA,NA,NA,0
494,4,107,NA,NA,NA,0
495,4,107,NA,NA,NA,0
496,3,108,NA,NA,NA,0
497,3,108,NA,NA,NA,0
498,3,108,NA,NA,NA,0
499,4,109,NA,NA,NA,0
500,4,109,"E",357,2,0
501,4,109,"C",217,3,0
502,4,109,NA,NA,NA,0
503,4,110,NA,NA,NA,0
504,4,110,NA,NA,NA,0
505,4,110,NA,NA,NA,0
506,4,110,"E",185,3,0
507,6,111,NA,NA,NA,0
508,6,111,NA,NA,NA,0
509,6,111,NA,NA,NA,0
510,6,111,NA,NA,NA,0
511,6,111,NA,NA,NA,0
512,6,111,NA,NA,NA,0
513,5,112,NA,NA,NA,0
514,5,112,NA,NA,NA,0
515,5,112,NA,NA,NA,0
516,5,112,NA,NA,NA,0
517,5,112,NA,NA,NA,0
518,4,113,"E",NA,NA,0
519,4,113,"H",339,2,0
520,4,113,"E",304,3,1
521,4,113,NA,NA,NA,0
522,3,114,"E",276,1,0
523,3,114,"E",284,1,0
524,3,114,NA,NA,NA,0
525,6,115,"E",60,5,0
526,6,115,NA,NA,NA,0
527,6,115,NA,NA,NA,0
528,6,115,NA,NA,NA,0
529,6,115,"E",205,4,0
530,6,115,NA,NA,NA,0
531,3,116,"H",153,1,0
532,3,116,NA,NA,NA,0
533,3,116,"E",104,2,1
534,4,117,NA,NA,NA,0
535,4,117,NA,NA,NA,0
536,4,117,NA,NA,NA,0
537,4,117,"E",135,3,0
538,6,118,NA,NA,NA,0
539,6,118,"H",169,1,0
540,6,118,"E",94,5,3
541,6,118,"H",128,1,0
542,6,118,"H",121,2,1
543,6,118,"H",137,1,0
544,4,119,NA,NA,NA,0
545,4,119,NA,NA,NA,0
546,4,119,NA,NA,NA,0
547,4,119,NA,NA,NA,0
548,6,120,"H",183,1,1
549,6,120,"H",224,0,0
550,6,120,"H",242,0,0
551,6,120,"E",165,4,1
552,6,120,"H",230,0,0
553,6,120,"E",168,3,2
554,3,121,NA,NA,NA,0
555,3,121,NA,NA,NA,0
556,3,121,NA,NA,NA,0
557,6,122,NA,NA,NA,0
558,6,122,NA,NA,NA,0
559,6,122,NA,NA,NA,0
560,6,122,NA,NA,NA,0
561,6,122,NA,NA,NA,0
562,6,122,NA,NA,NA,0
563,5,123,"E",NA,NA,0
564,5,123,NA,NA,NA,0
565,5,123,NA,NA,NA,0
566,5,123,NA,NA,NA,0
567,5,123,NA,NA,NA,0
568,3,124,NA,NA,NA,0
569,3,124,NA,NA,NA,0
570,3,124,NA,NA,NA,0
571,4,125,NA,NA,NA,0
572,4,125,"H",131,2,0
573,4,125,NA,NA,NA,0
574,4,125,"E",107,3,1
575,4,126,NA,NA,NA,0
576,4,126,NA,NA,NA,0
577,4,126,"E",134,3,0
578,4,126,NA,NA,NA,0
579,5,127,NA,NA,NA,0
580,5,127,NA,NA,NA,0
581,5,127,NA,NA,NA,0
582,5,127,NA,NA,NA,0
583,5,127,NA,NA,NA,0
584,6,128,"C",352,3,1
585,6,128,"H",NA,NA,0
586,6,128,NA,NA,NA,0
587,6,128,NA,NA,NA,0
588,6,128,"E",280,5,1
589,6,128,"H",327,4,0
590,3,129,NA,NA,NA,0
591,3,129,"E",229,2,0
592,3,129,NA,NA,NA,0
593,3,130,NA,NA,NA,0
594,3,130,NA,NA,NA,0
595,3,130,NA,NA,NA,0
596,4,131,NA,NA,NA,0
597,4,131,NA,NA,NA,0
598,4,131,NA,NA,NA,0
599,4,131,NA,NA,NA,0
600,6,132,"H",338,2,0
601,6,132,"H",312,3,1
602,6,132,"H",346,2,0
603,6,132,NA,NA,NA,0
604,6,132,NA,NA,NA,0
605,6,132,"E",283,5,2
606,4,133,NA,NA,NA,0
607,4,133,NA,NA,NA,0
608,4,133,NA,NA,NA,0
609,4,133,NA,NA,NA,0
610,6,134,"E",276,2,0
611,6,134,"E",183,5,1
612,6,134,"H",213,4,1
613,6,134,NA,NA,NA,0
614,6,134,NA,NA,NA,0
615,6,134,"H",242,2,0
616,5,135,"E",61,4,1
617,5,135,"H",170,2,0
618,5,135,NA,NA,NA,0
619,5,135,"H",135,3,1
620,5,135,NA,NA,NA,0
621,3,136,"C",237,1,0
622,3,136,NA,NA,NA,0
623,3,136,"C",244,1,0
624,6,137,"E",NA,NA,0
625,6,137,NA,NA,NA,0
626,6,137,NA,NA,NA,0
627,6,137,NA,NA,NA,0
628,6,137,NA,NA,NA,0
629,6,137,NA,NA,NA,0
630,3,138,NA,NA,NA,0
631,3,138,NA,NA,NA,0
632,3,138,NA,NA,NA,0
633,5,139,NA,NA,NA,0
634,5,139,"E",349,3,0
635,5,139,NA,NA,NA,0
636,5,139,"E",164,4,0
637,5,139,NA,NA,NA,0
638,6,140,"E",NA,NA,0
639,6,140,"H",130,3,1
640,6,140,"H",180,1,0
641,6,140,"E",62,5,1
642,6,140,"H",99,4,1
643,6,140,"H",155,2,1
644,6,141,"H",341,2,0
645,6,141,"E",207,5,1
646,6,141,NA,NA,NA,0
647,6,141,"H",311,3,1
648,6,141,NA,NA,NA,0
649,6,141,"H",258,4,1
650,6,142,NA,NA,NA,0
651,6,142,NA,NA,NA,0
652,6,142,NA,NA,NA,0
653,6,142,NA,NA,NA,0
654,6,142,NA,NA,NA,0
655,6,142,NA,NA,NA,0
656,3,143,NA,NA,NA,0
657,3,143,NA,NA,NA,0
658,3,143,NA,NA,NA,0
659,3,144,"C",334,0,0
660,3,144,"E",295,0,0
661,3,144,"E",201,2,0
662,6,145,NA,NA,NA,0
663,6,145,"E",NA,NA,0
664,6,145,NA,NA,NA,0
665,6,145,NA,NA,NA,0
666,6,145,NA,NA,NA,0
667,6,145,NA,NA,NA,0
668,3,146,"E",327,2,0
669,3,146,NA,NA,NA,0
670,3,146,NA,NA,NA,0
671,4,147,NA,NA,NA,0
672,4,147,NA,NA,NA,0
673,4,147,NA,NA,NA,0
674,4,147,NA,NA,NA,0
675,5,148,NA,NA,NA,0
676,5,148,NA,NA,NA,0
677,5,148,"E",61,3,0
678,5,148,"E",285,2,0
679,5,148,"C",52,3,0
680,5,149,NA,NA,NA,0
681,5,149,NA,NA,NA,0
682,5,149,NA,NA,NA,0
683,5,149,NA,NA,NA,0
684,5,149,"E",NA,NA,0
685,6,150,NA,NA,NA,0
686,6,150,NA,NA,NA,0
687,6,150,"C",94,4,1
688,6,150,NA,NA,NA,0
689,6,150,"C",74,4,0
690,6,150,"H",144,3,0
691,6,151,"H",105,2,1
692,6,151,"E",78,3,1
693,6,151,"E",73,4,1
694,6,151,"H",148,1,0
695,6,151,NA,NA,NA,0
696,6,151,"H",100,2,0
697,5,152,NA,NA,NA,0
698,5,152,NA,NA,NA,0
699,5,152,NA,NA,NA,0
700,5,152,NA,NA,NA,0
701,5,152,NA,NA,NA,0
702,6,153,NA,NA,NA,0
703,6,153,NA,NA,NA,0
704,6,153,NA,NA,NA,0
705,6,153,NA,NA,NA,0
706,6,153,NA,NA,NA,0
707,6,153,NA,NA,NA,0
708,6,154,NA,NA,NA,0
709,6,154,NA,NA,NA,0
710,6,154,"E",351,4,0
711,6,154,NA,NA,NA,0
712,6,154,"E",NA,NA,0
713,6,154,NA,NA,NA,0
714,6,155,NA,NA,NA,0
715,6,155,NA,NA,NA,0
716,6,155,NA,NA,NA,0
717,6,155,NA,NA,NA,0
718,6,155,NA,NA,NA,0
719,6,155,"C",NA,NA,0
720,3,156,NA,NA,NA,0
721,3,156,NA,NA,NA,0
722,3,156,NA,NA,NA,0
723,5,157,"H",109,2,0
724,5,157,NA,NA,NA,0
725,5,157,NA,NA,NA,0
726,5,157,"E",84,3,1
727,5,157,"E",56,4,0
728,6,158,NA,NA,NA,0
729,6,158,NA,NA,NA,0
730,6,158,"E",186,5,2
731,6,158,"H",216,3,0
732,6,158,NA,NA,NA,0
733,6,158,"H",201,3,0
734,6,159,"E",24,5,0
735,6,159,NA,NA,NA,0
736,6,159,NA,NA,NA,0
737,6,159,NA,NA,NA,0
738,6,159,NA,NA,NA,0
739,6,159,NA,NA,NA,0
740,3,160,NA,NA,NA,0
741,3,160,"E",24,2,0
742,3,160,NA,NA,NA,0
743,3,161,"E",101,2,0
744,3,161,NA,NA,NA,0
745,3,161,NA,NA,NA,0
746,3,162,NA,NA,NA,0
747,3,162,"E",71,2,0
748,3,162,"C",NA,NA,0
749,5,163,"H",121,2,1
750,5,163,"E",87,4,2
751,5,163,"H",159,0,0
752,5,163,"E",150,0,0
753,5,163,"H",131,0,0
754,3,164,"E",214,2,0
755,3,164,NA,NA,NA,0
756,3,164,NA,NA,NA,0
757,6,165,"H",343,1,0
758,6,165,NA,NA,NA,0
759,6,165,"E",249,5,1
760,6,165,"H",286,4,1
761,6,165,"H",307,3,2
762,6,165,"H",357,1,0
763,4,166,NA,NA,NA,0
764,4,166,NA,NA,NA,0
765,4,166,NA,NA,NA,0
766,4,166,"C",NA,NA,0
767,4,167,NA,NA,NA,0
768,4,167,NA,NA,NA,0
769,4,167,NA,NA,NA,0
770,4,167,NA,NA,NA,0
771,6,168,NA,NA,NA,0
772,6,168,"H",194,4,1
773,6,168,NA,NA,NA,0
774,6,168,"C",149,5,1
775,6,168,NA,NA,NA,0
776,6,168,"H",217,3,0
777,4,169,"E",25,3,2
778,4,169,NA,NA,NA,0
779,4,169,"H",51,1,0
780,4,169,"H",57,1,0
781,6,170,NA,NA,NA,0
782,6,170,NA,NA,NA,0
783,6,170,NA,NA,NA,0
784,6,170,NA,NA,NA,0
785,6,170,NA,NA,NA,0
786,6,170,NA,NA,NA,0
787,6,171,NA,NA,NA,0
788,6,171,NA,NA,NA,0
789,6,171,NA,NA,NA,0
790,6,171,"H",126,3,0
791,6,171,"H",128,3,0
792,6,171,"E",101,5,2
793,4,172,"E",154,3,1
794,4,172,"E",337,1,0
795,4,172,"H",203,2,0
796,4,172,NA,NA,NA,0
797,6,173,"C",128,5,0
798,6,173,NA,NA,NA,0
799,6,173,NA,NA,NA,0
800,6,173,"E",258,4,0
801,6,173,NA,NA,NA,0
802,6,173,NA,NA,NA,0
803,3,174,NA,NA,NA,0
804,3,174,"E",130,2,0
805,3,174,NA,NA,NA,0
806,6,175,"E",233,4,1
807,6,175,NA,NA,NA,0
808,6,175,"E",39,5,0
809,6,175,"H",256,3,1
810,6,175,"H",288,2,0
811,6,175,NA,NA,NA,0
812,5,176,NA,NA,NA,0
813,5,176,NA,NA,NA,0
814,5,176,NA,NA,NA,0
815,5,176,NA,NA,NA,0
816,5,176,NA,NA,NA,0
817,6,177,NA,NA,NA,0
818,6,177,NA,NA,NA,0
819,6,177,NA,NA,NA,0
820,6,177,"E",294,5,0
821,6,177,NA,NA,NA,0
822,6,177,NA,NA,NA,0
823,5,178,"E",332,2,1
824,5,178,"E",142,4,1
825,5,178,NA,NA,NA,0
826,5,178,"H",NA,NA,0
827,5,178,"H",168,3,0
828,6,179,"H",186,2,1
829,6,179,"H",270,0,0
830,6,179,"H",172,4,2
831,6,179,"H",188,2,0
832,6,179,"H",224,1,1
833,6,179,"E",150,5,1
834,3,180,NA,NA,NA,0
835,3,180,NA,NA,NA,0
836,3,180,NA,NA,NA,0
837,3,181,"E",NA,NA,0
838,3,181,NA,NA,NA,0
839,3,181,NA,NA,NA,0
840,4,182,NA,NA,NA,0
841,4,182,NA,NA,NA,0
842,4,182,NA,NA,NA,0
843,4,182,NA,NA,NA,0
844,3,183,"H",274,1,0
845,3,183,"C",244,2,1
846,3,183,NA,NA,NA,0
847,4,184,NA,NA,NA,0
848,4,184,NA,NA,NA,0
849,4,184,NA,NA,NA,0
850,4,184,NA,NA,NA,0
851,4,185,NA,NA,NA,0
852,4,185,NA,NA,NA,0
853,4,185,NA,NA,NA,0
854,4,185,NA,NA,NA,0
855,3,186,NA,NA,NA,0
856,3,186,"H",153,1,0
857,3,186,"E",128,2,1
858,6,187,"E",260,5,0
859,6,187,NA,NA,NA,0
860,6,187,NA,NA,NA,0
861,6,187,NA,NA,NA,0
862,6,187,NA,NA,NA,0
863,6,187,NA,NA,NA,0
864,5,188,"E",34,3,0
865,5,188,"E",60,3,1
866,5,188,NA,NA,NA,0
867,5,188,NA,NA,NA,0
868,5,188,"H",106,2,0
869,5,189,NA,NA,NA,0
870,5,189,NA,NA,NA,0
871,5,189,NA,NA,NA,0
872,5,189,NA,NA,NA,0
873,5,189,NA,NA,NA,0
874,3,190,NA,NA,NA,0
875,3,190,NA,NA,NA,0
876,3,190,NA,NA,NA,0
877,5,191,NA,NA,NA,0
878,5,191,NA,NA,NA,0
879,5,191,NA,NA,NA,0
880,5,191,"E",283,4,0
881,5,191,NA,NA,NA,0
882,3,192,NA,NA,NA,0
883,3,192,"H",327,1,0
884,3,192,"C",283,2,1
885,3,193,NA,NA,NA,0
886,3,193,NA,NA,NA,0
887,3,193,NA,NA,NA,0
888,4,194,NA,NA,NA,0
889,4,194,NA,NA,NA,0
890,4,194,"E",363,3,0
891,4,194,NA,NA,NA,0
892,5,195,"E",285,4,1
893,5,195,"H",314,3,0
894,5,195,NA,NA,NA,0
895,5,195,NA,NA,NA,0
896,5,195,NA,NA,NA,0
897,3,196,NA,NA,NA,0
898,3,196,NA,NA,NA,0
899,3,196,NA,NA,NA,0
900,6,197,NA,NA,NA,0
901,6,197,NA,NA,NA,0
902,6,197,NA,NA,NA,0
903,6,197,NA,NA,NA,0
904,6,197,NA,NA,NA,0
905,6,197,NA,NA,NA,0
906,5,198,NA,NA,NA,0
907,5,198,NA,NA,NA,0
908,5,198,NA,NA,NA,0
909,5,198,NA,NA,NA,0
910,5,198,NA,NA,NA,0
911,5,199,"H",156,1,0
912,5,199,"E",121,2,1
913,5,199,NA,NA,NA,0
914,5,199,"H",148,1,0
915,5,199,"E",83,3,1
916,5,200,NA,NA,NA,0
917,5,200,NA,NA,NA,0
918,5,200,NA,NA,NA,0
919,5,200,NA,NA,NA,0
920,5,200,"E",44,4,0
921,5,201,"H",345,2,0
922,5,201,NA,NA,NA,0
923,5,201,NA,NA,NA,0
924,5,201,"H",343,2,0
925,5,201,"E",300,4,2
926,6,202,"E",64,0,0
927,6,202,"H",50,1,0
928,6,202,"E",46,1,0
929,6,202,"E",39,4,3
930,6,202,"H",70,0,0
931,6,202,"H",74,0,0
932,3,203,NA,NA,NA,0
933,3,203,NA,NA,NA,0
934,3,203,NA,NA,NA,0
935,3,204,NA,NA,NA,0
936,3,204,NA,NA,NA,0
937,3,204,"E",NA,NA,0
938,5,205,NA,NA,NA,0
939,5,205,NA,NA,NA,0
940,5,205,NA,NA,NA,0
941,5,205,NA,NA,NA,0
942,5,205,"E",68,4,0
943,4,206,NA,NA,NA,0
944,4,206,NA,NA,NA,0
945,4,206,NA,NA,NA,0
946,4,206,NA,NA,NA,0
947,5,207,"E",330,3,1
948,5,207,NA,NA,NA,0
949,5,207,NA,NA,NA,0
950,5,207,"E",210,4,0
951,5,207,"H",360,2,0
952,4,208,NA,NA,NA,0
953,4,208,NA,NA,NA,0
954,4,208,NA,NA,NA,0
955,4,208,NA,NA,NA,0
956,3,209,NA,NA,NA,0
957,3,209,NA,NA,NA,0
958,3,209,NA,NA,NA,0
959,5,210,NA,NA,NA,0
960,5,210,NA,NA,NA,0
961,5,210,NA,NA,NA,0
962,5,210,"E",NA,NA,0
963,5,210,NA,NA,NA,0
964,4,211,"H",166,2,0
965,4,211,NA,NA,NA,0
966,4,211,NA,NA,NA,0
967,4,211,"E",141,3,1
968,3,212,NA,NA,NA,0
969,3,212,NA,NA,NA,0
970,3,212,NA,NA,NA,0
971,6,213,NA,NA,NA,0
972,6,213,NA,NA,NA,0
973,6,213,NA,NA,NA,0
974,6,213,NA,NA,NA,0
975,6,213,NA,NA,NA,0
976,6,213,NA,NA,NA,0
977,5,214,NA,NA,NA,0
978,5,214,"E",256,2,0
979,5,214,"E",142,3,0
980,5,214,NA,NA,NA,0
981,5,214,"E",145,3,0
982,4,215,"H",121,2,0
983,4,215,NA,NA,NA,0
984,4,215,"E",90,3,1
985,4,215,NA,NA,NA,0
986,4,216,"E",312,2,0
987,4,216,NA,NA,NA,0
988,4,216,"E",158,3,0
989,4,216,NA,NA,NA,0
990,5,217,NA,NA,NA,0
991,5,217,NA,NA,NA,0
992,5,217,NA,NA,NA,0
993,5,217,NA,NA,NA,0
994,5,217,NA,NA,NA,0
995,6,218,NA,NA,NA,0
996,6,218,NA,NA,NA,0
997,6,218,NA,NA,NA,0
998,6,218,NA,NA,NA,0
999,6,218,NA,NA,NA,0
1000,6,218,NA,NA,NA,0
