"ID","SIZE","HH","TYPE","TIME","S_NUM","I_NUM"
1,4,1,"0",NA,NA,0
2,4,1,NA,NA,NA,0
3,4,1,NA,NA,NA,0
4,4,1,NA,NA,NA,0
5,5,2,NA,NA,NA,0
6,5,2,NA,NA,NA,0
7,5,2,"E",311,2,0
8,5,2,"H",158,3,0
9,5,2,"C",127,4,1
10,3,3,NA,NA,NA,0
11,3,3,NA,NA,NA,0
12,3,3,NA,NA,NA,0
13,3,4,NA,NA,NA,0
14,3,4,"E",359,2,0
15,3,4,NA,NA,NA,0
16,5,5,"E",277,4,0
17,5,5,NA,NA,NA,0
18,5,5,NA,NA,NA,0
19,5,5,NA,NA,NA,0
20,5,5,NA,NA,NA,0
21,6,6,NA,NA,NA,0
22,6,6,NA,NA,NA,0
23,6,6,NA,NA,NA,0
24,6,6,NA,NA,NA,0
25,6,6,"E",325,5,0
26,6,6,NA,NA,NA,0
27,5,7,NA,NA,NA,0
28,5,7,"E",166,4,0
29,5,7,NA,NA,NA,0
30,5,7,NA,NA,NA,0
31,5,7,NA,NA,NA,0
32,3,8,"H",241,1,1
33,3,8,"E",213,2,1
34,3,8,"H",294,0,0
35,3,9,NA,NA,NA,0
36,3,9,NA,NA,NA,0
37,3,9,NA,NA,NA,0
38,4,10,NA,NA,NA,0
39,4,10,NA,NA,NA,0
40,4,10,NA,NA,NA,0
41,4,10,NA,NA,NA,0
42,5,11,NA,NA,NA,0
43,5,11,NA,NA,NA,0
44,5,11,NA,NA,NA,0
45,5,11,NA,NA,NA,0
46,5,11,NA,NA,NA,0
47,5,12,NA,NA,NA,0
48,5,12,"E",216,4,0
49,5,12,NA,NA,NA,0
50,5,12,NA,NA,NA,0
51,5,12,NA,NA,NA,0
52,3,13,NA,NA,NA,0
53,3,13,NA,NA,NA,0
54,3,13,NA,NA,NA,0
55,6,14,"H",NA,NA,0
56,6,14,"E",183,5,0
57,6,14,"E",307,2,1
58,6,14,"E",296,3,1
59,6,14,"H",344,1,1
60,6,14,"H",324,1,0
61,6,15,NA,NA,NA,0
62,6,15,NA,NA,NA,0
63,6,15,NA,NA,NA,0
64,6,15,NA,NA,NA,0
65,6,15,NA,NA,NA,0
66,6,15,NA,NA,NA,0
67,5,16,NA,NA,NA,0
68,5,16,NA,NA,NA,0
69,5,16,NA,NA,NA,0
70,5,16,NA,NA,NA,0
71,5,16,NA,NA,NA,0
72,6,17,"C",179,5,0
73,6,17,NA,NA,NA,0
74,6,17,NA,NA,NA,0
75,6,17,NA,NA,NA,0
76,6,17,NA,NA,NA,0
77,6,17,NA,NA,NA,0
78,6,18,"E",71,5,3
79,6,18,"H",126,2,0
80,6,18,"H",106,2,0
81,6,18,NA,NA,NA,0
82,6,18,"H",119,2,0
83,6,18,NA,NA,NA,0
84,6,19,NA,NA,NA,0
85,6,19,NA,NA,NA,0
86,6,19,NA,NA,NA,0
87,6,19,NA,NA,NA,0
88,6,19,NA,NA,NA,0
89,6,19,NA,NA,NA,0
90,4,20,"E",161,3,0
91,4,20,"E",260,1,0
92,4,20,NA,NA,NA,0
93,4,20,"E",239,2,0
94,5,21,NA,NA,NA,0
95,5,21,"H",272,2,0
96,5,21,"H",222,3,1
97,5,21,NA,NA,NA,0
98,5,21,"E",192,4,1
99,6,22,"C",253,5,0
100,6,22,NA,NA,NA,0
101,6,22,NA,NA,NA,0
102,6,22,NA,NA,NA,0
103,6,22,NA,NA,NA,0
104,6,22,NA,NA,NA,0
105,3,23,NA,NA,NA,0
106,3,23,"E",149,2,0
107,3,23,NA,NA,NA,0
108,3,24,NA,NA,NA,0
109,3,24,"C",150,2,0
110,3,24,NA,NA,NA,0
111,3,25,NA,NA,NA,0
112,3,25,"E",138,2,0
113,3,25,NA,NA,NA,0
114,5,26,NA,NA,NA,0
115,5,26,NA,NA,NA,0
116,5,26,"E",NA,NA,0
117,5,26,NA,NA,NA,0
118,5,26,NA,NA,NA,0
119,4,27,"E",199,2,0
120,4,27,"E",125,3,0
121,4,27,NA,NA,NA,0
122,4,27,NA,NA,NA,0
123,6,28,"H",178,3,0
124,6,28,NA,NA,NA,0
125,6,28,NA,NA,NA,0
126,6,28,"H",226,2,0
127,6,28,"E",133,5,2
128,6,28,"H",193,3,1
129,6,29,"E",NA,NA,0
130,6,29,NA,NA,NA,0
131,6,29,"E",342,5,0
132,6,29,NA,NA,NA,0
133,6,29,NA,NA,NA,0
134,6,29,NA,NA,NA,0
135,6,30,"H",150,2,0
136,6,30,"H",202,0,0
137,6,30,"H",173,2,2
138,6,30,"H",213,0,0
139,6,30,"E",125,5,3
140,6,30,"H",178,1,0
141,6,31,NA,NA,NA,0
142,6,31,NA,NA,NA,0
143,6,31,NA,NA,NA,0
144,6,31,NA,NA,NA,0
145,6,31,NA,NA,NA,0
146,6,31,NA,NA,NA,0
147,4,32,NA,NA,NA,0
148,4,32,NA,NA,NA,0
149,4,32,"E",35,3,0
150,4,32,NA,NA,NA,0
151,6,33,"H",202,3,2
152,6,33,"H",314,0,0
153,6,33,"E",170,4,1
154,6,33,"H",272,1,1
155,6,33,"E",169,4,0
156,6,33,"H",229,1,0
157,5,34,NA,NA,NA,0
158,5,34,"E",327,3,0
159,5,34,NA,NA,NA,0
160,5,34,NA,NA,NA,0
161,5,34,"E",91,4,0
162,5,35,NA,NA,NA,0
163,5,35,"E",312,4,1
164,5,35,"H",347,3,0
165,5,35,NA,NA,NA,0
166,5,35,NA,NA,NA,0
167,5,36,NA,NA,NA,0
168,5,36,NA,NA,NA,0
169,5,36,NA,NA,NA,0
170,5,36,NA,NA,NA,0
171,5,36,NA,NA,NA,0
172,5,37,NA,NA,NA,0
173,5,37,NA,NA,NA,0
174,5,37,NA,NA,NA,0
175,5,37,"E",247,4,1
176,5,37,"H",327,3,0
177,4,38,NA,NA,NA,0
178,4,38,NA,NA,NA,0
179,4,38,NA,NA,NA,0
180,4,38,NA,NA,NA,0
181,6,39,"H",81,2,2
182,6,39,"H",115,0,0
183,6,39,"H",106,0,0
184,6,39,"H",112,0,0
185,6,39,"E",65,5,3
186,6,39,"H",115,0,0
187,6,40,"H",181,0,0
188,6,40,"H",126,2,0
189,6,40,"E",151,2,1
190,6,40,"H",232,0,0
191,6,40,"H",157,1,1
192,6,40,"C",103,5,2
193,4,41,NA,NA,NA,0
194,4,41,NA,NA,NA,0
195,4,41,NA,NA,NA,0
196,4,41,NA,NA,NA,0
197,3,42,NA,NA,NA,0
198,3,42,NA,NA,NA,0
199,3,42,NA,NA,NA,0
200,3,43,"E",266,1,0
201,3,43,NA,NA,NA,0
202,3,43,"E",197,2,0
203,4,44,NA,NA,NA,0
204,4,44,NA,NA,NA,0
205,4,44,NA,NA,NA,0
206,4,44,NA,NA,NA,0
207,6,45,NA,NA,NA,0
208,6,45,NA,NA,NA,0
209,6,45,NA,NA,NA,0
210,6,45,NA,NA,NA,0
211,6,45,"E",125,5,0
212,6,45,NA,NA,NA,0
213,4,46,"E",199,3,1
214,4,46,NA,NA,NA,0
215,4,46,NA,NA,NA,0
216,4,46,"H",229,2,0
217,6,47,NA,NA,NA,0
218,6,47,NA,NA,NA,0
219,6,47,NA,NA,NA,0
220,6,47,NA,NA,NA,0
221,6,47,NA,NA,NA,0
222,6,47,NA,NA,NA,0
223,5,48,NA,NA,NA,0
224,5,48,NA,NA,NA,0
225,5,48,NA,NA,NA,0
226,5,48,"E",NA,NA,0
227,5,48,NA,NA,NA,0
228,3,49,"E",269,2,0
229,3,49,NA,NA,NA,0
230,3,49,NA,NA,NA,0
231,3,50,NA,NA,NA,0
232,3,50,NA,NA,NA,0
233,3,50,NA,NA,NA,0
234,4,51,NA,NA,NA,0
235,4,51,"E",115,3,0
236,4,51,NA,NA,NA,0
237,4,51,NA,NA,NA,0
238,6,52,NA,NA,NA,0
239,6,52,NA,NA,NA,0
240,6,52,"C",136,4,0
241,6,52,NA,NA,NA,0
242,6,52,NA,NA,NA,0
243,6,52,"E",127,4,0
244,5,53,NA,NA,NA,0
245,5,53,NA,NA,NA,0
246,5,53,NA,NA,NA,0
247,5,53,NA,NA,NA,0
248,5,53,NA,NA,NA,0
249,5,54,"H",291,1,0
250,5,54,"H",298,1,0
251,5,54,"E",260,4,3
252,5,54,"E",NA,NA,0
253,5,54,"H",281,1,0
254,5,55,NA,NA,NA,0
255,5,55,NA,NA,NA,0
256,5,55,NA,NA,NA,0
257,5,55,NA,NA,NA,0
258,5,55,"E",283,4,0
259,6,56,NA,NA,NA,0
260,6,56,NA,NA,NA,0
261,6,56,"E",191,5,0
262,6,56,NA,NA,NA,0
263,6,56,"E",NA,NA,0
264,6,56,NA,NA,NA,0
265,6,57,NA,NA,NA,0
266,6,57,NA,NA,NA,0
267,6,57,NA,NA,NA,0
268,6,57,NA,NA,NA,0
269,6,57,"E",NA,NA,0
270,6,57,NA,NA,NA,0
271,3,58,"E",318,2,0
272,3,58,NA,NA,NA,0
273,3,58,NA,NA,NA,0
274,3,59,NA,NA,NA,0
275,3,59,NA,NA,NA,0
276,3,59,NA,NA,NA,0
277,4,60,NA,NA,NA,0
278,4,60,NA,NA,NA,0
279,4,60,NA,NA,NA,0
280,4,60,NA,NA,NA,0
281,5,61,"E",317,0,0
282,5,61,"H",166,1,0
283,5,61,"H",156,1,0
284,5,61,"E",117,4,2
285,5,61,"H",142,2,1
286,5,62,NA,NA,NA,0
287,5,62,"H",244,2,0
288,5,62,NA,NA,NA,0
289,5,62,"H",206,3,1
290,5,62,"E",172,4,1
291,3,63,NA,NA,NA,0
292,3,63,"E",48,2,0
293,3,63,NA,NA,NA,0
294,5,64,NA,NA,NA,0
295,5,64,NA,NA,NA,0
296,5,64,"H",289,3,0
297,5,64,NA,NA,NA,0
298,5,64,"C",259,4,1
299,6,65,NA,NA,NA,0
300,6,65,"E",270,4,0
301,6,65,NA,NA,NA,0
302,6,65,NA,NA,NA,0
303,6,65,"C",281,4,0
304,6,65,NA,NA,NA,0
305,6,66,NA,NA,NA,0
306,6,66,NA,NA,NA,0
307,6,66,NA,NA,NA,0
308,6,66,NA,NA,NA,0
309,6,66,NA,NA,NA,0
310,6,66,NA,NA,NA,0
311,3,67,"H",102,1,0
312,3,67,"E",58,2,1
313,3,67,NA,NA,NA,0
314,3,68,NA,NA,NA,0
315,3,68,NA,NA,NA,0
316,3,68,NA,NA,NA,0
317,4,69,"E",243,3,2
318,4,69,NA,NA,NA,0
319,4,69,"H",267,1,0
320,4,69,"H",268,1,0
321,4,70,NA,NA,NA,0
322,4,70,NA,NA,NA,0
323,4,70,NA,NA,NA,0
324,4,70,NA,NA,NA,0
325,5,71,NA,NA,NA,0
326,5,71,NA,NA,NA,0
327,5,71,NA,NA,NA,0
328,5,71,NA,NA,NA,0
329,5,71,NA,NA,NA,0
330,3,72,NA,NA,NA,0
331,3,72,"H",98,1,0
332,3,72,"E",45,2,1
333,4,73,NA,NA,NA,0
334,4,73,NA,NA,NA,0
335,4,73,NA,NA,NA,0
336,4,73,NA,NA,NA,0
337,4,74,NA,NA,NA,0
338,4,74,NA,NA,NA,0
339,4,74,NA,NA,NA,0
340,4,74,NA,NA,NA,0
341,3,75,NA,NA,NA,0
342,3,75,NA,NA,NA,0
343,3,75,NA,NA,NA,0
344,5,76,NA,NA,NA,0
345,5,76,"C",NA,NA,0
346,5,76,"E",101,4,0
347,5,76,NA,NA,NA,0
348,5,76,NA,NA,NA,0
349,3,77,NA,NA,NA,0
350,3,77,NA,NA,NA,0
351,3,77,"E",45,2,0
352,4,78,NA,NA,NA,0
353,4,78,NA,NA,NA,0
354,4,78,NA,NA,NA,0
355,4,78,NA,NA,NA,0
356,4,79,NA,NA,NA,0
357,4,79,NA,NA,NA,0
358,4,79,"E",278,2,0
359,4,79,"E",211,3,0
360,4,80,NA,NA,NA,0
361,4,80,NA,NA,NA,0
362,4,80,"E",249,3,0
363,4,80,NA,NA,NA,0
364,6,81,NA,NA,NA,0
365,6,81,NA,NA,NA,0
366,6,81,NA,NA,NA,0
367,6,81,NA,NA,NA,0
368,6,81,NA,NA,NA,0
369,6,81,NA,NA,NA,0
370,4,82,"E",180,2,1
371,4,82,"E",200,1,1
372,4,82,"H",198,1,0
373,4,82,"H",224,0,0
374,4,83,NA,NA,NA,0
375,4,83,"E",220,3,2
376,4,83,"H",246,1,0
377,4,83,"H",258,1,0
378,6,84,"E",113,3,0
379,6,84,NA,NA,NA,0
380,6,84,NA,NA,NA,0
381,6,84,"C",80,5,1
382,6,84,"H",102,3,0
383,6,84,NA,NA,NA,0
384,4,85,NA,NA,NA,0
385,4,85,NA,NA,NA,0
386,4,85,"E",209,3,0
387,4,85,NA,NA,NA,0
388,5,86,NA,NA,NA,0
389,5,86,NA,NA,NA,0
390,5,86,NA,NA,NA,0
391,5,86,NA,NA,NA,0
392,5,86,NA,NA,NA,0
393,4,87,"E",94,3,1
394,4,87,"H",114,2,0
395,4,87,NA,NA,NA,0
396,4,87,NA,NA,NA,0
397,4,88,NA,NA,NA,0
398,4,88,NA,NA,NA,0
399,4,88,"E",56,3,0
400,4,88,NA,NA,NA,0
401,5,89,NA,NA,NA,0
402,5,89,NA,NA,NA,0
403,5,89,NA,NA,NA,0
404,5,89,"E",110,4,0
405,5,89,NA,NA,NA,0
406,5,90,NA,NA,NA,0
407,5,90,NA,NA,NA,0
408,5,90,NA,NA,NA,0
409,5,90,"C",NA,NA,0
410,5,90,NA,NA,NA,0
411,5,91,NA,NA,NA,0
412,5,91,"H",340,3,1
413,5,91,NA,NA,NA,0
414,5,91,"H",NA,NA,0
415,5,91,"E",301,4,1
416,4,92,NA,NA,NA,0
417,4,92,"E",309,3,1
418,4,92,"H",338,2,1
419,4,92,"H",NA,NA,0
420,3,93,NA,NA,NA,0
421,3,93,"C",143,2,1
422,3,93,"H",159,1,0
423,4,94,NA,NA,NA,0
424,4,94,NA,NA,NA,0
425,4,94,NA,NA,NA,0
426,4,94,NA,NA,NA,0
427,4,95,NA,NA,NA,0
428,4,95,NA,NA,NA,0
429,4,95,NA,NA,NA,0
430,4,95,NA,NA,NA,0
431,3,96,NA,NA,NA,0
432,3,96,NA,NA,NA,0
433,3,96,NA,NA,NA,0
434,4,97,NA,NA,NA,0
435,4,97,NA,NA,NA,0
436,4,97,NA,NA,NA,0
437,4,97,NA,NA,NA,0
438,3,98,NA,NA,NA,0
439,3,98,NA,NA,NA,0
440,3,98,NA,NA,NA,0
441,4,99,NA,NA,NA,0
442,4,99,NA,NA,NA,0
443,4,99,NA,NA,NA,0
444,4,99,NA,NA,NA,0
445,5,100,NA,NA,NA,0
446,5,100,"E",32,4,1
447,5,100,NA,NA,NA,0
448,5,100,"H",56,3,1
449,5,100,"H",112,2,0
450,6,101,"H",281,2,0
451,6,101,"E",118,5,1
452,6,101,NA,NA,NA,0
453,6,101,"H",157,4,0
454,6,101,NA,NA,NA,0
455,6,101,"E",250,3,1
456,3,102,NA,NA,NA,0
457,3,102,NA,NA,NA,0
458,3,102,NA,NA,NA,0
459,3,103,NA,NA,NA,0
460,3,103,NA,NA,NA,0
461,3,103,NA,NA,NA,0
462,5,104,NA,NA,NA,0
463,5,104,"H",304,2,0
464,5,104,"E",271,3,0
465,5,104,NA,NA,NA,0
466,5,104,"E",285,3,1
467,6,105,NA,NA,NA,0
468,6,105,NA,NA,NA,0
469,6,105,NA,NA,NA,0
470,6,105,"E",168,5,0
471,6,105,NA,NA,NA,0
472,6,105,NA,NA,NA,0
473,6,106,"H",182,3,1
474,6,106,"E",113,5,0
475,6,106,NA,NA,NA,0
476,6,106,"H",238,2,0
477,6,106,NA,NA,NA,0
478,6,106,"E",156,4,1
479,5,107,"E",85,4,0
480,5,107,NA,NA,NA,0
481,5,107,"E",220,2,0
482,5,107,NA,NA,NA,0
483,5,107,"E",125,3,0
484,5,108,NA,NA,NA,0
485,5,108,NA,NA,NA,0
486,5,108,NA,NA,NA,0
487,5,108,"E",314,4,0
488,5,108,NA,NA,NA,0
489,6,109,"H",77,3,0
490,6,109,"H",158,1,1
491,6,109,"H",175,0,0
492,6,109,"E",136,2,1
493,6,109,"E",49,4,1
494,6,109,"E",38,4,0
495,4,110,NA,NA,NA,0
496,4,110,NA,NA,NA,0
497,4,110,"H",153,2,0
498,4,110,"E",99,3,1
499,5,111,NA,NA,NA,0
500,5,111,"H",NA,NA,0
501,5,111,NA,NA,NA,0
502,5,111,NA,NA,NA,0
503,5,111,"E",360,4,1
504,6,112,"E",85,5,1
505,6,112,"E",134,3,0
506,6,112,NA,NA,NA,0
507,6,112,NA,NA,NA,0
508,6,112,"H",134,3,0
509,6,112,NA,NA,NA,0
510,6,113,NA,NA,NA,0
511,6,113,"H",273,3,0
512,6,113,NA,NA,NA,0
513,6,113,NA,NA,NA,0
514,6,113,"E",208,5,1
515,6,113,"H",239,4,1
516,5,114,NA,NA,NA,0
517,5,114,NA,NA,NA,0
518,5,114,"H",72,3,0
519,5,114,NA,NA,NA,0
520,5,114,"E",33,4,1
521,5,115,"H",188,1,0
522,5,115,NA,NA,NA,0
523,5,115,"E",82,4,0
524,5,115,"E",124,3,1
525,5,115,"H",164,2,1
526,4,116,"E",226,3,0
527,4,116,NA,NA,NA,0
528,4,116,NA,NA,NA,0
529,4,116,NA,NA,NA,0
530,5,117,NA,NA,NA,0
531,5,117,NA,NA,NA,0
532,5,117,"E",327,4,1
533,5,117,"H",NA,NA,0
534,5,117,"H",343,3,1
535,6,118,"E",112,5,0
536,6,118,NA,NA,NA,0
537,6,118,NA,NA,NA,0
538,6,118,NA,NA,NA,0
539,6,118,NA,NA,NA,0
540,6,118,NA,NA,NA,0
541,3,119,"E",144,2,0
542,3,119,"C",286,1,0
543,3,119,NA,NA,NA,0
544,6,120,NA,NA,NA,0
545,6,120,NA,NA,NA,0
546,6,120,"H",249,4,0
547,6,120,"C",185,5,1
548,6,120,NA,NA,NA,0
549,6,120,NA,NA,NA,0
550,3,121,NA,NA,NA,0
551,3,121,NA,NA,NA,0
552,3,121,NA,NA,NA,0
553,6,122,NA,NA,NA,0
554,6,122,NA,NA,NA,0
555,6,122,NA,NA,NA,0
556,6,122,"E",304,5,0
557,6,122,NA,NA,NA,0
558,6,122,NA,NA,NA,0
559,3,123,NA,NA,NA,0
560,3,123,NA,NA,NA,0
561,3,123,NA,NA,NA,0
562,5,124,NA,NA,NA,0
563,5,124,NA,NA,NA,0
564,5,124,NA,NA,NA,0
565,5,124,NA,NA,NA,0
566,5,124,NA,NA,NA,0
567,3,125,NA,NA,NA,0
568,3,125,NA,NA,NA,0
569,3,125,NA,NA,NA,0
570,4,126,NA,NA,NA,0
571,4,126,"E",176,3,0
572,4,126,NA,NA,NA,0
573,4,126,NA,NA,NA,0
574,3,127,NA,NA,NA,0
575,3,127,"E",295,2,0
576,3,127,NA,NA,NA,0
577,3,128,NA,NA,NA,0
578,3,128,NA,NA,NA,0
579,3,128,NA,NA,NA,0
580,3,129,NA,NA,NA,0
581,3,129,NA,NA,NA,0
582,3,129,NA,NA,NA,0
583,5,130,NA,NA,NA,0
584,5,130,NA,NA,NA,0
585,5,130,NA,NA,NA,0
586,5,130,NA,NA,NA,0
587,5,130,"E",104,4,0
588,6,131,NA,NA,NA,0
589,6,131,"H",188,2,0
590,6,131,"E",125,5,2
591,6,131,"H",155,3,1
592,6,131,NA,NA,NA,0
593,6,131,"H",161,2,0
594,5,132,NA,NA,NA,0
595,5,132,NA,NA,NA,0
596,5,132,NA,NA,NA,0
597,5,132,NA,NA,NA,0
598,5,132,NA,NA,NA,0
599,4,133,NA,NA,NA,0
600,4,133,"H",227,2,0
601,4,133,"E",174,3,1
602,4,133,NA,NA,NA,0
603,3,134,NA,NA,NA,0
604,3,134,NA,NA,NA,0
605,3,134,NA,NA,NA,0
606,4,135,"E",52,3,1
607,4,135,NA,NA,NA,0
608,4,135,NA,NA,NA,0
609,4,135,"H",74,2,0
610,3,136,"C",174,0,0
611,3,136,"E",115,2,1
612,3,136,"H",140,1,0
613,3,137,NA,NA,NA,0
614,3,137,NA,NA,NA,0
615,3,137,NA,NA,NA,0
616,3,138,"H",245,1,0
617,3,138,NA,NA,NA,0
618,3,138,"E",197,2,1
619,4,139,NA,NA,NA,0
620,4,139,NA,NA,NA,0
621,4,139,"C",62,3,0
622,4,139,NA,NA,NA,0
623,5,140,"H",244,1,0
624,5,140,NA,NA,NA,0
625,5,140,"E",197,4,2
626,5,140,"H",239,1,0
627,5,140,"H",216,2,1
628,4,141,NA,NA,NA,0
629,4,141,NA,NA,NA,0
630,4,141,NA,NA,NA,0
631,4,141,NA,NA,NA,0
632,6,142,"E",305,4,0
633,6,142,NA,NA,NA,0
634,6,142,NA,NA,NA,0
635,6,142,NA,NA,NA,0
636,6,142,NA,NA,NA,0
637,6,142,"E",236,5,0
638,6,143,NA,NA,NA,0
639,6,143,NA,NA,NA,0
640,6,143,NA,NA,NA,0
641,6,143,NA,NA,NA,0
642,6,143,NA,NA,NA,0
643,6,143,NA,NA,NA,0
644,4,144,NA,NA,NA,0
645,4,144,NA,NA,NA,0
646,4,144,NA,NA,NA,0
647,4,144,NA,NA,NA,0
648,5,145,"E",336,4,0
649,5,145,NA,NA,NA,0
650,5,145,NA,NA,NA,0
651,5,145,NA,NA,NA,0
652,5,145,NA,NA,NA,0
653,6,146,"H",277,0,0
654,6,146,"E",252,4,4
655,6,146,"H",290,0,0
656,6,146,"H",292,0,0
657,6,146,"E",98,5,0
658,6,146,"H",300,0,0
659,4,147,NA,NA,NA,0
660,4,147,NA,NA,NA,0
661,4,147,NA,NA,NA,0
662,4,147,NA,NA,NA,0
663,3,148,"E",269,2,0
664,3,148,NA,NA,NA,0
665,3,148,NA,NA,NA,0
666,3,149,NA,NA,NA,0
667,3,149,NA,NA,NA,0
668,3,149,NA,NA,NA,0
669,4,150,"H",174,1,1
670,4,150,"H",218,0,0
671,4,150,"C",150,3,2
672,4,150,"H",193,0,0
673,3,151,NA,NA,NA,0
674,3,151,"E",53,2,0
675,3,151,NA,NA,NA,0
676,6,152,"C",275,5,0
677,6,152,NA,NA,NA,0
678,6,152,"E",296,4,2
679,6,152,"H",319,2,0
680,6,152,"H",322,2,0
681,6,152,NA,NA,NA,0
682,6,153,NA,NA,NA,0
683,6,153,NA,NA,NA,0
684,6,153,"E",238,5,0
685,6,153,NA,NA,NA,0
686,6,153,NA,NA,NA,0
687,6,153,NA,NA,NA,0
688,6,154,"H",363,2,2
689,6,154,"H",NA,NA,0
690,6,154,"H",NA,NA,0
691,6,154,"E",193,5,0
692,6,154,"E",297,4,1
693,6,154,"H",337,3,1
694,5,155,NA,NA,NA,0
695,5,155,NA,NA,NA,0
696,5,155,NA,NA,NA,0
697,5,155,NA,NA,NA,0
698,5,155,NA,NA,NA,0
699,3,156,"E",284,2,1
700,3,156,NA,NA,NA,0
701,3,156,"H",325,1,0
702,3,157,NA,NA,NA,0
703,3,157,NA,NA,NA,0
704,3,157,NA,NA,NA,0
705,5,158,NA,NA,NA,0
706,5,158,"E",237,4,1
707,5,158,NA,NA,NA,0
708,5,158,NA,NA,NA,0
709,5,158,"H",263,3,0
710,3,159,"H",183,0,0
711,3,159,"E",105,2,1
712,3,159,"H",123,1,1
713,4,160,NA,NA,NA,0
714,4,160,"E",327,2,0
715,4,160,NA,NA,NA,0
716,4,160,"E",214,3,0
717,3,161,NA,NA,NA,0
718,3,161,NA,NA,NA,0
719,3,161,NA,NA,NA,0
720,3,162,NA,NA,NA,0
721,3,162,"H",305,1,0
722,3,162,"E",262,2,1
723,4,163,"E",119,3,0
724,4,163,NA,NA,NA,0
725,4,163,NA,NA,NA,0
726,4,163,NA,NA,NA,0
727,4,164,NA,NA,NA,0
728,4,164,NA,NA,NA,0
729,4,164,NA,NA,NA,0
730,4,164,NA,NA,NA,0
731,6,165,"H",NA,NA,0
732,6,165,"E",316,2,0
733,6,165,"E",360,2,1
734,6,165,"E",123,5,1
735,6,165,"H",140,4,0
736,6,165,NA,NA,NA,0
737,3,166,NA,NA,NA,0
738,3,166,NA,NA,NA,0
739,3,166,"E",308,2,0
740,3,167,NA,NA,NA,0
741,3,167,NA,NA,NA,0
742,3,167,NA,NA,NA,0
743,6,168,NA,NA,NA,0
744,6,168,NA,NA,NA,0
745,6,168,NA,NA,NA,0
746,6,168,NA,NA,NA,0
747,6,168,"E",NA,NA,0
748,6,168,"E",364,4,0
749,4,169,NA,NA,NA,0
750,4,169,NA,NA,NA,0
751,4,169,NA,NA,NA,0
752,4,169,NA,NA,NA,0
753,4,170,NA,NA,NA,0
754,4,170,NA,NA,NA,0
755,4,170,NA,NA,NA,0
756,4,170,NA,NA,NA,0
757,6,171,NA,NA,NA,0
758,6,171,"H",288,4,2
759,6,171,"H",327,2,0
760,6,171,"H",328,2,0
761,6,171,NA,NA,NA,0
762,6,171,"E",259,5,1
763,3,172,NA,NA,NA,0
764,3,172,NA,NA,NA,0
765,3,172,NA,NA,NA,0
766,4,173,NA,NA,NA,0
767,4,173,NA,NA,NA,0
768,4,173,NA,NA,NA,0
769,4,173,NA,NA,NA,0
770,3,174,"E",291,2,0
771,3,174,"E",NA,NA,0
772,3,174,NA,NA,NA,0
773,4,175,NA,NA,NA,0
774,4,175,NA,NA,NA,0
775,4,175,NA,NA,NA,0
776,4,175,NA,NA,NA,0
777,3,176,NA,NA,NA,0
778,3,176,"E",283,2,0
779,3,176,NA,NA,NA,0
780,3,177,NA,NA,NA,0
781,3,177,NA,NA,NA,0
782,3,177,NA,NA,NA,0
783,5,178,NA,NA,NA,0
784,5,178,NA,NA,NA,0
785,5,178,NA,NA,NA,0
786,5,178,NA,NA,NA,0
787,5,178,NA,NA,NA,0
788,6,179,NA,NA,NA,0
789,6,179,NA,NA,NA,0
790,6,179,NA,NA,NA,0
791,6,179,NA,NA,NA,0
792,6,179,NA,NA,NA,0
793,6,179,"E",288,5,0
794,4,180,NA,NA,NA,0
795,4,180,NA,NA,NA,0
796,4,180,NA,NA,NA,0
797,4,180,NA,NA,NA,0
798,6,181,NA,NA,NA,0
799,6,181,NA,NA,NA,0
800,6,181,NA,NA,NA,0
801,6,181,NA,NA,NA,0
802,6,181,NA,NA,NA,0
803,6,181,NA,NA,NA,0
804,3,182,NA,NA,NA,0
805,3,182,NA,NA,NA,0
806,3,182,NA,NA,NA,0
807,3,183,"H",134,1,0
808,3,183,"E",115,2,1
809,3,183,NA,NA,NA,0
810,3,184,"E",168,1,0
811,3,184,"E",169,1,0
812,3,184,NA,NA,NA,0
813,4,185,"E",170,1,0
814,4,185,NA,NA,NA,0
815,4,185,"H",92,2,0
816,4,185,"E",50,3,1
817,5,186,NA,NA,NA,0
818,5,186,"E",77,4,0
819,5,186,NA,NA,NA,0
820,5,186,NA,NA,NA,0
821,5,186,NA,NA,NA,0
822,4,187,NA,NA,NA,0
823,4,187,NA,NA,NA,0
824,4,187,NA,NA,NA,0
825,4,187,"E",105,3,0
826,4,188,"C",257,3,1
827,4,188,NA,NA,NA,0
828,4,188,NA,NA,NA,0
829,4,188,"H",284,2,0
830,3,189,NA,NA,NA,0
831,3,189,NA,NA,NA,0
832,3,189,NA,NA,NA,0
833,6,190,NA,NA,NA,0
834,6,190,NA,NA,NA,0
835,6,190,"E",93,5,0
836,6,190,NA,NA,NA,0
837,6,190,NA,NA,NA,0
838,6,190,NA,NA,NA,0
839,6,191,NA,NA,NA,0
840,6,191,NA,NA,NA,0
841,6,191,NA,NA,NA,0
842,6,191,NA,NA,NA,0
843,6,191,"E",111,5,1
844,6,191,"H",143,4,0
845,6,192,"E",87,5,0
846,6,192,"H",220,3,1
847,6,192,"H",301,1,0
848,6,192,NA,NA,NA,0
849,6,192,"H",270,2,1
850,6,192,"C",195,4,1
851,4,193,NA,NA,NA,0
852,4,193,NA,NA,NA,0
853,4,193,NA,NA,NA,0
854,4,193,NA,NA,NA,0
855,5,194,NA,NA,NA,0
856,5,194,NA,NA,NA,0
857,5,194,"E",NA,NA,0
858,5,194,NA,NA,NA,0
859,5,194,NA,NA,NA,0
860,4,195,NA,NA,NA,0
861,4,195,NA,NA,NA,0
862,4,195,NA,NA,NA,0
863,4,195,NA,NA,NA,0
864,4,196,NA,NA,NA,0
865,4,196,NA,NA,NA,0
866,4,196,"E",NA,NA,0
867,4,196,NA,NA,NA,0
868,3,197,NA,NA,NA,0
869,3,197,NA,NA,NA,0
870,3,197,NA,NA,NA,0
871,3,198,NA,NA,NA,0
872,3,198,NA,NA,NA,0
873,3,198,"E",165,2,0
874,6,199,NA,NA,NA,0
875,6,199,NA,NA,NA,0
876,6,199,NA,NA,NA,0
877,6,199,NA,NA,NA,0
878,6,199,NA,NA,NA,0
879,6,199,NA,NA,NA,0
880,6,200,NA,NA,NA,0
881,6,200,NA,NA,NA,0
882,6,200,NA,NA,NA,0
883,6,200,NA,NA,NA,0
884,6,200,"C",NA,NA,0
885,6,200,NA,NA,NA,0
886,6,201,NA,NA,NA,0
887,6,201,"E",61,5,2
888,6,201,"H",100,3,0
889,6,201,"C",157,2,0
890,6,201,"H",101,3,0
891,6,201,NA,NA,NA,0
892,3,202,NA,NA,NA,0
893,3,202,NA,NA,NA,0
894,3,202,NA,NA,NA,0
895,5,203,NA,NA,NA,0
896,5,203,NA,NA,NA,0
897,5,203,NA,NA,NA,0
898,5,203,NA,NA,NA,0
899,5,203,NA,NA,NA,0
900,5,204,"C",270,2,1
901,5,204,"E",164,3,0
902,5,204,"E",84,4,0
903,5,204,"H",297,1,0
904,5,204,NA,NA,NA,0
905,6,205,NA,NA,NA,0
906,6,205,NA,NA,NA,0
907,6,205,NA,NA,NA,0
908,6,205,"C",136,5,0
909,6,205,NA,NA,NA,0
910,6,205,NA,NA,NA,0
911,4,206,NA,NA,NA,0
912,4,206,NA,NA,NA,0
913,4,206,NA,NA,NA,0
914,4,206,NA,NA,NA,0
915,4,207,NA,NA,NA,0
916,4,207,NA,NA,NA,0
917,4,207,NA,NA,NA,0
918,4,207,"C",357,3,0
919,4,208,NA,NA,NA,0
920,4,208,"E",96,3,0
921,4,208,"E",130,2,0
922,4,208,NA,NA,NA,0
923,3,209,"E",288,1,0
924,3,209,NA,NA,NA,0
925,3,209,"E",300,1,0
926,4,210,"H",361,2,0
927,4,210,"C",341,3,1
928,4,210,NA,NA,NA,0
929,4,210,NA,NA,NA,0
930,6,211,NA,NA,NA,0
931,6,211,NA,NA,NA,0
932,6,211,NA,NA,NA,0
933,6,211,NA,NA,NA,0
934,6,211,NA,NA,NA,0
935,6,211,NA,NA,NA,0
936,3,212,NA,NA,NA,0
937,3,212,NA,NA,NA,0
938,3,212,NA,NA,NA,0
939,5,213,NA,NA,NA,0
940,5,213,NA,NA,NA,0
941,5,213,NA,NA,NA,0
942,5,213,"E",291,4,0
943,5,213,NA,NA,NA,0
944,6,214,NA,NA,NA,0
945,6,214,"C",269,5,1
946,6,214,"H",299,4,0
947,6,214,NA,NA,NA,0
948,6,214,NA,NA,NA,0
949,6,214,NA,NA,NA,0
950,3,215,NA,NA,NA,0
951,3,215,NA,NA,NA,0
952,3,215,NA,NA,NA,0
953,6,216,NA,NA,NA,0
954,6,216,NA,NA,NA,0
955,6,216,NA,NA,NA,0
956,6,216,NA,NA,NA,0
957,6,216,NA,NA,NA,0
958,6,216,NA,NA,NA,0
959,4,217,"E",279,3,0
960,4,217,NA,NA,NA,0
961,4,217,NA,NA,NA,0
962,4,217,NA,NA,NA,0
963,3,218,NA,NA,NA,0
964,3,218,NA,NA,NA,0
965,3,218,NA,NA,NA,0
966,4,219,"H",138,0,0
967,4,219,"E",117,2,2
968,4,219,"H",160,0,0
969,4,219,"E",119,2,0
970,6,220,NA,NA,NA,0
971,6,220,NA,NA,NA,0
972,6,220,NA,NA,NA,0
973,6,220,NA,NA,NA,0
974,6,220,NA,NA,NA,0
975,6,220,NA,NA,NA,0
976,5,221,"E",52,4,1
977,5,221,NA,NA,NA,0
978,5,221,"E",331,1,0
979,5,221,"H",135,2,0
980,5,221,"H",106,3,1
981,4,222,NA,NA,NA,0
982,4,222,NA,NA,NA,0
983,4,222,NA,NA,NA,0
984,4,222,NA,NA,NA,0
985,3,223,NA,NA,NA,0
986,3,223,NA,NA,NA,0
987,3,223,NA,NA,NA,0
988,6,224,NA,NA,NA,0
989,6,224,NA,NA,NA,0
990,6,224,"E",31,5,1
991,6,224,NA,NA,NA,0
992,6,224,"H",85,4,0
993,6,224,NA,NA,NA,0
994,4,225,"E",106,3,2
995,4,225,"H",159,0,0
996,4,225,"H",126,1,1
997,4,225,"H",136,0,0
998,3,226,NA,NA,NA,0
999,3,226,NA,NA,NA,0
1000,3,226,NA,NA,NA,0
