"ID","SIZE","HH","TYPE","TIME","S_NUM","I_NUM"
1,3,1,"0",50,2,1
2,3,1,"H",81,1,1
3,3,1,"H",128,0,0
4,4,2,NA,NA,NA,0
5,4,2,NA,NA,NA,0
6,4,2,"C",297,3,0
7,4,2,NA,NA,NA,0
8,5,3,NA,NA,NA,0
9,5,3,NA,NA,NA,0
10,5,3,NA,NA,NA,0
11,5,3,NA,NA,NA,0
12,5,3,NA,NA,NA,0
13,3,4,"C",268,2,1
14,3,4,"H",333,0,0
15,3,4,"H",299,1,1
16,5,5,NA,NA,NA,0
17,5,5,NA,NA,NA,0
18,5,5,"C",331,4,0
19,5,5,NA,NA,NA,0
20,5,5,NA,NA,NA,0
21,3,6,NA,NA,NA,0
22,3,6,NA,NA,NA,0
23,3,6,NA,NA,NA,0
24,6,7,NA,NA,NA,0
25,6,7,"H",NA,NA,0
26,6,7,"H",357,4,2
27,6,7,"H",NA,NA,0
28,6,7,NA,NA,NA,0
29,6,7,"C",327,5,1
30,6,8,NA,NA,NA,0
31,6,8,NA,NA,NA,0
32,6,8,"H",344,3,1
33,6,8,"C",325,5,1
34,6,8,"H",NA,NA,0
35,6,8,"C",365,2,0
36,3,9,"C",NA,NA,0
37,3,9,NA,NA,NA,0
38,3,9,NA,NA,NA,0
39,5,10,NA,NA,NA,0
40,5,10,"H",317,3,0
41,5,10,NA,NA,NA,0
42,5,10,NA,NA,NA,0
43,5,10,"C",298,4,1
44,4,11,NA,NA,NA,0
45,4,11,"C",249,3,1
46,4,11,"H",292,2,0
47,4,11,NA,NA,NA,0
48,5,12,NA,NA,NA,0
49,5,12,NA,NA,NA,0
50,5,12,NA,NA,NA,0
51,5,12,NA,NA,NA,0
52,5,12,NA,NA,NA,0
53,3,13,NA,NA,NA,0
54,3,13,NA,NA,NA,0
55,3,13,NA,NA,NA,0
56,4,14,"C",NA,NA,0
57,4,14,NA,NA,NA,0
58,4,14,"C",NA,NA,0
59,4,14,"C",NA,NA,0
60,6,15,"C",320,5,3
61,6,15,"H",361,2,0
62,6,15,NA,NA,NA,0
63,6,15,NA,NA,NA,0
64,6,15,"H",363,2,0
65,6,15,"H",NA,NA,0
66,4,16,NA,NA,NA,0
67,4,16,NA,NA,NA,0
68,4,16,NA,NA,NA,0
69,4,16,NA,NA,NA,0
70,3,17,NA,NA,NA,0
71,3,17,NA,NA,NA,0
72,3,17,NA,NA,NA,0
73,6,18,"C",325,5,1
74,6,18,NA,NA,NA,0
75,6,18,NA,NA,NA,0
76,6,18,NA,NA,NA,0
77,6,18,"H",351,4,0
78,6,18,NA,NA,NA,0
79,3,19,NA,NA,NA,0
80,3,19,NA,NA,NA,0
81,3,19,NA,NA,NA,0
82,3,20,NA,NA,NA,0
83,3,20,NA,NA,NA,0
84,3,20,NA,NA,NA,0
85,6,21,NA,NA,NA,0
86,6,21,NA,NA,NA,0
87,6,21,"C",NA,NA,0
88,6,21,NA,NA,NA,0
89,6,21,"C",312,5,0
90,6,21,NA,NA,NA,0
91,4,22,NA,NA,NA,0
92,4,22,NA,NA,NA,0
93,4,22,NA,NA,NA,0
94,4,22,NA,NA,NA,0
95,3,23,NA,NA,NA,0
96,3,23,"C",NA,NA,0
97,3,23,NA,NA,NA,0
98,6,24,NA,NA,NA,0
99,6,24,NA,NA,NA,0
100,6,24,NA,NA,NA,0
101,6,24,NA,NA,NA,0
102,6,24,NA,NA,NA,0
103,6,24,NA,NA,NA,0
104,4,25,"C",348,0,0
105,4,25,"C",279,2,1
106,4,25,"C",73,3,0
107,4,25,"H",309,1,0
108,6,26,"H",322,0,0
109,6,26,"H",317,0,0
110,6,26,"C",274,5,4
111,6,26,"H",339,0,0
112,6,26,"H",305,1,1
113,6,26,"H",335,0,0
114,5,27,"H",291,1,0
115,5,27,NA,NA,NA,0
116,5,27,"H",249,1,0
117,5,27,"C",233,4,3
118,5,27,"H",258,1,0
119,5,28,"C",NA,NA,0
120,5,28,"H",NA,NA,0
121,5,28,NA,NA,NA,0
122,5,28,NA,NA,NA,0
123,5,28,"C",329,4,1
124,4,29,"C",319,3,0
125,4,29,NA,NA,NA,0
126,4,29,NA,NA,NA,0
127,4,29,NA,NA,NA,0
128,5,30,"C",NA,NA,0
129,5,30,NA,NA,NA,0
130,5,30,"C",246,4,0
131,5,30,NA,NA,NA,0
132,5,30,NA,NA,NA,0
133,4,31,"C",336,3,0
134,4,31,NA,NA,NA,0
135,4,31,NA,NA,NA,0
136,4,31,NA,NA,NA,0
137,6,32,"H",239,2,1
138,6,32,"H",253,1,0
139,6,32,"C",221,5,2
140,6,32,"H",316,0,0
141,6,32,"H",300,1,1
142,6,32,"H",233,3,1
143,3,33,"H",340,0,0
144,3,33,"C",327,1,1
145,3,33,"C",345,0,0
146,6,34,"H",NA,NA,0
147,6,34,NA,NA,NA,0
148,6,34,NA,NA,NA,0
149,6,34,NA,NA,NA,0
150,6,34,NA,NA,NA,0
151,6,34,"C",330,5,1
152,3,35,NA,NA,NA,0
153,3,35,NA,NA,NA,0
154,3,35,NA,NA,NA,0
155,5,36,NA,NA,NA,0
156,5,36,NA,NA,NA,0
157,5,36,NA,NA,NA,0
158,5,36,NA,NA,NA,0
159,5,36,NA,NA,NA,0
160,6,37,NA,NA,NA,0
161,6,37,NA,NA,NA,0
162,6,37,NA,NA,NA,0
163,6,37,NA,NA,NA,0
164,6,37,NA,NA,NA,0
165,6,37,NA,NA,NA,0
166,4,38,NA,NA,NA,0
167,4,38,NA,NA,NA,0
168,4,38,NA,NA,NA,0
169,4,38,"C",365,3,0
170,6,39,NA,NA,NA,0
171,6,39,NA,NA,NA,0
172,6,39,NA,NA,NA,0
173,6,39,NA,NA,NA,0
174,6,39,NA,NA,NA,0
175,6,39,NA,NA,NA,0
176,3,40,"H",NA,NA,0
177,3,40,"C",336,2,2
178,3,40,"H",361,0,0
179,3,41,NA,NA,NA,0
180,3,41,NA,NA,NA,0
181,3,41,NA,NA,NA,0
182,3,42,NA,NA,NA,0
183,3,42,NA,NA,NA,0
184,3,42,NA,NA,NA,0
185,5,43,NA,NA,NA,0
186,5,43,NA,NA,NA,0
187,5,43,"C",255,4,0
188,5,43,NA,NA,NA,0
189,5,43,NA,NA,NA,0
190,4,44,"H",320,1,0
191,4,44,"C",278,3,1
192,4,44,NA,NA,NA,0
193,4,44,"H",303,2,1
194,6,45,NA,NA,NA,0
195,6,45,NA,NA,NA,0
196,6,45,"C",325,5,1
197,6,45,"H",351,4,1
198,6,45,NA,NA,NA,0
199,6,45,"H",NA,NA,0
200,3,46,NA,NA,NA,0
201,3,46,"C",287,2,0
202,3,46,NA,NA,NA,0
203,6,47,"C",NA,NA,0
204,6,47,NA,NA,NA,0
205,6,47,NA,NA,NA,0
206,6,47,NA,NA,NA,0
207,6,47,NA,NA,NA,0
208,6,47,NA,NA,NA,0
209,4,48,"C",359,2,2
210,4,48,"H",NA,NA,0
211,4,48,"C",362,1,0
212,4,48,"H",NA,NA,0
213,6,49,NA,NA,NA,0
214,6,49,NA,NA,NA,0
215,6,49,NA,NA,NA,0
216,6,49,NA,NA,NA,0
217,6,49,NA,NA,NA,0
218,6,49,NA,NA,NA,0
219,5,50,"H",NA,NA,0
220,5,50,"C",354,4,3
221,5,50,"H",NA,NA,0
222,5,50,NA,NA,NA,0
223,5,50,"H",NA,NA,0
224,5,51,NA,NA,NA,0
225,5,51,NA,NA,NA,0
226,5,51,NA,NA,NA,0
227,5,51,NA,NA,NA,0
228,5,51,NA,NA,NA,0
229,5,52,"C",272,4,1
230,5,52,"H",294,3,1
231,5,52,NA,NA,NA,0
232,5,52,"C",351,1,0
233,5,52,"H",315,2,0
234,4,53,NA,NA,NA,0
235,4,53,NA,NA,NA,0
236,4,53,NA,NA,NA,0
237,4,53,"C",118,3,0
238,3,54,NA,NA,NA,0
239,3,54,NA,NA,NA,0
240,3,54,NA,NA,NA,0
241,3,55,NA,NA,NA,0
242,3,55,NA,NA,NA,0
243,3,55,"C",339,2,0
244,3,56,NA,NA,NA,0
245,3,56,NA,NA,NA,0
246,3,56,NA,NA,NA,0
247,4,57,NA,NA,NA,0
248,4,57,NA,NA,NA,0
249,4,57,"C",NA,NA,0
250,4,57,NA,NA,NA,0
251,5,58,NA,NA,NA,0
252,5,58,NA,NA,NA,0
253,5,58,NA,NA,NA,0
254,5,58,NA,NA,NA,0
255,5,58,NA,NA,NA,0
256,6,59,NA,NA,NA,0
257,6,59,"H",NA,NA,0
258,6,59,"C",331,5,2
259,6,59,"H",NA,NA,0
260,6,59,NA,NA,NA,0
261,6,59,"H",352,3,1
262,5,60,NA,NA,NA,0
263,5,60,NA,NA,NA,0
264,5,60,NA,NA,NA,0
265,5,60,NA,NA,NA,0
266,5,60,NA,NA,NA,0
267,6,61,NA,NA,NA,0
268,6,61,NA,NA,NA,0
269,6,61,NA,NA,NA,0
270,6,61,NA,NA,NA,0
271,6,61,NA,NA,NA,0
272,6,61,NA,NA,NA,0
273,4,62,NA,NA,NA,0
274,4,62,NA,NA,NA,0
275,4,62,NA,NA,NA,0
276,4,62,NA,NA,NA,0
277,6,63,"H",357,1,0
278,6,63,"C",327,5,3
279,6,63,"H",360,1,0
280,6,63,"H",NA,NA,0
281,6,63,NA,NA,NA,0
282,6,63,"H",349,2,1
283,6,64,NA,NA,NA,0
284,6,64,"H",326,2,1
285,6,64,"C",266,4,0
286,6,64,"H",353,1,0
287,6,64,"H",320,2,0
288,6,64,"C",285,4,2
289,4,65,NA,NA,NA,0
290,4,65,NA,NA,NA,0
291,4,65,"H",343,2,0
292,4,65,"C",314,3,1
293,5,66,NA,NA,NA,0
294,5,66,NA,NA,NA,0
295,5,66,NA,NA,NA,0
296,5,66,NA,NA,NA,0
297,5,66,NA,NA,NA,0
298,4,67,NA,NA,NA,0
299,4,67,"C",309,3,1
300,4,67,"H",365,2,0
301,4,67,NA,NA,NA,0
302,5,68,"H",NA,NA,0
303,5,68,NA,NA,NA,0
304,5,68,"C",353,4,1
305,5,68,NA,NA,NA,0
306,5,68,NA,NA,NA,0
307,4,69,NA,NA,NA,0
308,4,69,"C",280,3,0
309,4,69,NA,NA,NA,0
310,4,69,NA,NA,NA,0
311,4,70,"H",257,2,0
312,4,70,NA,NA,NA,0
313,4,70,NA,NA,NA,0
314,4,70,"C",206,3,1
315,4,71,"H",364,2,0
316,4,71,"C",333,3,1
317,4,71,NA,NA,NA,0
318,4,71,NA,NA,NA,0
319,4,72,"C",295,3,1
320,4,72,"H",NA,NA,0
321,4,72,"H",342,2,1
322,4,72,NA,NA,NA,0
323,3,73,NA,NA,NA,0
324,3,73,NA,NA,NA,0
325,3,73,NA,NA,NA,0
326,6,74,"H",269,0,0
327,6,74,"H",254,0,0
328,6,74,"C",228,5,4
329,6,74,"H",265,0,0
330,6,74,"H",259,0,0
331,6,74,"H",242,1,1
332,3,75,"C",260,2,1
333,3,75,"H",287,1,0
334,3,75,NA,NA,NA,0
335,4,76,NA,NA,NA,0
336,4,76,NA,NA,NA,0
337,4,76,NA,NA,NA,0
338,4,76,NA,NA,NA,0
339,6,77,"H",333,0,0
340,6,77,"H",327,0,0
341,6,77,"C",266,5,2
342,6,77,"H",351,0,0
343,6,77,"H",302,3,3
344,6,77,"H",342,0,0
345,6,78,"H",267,3,2
346,6,78,"H",301,1,0
347,6,78,"H",279,1,0
348,6,78,"C",246,5,2
349,6,78,"H",285,1,0
350,6,78,NA,NA,NA,0
351,3,79,NA,NA,NA,0
352,3,79,NA,NA,NA,0
353,3,79,NA,NA,NA,0
354,3,80,NA,NA,NA,0
355,3,80,NA,NA,NA,0
356,3,80,NA,NA,NA,0
357,4,81,NA,NA,NA,0
358,4,81,NA,NA,NA,0
359,4,81,NA,NA,NA,0
360,4,81,NA,NA,NA,0
361,5,82,NA,NA,NA,0
362,5,82,NA,NA,NA,0
363,5,82,NA,NA,NA,0
364,5,82,NA,NA,NA,0
365,5,82,NA,NA,NA,0
366,4,83,NA,NA,NA,0
367,4,83,NA,NA,NA,0
368,4,83,NA,NA,NA,0
369,4,83,NA,NA,NA,0
370,5,84,"C",364,4,1
371,5,84,"H",NA,NA,0
372,5,84,NA,NA,NA,0
373,5,84,NA,NA,NA,0
374,5,84,NA,NA,NA,0
375,3,85,NA,NA,NA,0
376,3,85,NA,NA,NA,0
377,3,85,"C",NA,NA,0
378,5,86,"C",NA,NA,0
379,5,86,NA,NA,NA,0
380,5,86,"C",NA,NA,0
381,5,86,NA,NA,NA,0
382,5,86,NA,NA,NA,0
383,6,87,NA,NA,NA,0
384,6,87,NA,NA,NA,0
385,6,87,NA,NA,NA,0
386,6,87,NA,NA,NA,0
387,6,87,"C",363,5,0
388,6,87,NA,NA,NA,0
389,3,88,NA,NA,NA,0
390,3,88,NA,NA,NA,0
391,3,88,NA,NA,NA,0
392,3,89,NA,NA,NA,0
393,3,89,NA,NA,NA,0
394,3,89,NA,NA,NA,0
395,4,90,NA,NA,NA,0
396,4,90,"C",331,3,0
397,4,90,"C",NA,NA,0
398,4,90,NA,NA,NA,0
399,4,91,"C",NA,NA,0
400,4,91,NA,NA,NA,0
401,4,91,NA,NA,NA,0
402,4,91,NA,NA,NA,0
403,3,92,NA,NA,NA,0
404,3,92,NA,NA,NA,0
405,3,92,NA,NA,NA,0
406,3,93,NA,NA,NA,0
407,3,93,"C",343,2,0
408,3,93,NA,NA,NA,0
409,6,94,"C",NA,NA,0
410,6,94,NA,NA,NA,0
411,6,94,"H",340,3,0
412,6,94,"C",255,5,1
413,6,94,NA,NA,NA,0
414,6,94,NA,NA,NA,0
415,6,95,"C",314,4,2
416,6,95,"C",321,2,0
417,6,95,NA,NA,NA,0
418,6,95,"H",331,2,0
419,6,95,NA,NA,NA,0
420,6,95,"H",355,2,0
421,6,96,"C",278,5,4
422,6,96,"H",349,0,0
423,6,96,"H",313,1,1
424,6,96,"H",298,1,0
425,6,96,"H",310,1,0
426,6,96,"H",314,1,0
427,5,97,NA,NA,NA,0
428,5,97,NA,NA,NA,0
429,5,97,NA,NA,NA,0
430,5,97,NA,NA,NA,0
431,5,97,NA,NA,NA,0
432,4,98,"C",333,3,1
433,4,98,NA,NA,NA,0
434,4,98,NA,NA,NA,0
435,4,98,"H",NA,NA,0
436,6,99,NA,NA,NA,0
437,6,99,NA,NA,NA,0
438,6,99,NA,NA,NA,0
439,6,99,NA,NA,NA,0
440,6,99,NA,NA,NA,0
441,6,99,NA,NA,NA,0
442,4,100,"H",NA,NA,0
443,4,100,NA,NA,NA,0
444,4,100,"C",362,3,1
445,4,100,NA,NA,NA,0
446,6,101,"C",235,5,2
447,6,101,"H",269,3,3
448,6,101,"H",356,0,0
449,6,101,"H",290,0,0
450,6,101,"H",291,0,0
451,6,101,"H",295,0,0
452,5,102,"H",361,1,1
453,5,102,"H",NA,NA,0
454,5,102,"H",NA,NA,0
455,5,102,"C",334,3,2
456,5,102,"C",336,3,0
457,6,103,"H",NA,NA,0
458,6,103,"C",329,4,2
459,6,103,"H",NA,NA,0
460,6,103,"C",354,2,2
461,6,103,"H",352,2,0
462,6,103,"H",NA,NA,0
463,4,104,NA,NA,NA,0
464,4,104,NA,NA,NA,0
465,4,104,"C",364,3,0
466,4,104,NA,NA,NA,0
467,5,105,NA,NA,NA,0
468,5,105,NA,NA,NA,0
469,5,105,NA,NA,NA,0
470,5,105,"C",NA,NA,0
471,5,105,NA,NA,NA,0
472,5,106,"H",NA,NA,0
473,5,106,"C",353,4,2
474,5,106,"H",NA,NA,0
475,5,106,NA,NA,NA,0
476,5,106,NA,NA,NA,0
477,4,107,"H",362,1,1
478,4,107,"H",NA,NA,0
479,4,107,"C",340,3,2
480,4,107,"H",NA,NA,0
481,3,108,"C",331,0,0
482,3,108,"C",290,2,1
483,3,108,"H",323,0,0
484,3,109,NA,NA,NA,0
485,3,109,NA,NA,NA,0
486,3,109,NA,NA,NA,0
487,3,110,NA,NA,NA,0
488,3,110,NA,NA,NA,0
489,3,110,NA,NA,NA,0
490,3,111,"C",NA,NA,0
491,3,111,"H",349,1,0
492,3,111,"C",320,2,1
493,3,112,NA,NA,NA,0
494,3,112,NA,NA,NA,0
495,3,112,NA,NA,NA,0
496,4,113,"C",305,3,1
497,4,113,NA,NA,NA,0
498,4,113,"H",337,2,0
499,4,113,NA,NA,NA,0
500,3,114,"C",305,1,0
501,3,114,NA,NA,NA,0
502,3,114,"C",282,1,0
503,5,115,NA,NA,NA,0
504,5,115,NA,NA,NA,0
505,5,115,NA,NA,NA,0
506,5,115,NA,NA,NA,0
507,5,115,NA,NA,NA,0
508,5,116,"C",362,2,1
509,5,116,"H",NA,NA,0
510,5,116,"H",NA,NA,0
511,5,116,NA,NA,NA,0
512,5,116,"C",338,3,1
513,4,117,"C",311,3,2
514,4,117,"H",347,1,0
515,4,117,"H",347,1,0
516,4,117,NA,NA,NA,0
517,4,118,NA,NA,NA,0
518,4,118,"C",302,3,0
519,4,118,NA,NA,NA,0
520,4,118,NA,NA,NA,0
521,5,119,NA,NA,NA,0
522,5,119,NA,NA,NA,0
523,5,119,NA,NA,NA,0
524,5,119,NA,NA,NA,0
525,5,119,NA,NA,NA,0
526,5,120,"H",NA,NA,0
527,5,120,"H",NA,NA,0
528,5,120,"C",337,4,2
529,5,120,NA,NA,NA,0
530,5,120,NA,NA,NA,0
531,3,121,NA,NA,NA,0
532,3,121,"C",341,2,1
533,3,121,"H",NA,NA,0
534,5,122,"C",338,4,0
535,5,122,"C",NA,NA,0
536,5,122,NA,NA,NA,0
537,5,122,NA,NA,NA,0
538,5,122,NA,NA,NA,0
539,6,123,NA,NA,NA,0
540,6,123,NA,NA,NA,0
541,6,123,NA,NA,NA,0
542,6,123,NA,NA,NA,0
543,6,123,NA,NA,NA,0
544,6,123,NA,NA,NA,0
545,3,124,NA,NA,NA,0
546,3,124,NA,NA,NA,0
547,3,124,"C",NA,NA,0
548,4,125,"C",273,3,1
549,4,125,"C",NA,NA,0
550,4,125,"H",308,2,0
551,4,125,NA,NA,NA,0
552,6,126,NA,NA,NA,0
553,6,126,NA,NA,NA,0
554,6,126,NA,NA,NA,0
555,6,126,NA,NA,NA,0
556,6,126,NA,NA,NA,0
557,6,126,NA,NA,NA,0
558,6,127,"H",NA,NA,0
559,6,127,"C",307,5,2
560,6,127,"H",363,0,0
561,6,127,"C",NA,NA,0
562,6,127,"H",352,1,1
563,6,127,"H",324,3,1
564,3,128,NA,NA,NA,0
565,3,128,NA,NA,NA,0
566,3,128,"C",319,2,0
567,6,129,NA,NA,NA,0
568,6,129,"H",NA,NA,0
569,6,129,NA,NA,NA,0
570,6,129,"H",303,4,1
571,6,129,"H",331,3,1
572,6,129,"C",287,5,1
573,6,130,"H",307,0,0
574,6,130,"H",289,1,1
575,6,130,"H",251,3,0
576,6,130,"C",293,0,0
577,6,130,"H",263,2,1
578,6,130,"C",228,5,2
579,5,131,"H",NA,NA,0
580,5,131,"C",336,4,2
581,5,131,"H",NA,NA,0
582,5,131,NA,NA,NA,0
583,5,131,NA,NA,NA,0
584,3,132,NA,NA,NA,0
585,3,132,NA,NA,NA,0
586,3,132,NA,NA,NA,0
587,6,133,"H",320,3,0
588,6,133,"H",352,2,1
589,6,133,"C",NA,NA,0
590,6,133,"C",304,5,2
591,6,133,"H",328,3,1
592,6,133,"H",NA,NA,0
593,4,134,NA,NA,NA,0
594,4,134,NA,NA,NA,0
595,4,134,NA,NA,NA,0
596,4,134,NA,NA,NA,0
597,3,135,NA,NA,NA,0
598,3,135,NA,NA,NA,0
599,3,135,NA,NA,NA,0
600,5,136,NA,NA,NA,0
601,5,136,"C",312,4,0
602,5,136,NA,NA,NA,0
603,5,136,"H",NA,NA,0
604,5,136,"C",349,3,1
605,3,137,NA,NA,NA,0
606,3,137,NA,NA,NA,0
607,3,137,"C",345,2,0
608,5,138,NA,NA,NA,0
609,5,138,NA,NA,NA,0
610,5,138,NA,NA,NA,0
611,5,138,NA,NA,NA,0
612,5,138,NA,NA,NA,0
613,3,139,NA,NA,NA,0
614,3,139,NA,NA,NA,0
615,3,139,"C",363,2,0
616,4,140,"C",316,3,1
617,4,140,"H",354,2,1
618,4,140,NA,NA,NA,0
619,4,140,"H",NA,NA,0
620,5,141,NA,NA,NA,0
621,5,141,NA,NA,NA,0
622,5,141,NA,NA,NA,0
623,5,141,"C",361,4,0
624,5,141,NA,NA,NA,0
625,4,142,"H",NA,NA,0
626,4,142,"H",362,1,0
627,4,142,NA,NA,NA,0
628,4,142,"C",348,3,2
629,5,143,NA,NA,NA,0
630,5,143,"C",193,4,1
631,5,143,"H",229,3,0
632,5,143,NA,NA,NA,0
633,5,143,NA,NA,NA,0
634,6,144,NA,NA,NA,0
635,6,144,NA,NA,NA,0
636,6,144,"H",351,4,0
637,6,144,"C",321,5,1
638,6,144,NA,NA,NA,0
639,6,144,NA,NA,NA,0
640,5,145,"H",316,0,0
641,5,145,"C",180,4,2
642,5,145,"H",242,1,1
643,5,145,"H",251,0,0
644,5,145,"H",205,2,1
645,5,146,NA,NA,NA,0
646,5,146,"C",NA,NA,0
647,5,146,NA,NA,NA,0
648,5,146,"C",NA,NA,0
649,5,146,"C",NA,NA,0
650,3,147,NA,NA,NA,0
651,3,147,NA,NA,NA,0
652,3,147,NA,NA,NA,0
653,3,148,NA,NA,NA,0
654,3,148,NA,NA,NA,0
655,3,148,"C",359,2,0
656,3,149,NA,NA,NA,0
657,3,149,NA,NA,NA,0
658,3,149,NA,NA,NA,0
659,4,150,"C",215,3,1
660,4,150,"H",325,0,0
661,4,150,"H",282,1,1
662,4,150,"H",239,2,1
663,4,151,NA,NA,NA,0
664,4,151,NA,NA,NA,0
665,4,151,NA,NA,NA,0
666,4,151,NA,NA,NA,0
667,5,152,NA,NA,NA,0
668,5,152,NA,NA,NA,0
669,5,152,NA,NA,NA,0
670,5,152,NA,NA,NA,0
671,5,152,NA,NA,NA,0
672,3,153,NA,NA,NA,0
673,3,153,"C",NA,NA,0
674,3,153,"C",230,2,0
675,4,154,"H",NA,NA,0
676,4,154,"C",362,3,1
677,4,154,NA,NA,NA,0
678,4,154,NA,NA,NA,0
679,6,155,NA,NA,NA,0
680,6,155,"C",332,5,1
681,6,155,NA,NA,NA,0
682,6,155,NA,NA,NA,0
683,6,155,"H",355,4,0
684,6,155,NA,NA,NA,0
685,5,156,"C",302,4,1
686,5,156,"H",342,3,0
687,5,156,NA,NA,NA,0
688,5,156,NA,NA,NA,0
689,5,156,NA,NA,NA,0
690,5,157,"H",166,0,0
691,5,157,"H",178,0,0
692,5,157,"H",232,0,0
693,5,157,"C",152,4,4
694,5,157,"H",176,0,0
695,6,158,NA,NA,NA,0
696,6,158,NA,NA,NA,0
697,6,158,NA,NA,NA,0
698,6,158,NA,NA,NA,0
699,6,158,NA,NA,NA,0
700,6,158,NA,NA,NA,0
701,6,159,NA,NA,NA,0
702,6,159,NA,NA,NA,0
703,6,159,NA,NA,NA,0
704,6,159,NA,NA,NA,0
705,6,159,NA,NA,NA,0
706,6,159,NA,NA,NA,0
707,5,160,NA,NA,NA,0
708,5,160,NA,NA,NA,0
709,5,160,NA,NA,NA,0
710,5,160,"C",273,4,0
711,5,160,NA,NA,NA,0
712,6,161,"H",317,0,0
713,6,161,"H",301,0,0
714,6,161,"C",258,5,3
715,6,161,"H",323,0,0
716,6,161,"H",281,2,2
717,6,161,"H",288,2,0
718,4,162,"C",253,3,0
719,4,162,NA,NA,NA,0
720,4,162,NA,NA,NA,0
721,4,162,NA,NA,NA,0
722,3,163,NA,NA,NA,0
723,3,163,NA,NA,NA,0
724,3,163,"C",NA,NA,0
725,6,164,"H",342,1,0
726,6,164,"C",307,1,0
727,6,164,NA,NA,NA,0
728,6,164,"H",332,1,0
729,6,164,"C",297,3,2
730,6,164,"C",261,4,0
731,5,165,NA,NA,NA,0
732,5,165,"C",NA,NA,0
733,5,165,"C",NA,NA,0
734,5,165,NA,NA,NA,0
735,5,165,NA,NA,NA,0
736,5,166,NA,NA,NA,0
737,5,166,NA,NA,NA,0
738,5,166,NA,NA,NA,0
739,5,166,NA,NA,NA,0
740,5,166,NA,NA,NA,0
741,3,167,NA,NA,NA,0
742,3,167,NA,NA,NA,0
743,3,167,NA,NA,NA,0
744,6,168,NA,NA,NA,0
745,6,168,NA,NA,NA,0
746,6,168,"C",NA,NA,0
747,6,168,NA,NA,NA,0
748,6,168,NA,NA,NA,0
749,6,168,NA,NA,NA,0
750,5,169,"C",115,4,0
751,5,169,"C",345,3,1
752,5,169,NA,NA,NA,0
753,5,169,NA,NA,NA,0
754,5,169,"H",NA,NA,0
755,6,170,"C",NA,NA,0
756,6,170,"H",NA,NA,0
757,6,170,"C",352,4,1
758,6,170,NA,NA,NA,0
759,6,170,NA,NA,NA,0
760,6,170,"C",277,4,0
761,3,171,NA,NA,NA,0
762,3,171,NA,NA,NA,0
763,3,171,NA,NA,NA,0
764,6,172,NA,NA,NA,0
765,6,172,NA,NA,NA,0
766,6,172,NA,NA,NA,0
767,6,172,NA,NA,NA,0
768,6,172,NA,NA,NA,0
769,6,172,NA,NA,NA,0
770,3,173,NA,NA,NA,0
771,3,173,NA,NA,NA,0
772,3,173,NA,NA,NA,0
773,5,174,NA,NA,NA,0
774,5,174,NA,NA,NA,0
775,5,174,NA,NA,NA,0
776,5,174,NA,NA,NA,0
777,5,174,NA,NA,NA,0
778,4,175,NA,NA,NA,0
779,4,175,NA,NA,NA,0
780,4,175,NA,NA,NA,0
781,4,175,NA,NA,NA,0
782,5,176,NA,NA,NA,0
783,5,176,NA,NA,NA,0
784,5,176,NA,NA,NA,0
785,5,176,NA,NA,NA,0
786,5,176,NA,NA,NA,0
787,4,177,NA,NA,NA,0
788,4,177,"C",211,3,1
789,4,177,"H",245,2,0
790,4,177,"C",311,1,0
791,3,178,NA,NA,NA,0
792,3,178,NA,NA,NA,0
793,3,178,NA,NA,NA,0
794,5,179,"C",240,4,1
795,5,179,"H",358,0,0
796,5,179,"H",337,0,0
797,5,179,"H",314,2,2
798,5,179,"H",284,3,1
799,4,180,NA,NA,NA,0
800,4,180,NA,NA,NA,0
801,4,180,"C",354,3,0
802,4,180,NA,NA,NA,0
803,4,181,"C",340,3,1
804,4,181,NA,NA,NA,0
805,4,181,"H",NA,NA,0
806,4,181,NA,NA,NA,0
807,3,182,NA,NA,NA,0
808,3,182,"C",NA,NA,0
809,3,182,NA,NA,NA,0
810,6,183,NA,NA,NA,0
811,6,183,NA,NA,NA,0
812,6,183,NA,NA,NA,0
813,6,183,NA,NA,NA,0
814,6,183,NA,NA,NA,0
815,6,183,NA,NA,NA,0
816,3,184,NA,NA,NA,0
817,3,184,NA,NA,NA,0
818,3,184,NA,NA,NA,0
819,3,185,NA,NA,NA,0
820,3,185,NA,NA,NA,0
821,3,185,NA,NA,NA,0
822,5,186,NA,NA,NA,0
823,5,186,NA,NA,NA,0
824,5,186,"H",NA,NA,0
825,5,186,"C",355,4,1
826,5,186,NA,NA,NA,0
827,6,187,"H",NA,NA,0
828,6,187,"H",286,3,0
829,6,187,"C",271,5,2
830,6,187,"C",350,1,1
831,6,187,"H",311,1,0
832,6,187,"C",337,1,0
833,4,188,"C",NA,NA,0
834,4,188,NA,NA,NA,0
835,4,188,NA,NA,NA,0
836,4,188,NA,NA,NA,0
837,4,189,NA,NA,NA,0
838,4,189,NA,NA,NA,0
839,4,189,NA,NA,NA,0
840,4,189,NA,NA,NA,0
841,6,190,"H",NA,NA,0
842,6,190,"H",355,1,1
843,6,190,"H",NA,NA,0
844,6,190,"H",NA,NA,0
845,6,190,"H",338,2,1
846,6,190,"C",309,5,3
847,4,191,"H",349,0,0
848,4,191,"C",358,0,0
849,4,191,"H",314,2,1
850,4,191,"C",295,3,1
851,6,192,"C",318,4,1
852,6,192,"H",342,2,1
853,6,192,"C",354,1,1
854,6,192,"C",353,1,0
855,6,192,"H",NA,NA,0
856,6,192,"H",NA,NA,0
857,3,193,NA,NA,NA,0
858,3,193,NA,NA,NA,0
859,3,193,NA,NA,NA,0
860,4,194,"H",359,0,0
861,4,194,"H",356,0,0
862,4,194,"C",329,2,2
863,4,194,"C",328,2,0
864,5,195,NA,NA,NA,0
865,5,195,NA,NA,NA,0
866,5,195,NA,NA,NA,0
867,5,195,NA,NA,NA,0
868,5,195,NA,NA,NA,0
869,6,196,NA,NA,NA,0
870,6,196,NA,NA,NA,0
871,6,196,NA,NA,NA,0
872,6,196,NA,NA,NA,0
873,6,196,NA,NA,NA,0
874,6,196,NA,NA,NA,0
875,3,197,"C",NA,NA,0
876,3,197,"C",NA,NA,0
877,3,197,NA,NA,NA,0
878,4,198,NA,NA,NA,0
879,4,198,NA,NA,NA,0
880,4,198,"C",305,3,0
881,4,198,NA,NA,NA,0
882,4,199,NA,NA,NA,0
883,4,199,NA,NA,NA,0
884,4,199,NA,NA,NA,0
885,4,199,"C",317,3,0
886,5,200,NA,NA,NA,0
887,5,200,"C",NA,NA,0
888,5,200,"C",281,4,0
889,5,200,NA,NA,NA,0
890,5,200,NA,NA,NA,0
891,3,201,"C",NA,NA,0
892,3,201,"H",251,1,0
893,3,201,"C",228,2,1
894,5,202,"C",355,2,1
895,5,202,"H",NA,NA,0
896,5,202,"C",277,4,1
897,5,202,"H",299,3,0
898,5,202,NA,NA,NA,0
899,3,203,NA,NA,NA,0
900,3,203,"C",266,2,0
901,3,203,"C",336,1,0
902,4,204,"H",NA,NA,0
903,4,204,"H",NA,NA,0
904,4,204,"H",349,2,2
905,4,204,"C",319,3,1
906,3,205,NA,NA,NA,0
907,3,205,NA,NA,NA,0
908,3,205,NA,NA,NA,0
909,3,206,"C",335,1,0
910,3,206,"C",314,1,0
911,3,206,NA,NA,NA,0
912,5,207,"C",NA,NA,0
913,5,207,NA,NA,NA,0
914,5,207,NA,NA,NA,0
915,5,207,NA,NA,NA,0
916,5,207,NA,NA,NA,0
917,3,208,"H",239,1,0
918,3,208,"C",213,2,1
919,3,208,NA,NA,NA,0
920,4,209,"C",NA,NA,0
921,4,209,NA,NA,NA,0
922,4,209,"C",NA,NA,0
923,4,209,NA,NA,NA,0
924,5,210,"C",360,3,1
925,5,210,"H",NA,NA,0
926,5,210,NA,NA,NA,0
927,5,210,NA,NA,NA,0
928,5,210,"C",NA,NA,0
929,5,211,NA,NA,NA,0
930,5,211,NA,NA,NA,0
931,5,211,NA,NA,NA,0
932,5,211,NA,NA,NA,0
933,5,211,NA,NA,NA,0
934,4,212,"C",NA,NA,0
935,4,212,NA,NA,NA,0
936,4,212,NA,NA,NA,0
937,4,212,"C",NA,NA,0
938,4,213,NA,NA,NA,0
939,4,213,NA,NA,NA,0
940,4,213,"C",NA,NA,0
941,4,213,NA,NA,NA,0
942,4,214,"C",207,3,2
943,4,214,"H",228,1,1
944,4,214,"H",249,0,0
945,4,214,"H",243,0,0
946,4,215,NA,NA,NA,0
947,4,215,NA,NA,NA,0
948,4,215,NA,NA,NA,0
949,4,215,NA,NA,NA,0
950,4,216,NA,NA,NA,0
951,4,216,NA,NA,NA,0
952,4,216,NA,NA,NA,0
953,4,216,"C",NA,NA,0
954,5,217,"H",311,1,1
955,5,217,"H",315,0,0
956,5,217,"H",313,0,0
957,5,217,"H",338,0,0
958,5,217,"C",291,4,3
959,4,218,NA,NA,NA,0
960,4,218,NA,NA,NA,0
961,4,218,NA,NA,NA,0
962,4,218,NA,NA,NA,0
963,6,219,"H",340,2,2
964,6,219,"C",313,5,3
965,6,219,"H",352,0,0
966,6,219,"H",340,2,0
967,6,219,"H",NA,NA,0
968,6,219,"H",353,0,0
969,5,220,NA,NA,NA,0
970,5,220,NA,NA,NA,0
971,5,220,NA,NA,NA,0
972,5,220,"C",NA,NA,0
973,5,220,"C",NA,NA,0
974,3,221,NA,NA,NA,0
975,3,221,NA,NA,NA,0
976,3,221,"C",264,2,0
977,6,222,NA,NA,NA,0
978,6,222,"H",362,4,1
979,6,222,NA,NA,NA,0
980,6,222,"H",NA,NA,0
981,6,222,"C",328,5,1
982,6,222,NA,NA,NA,0
983,3,223,NA,NA,NA,0
984,3,223,NA,NA,NA,0
985,3,223,NA,NA,NA,0
986,5,224,NA,NA,NA,0
987,5,224,NA,NA,NA,0
988,5,224,"C",334,3,0
989,5,224,NA,NA,NA,0
990,5,224,"C",268,4,0
991,4,225,NA,NA,NA,0
992,4,225,NA,NA,NA,0
993,4,225,NA,NA,NA,0
994,4,225,NA,NA,NA,0
995,6,226,NA,NA,NA,0
996,6,226,NA,NA,NA,0
997,6,226,"H",302,4,0
998,6,226,NA,NA,NA,0
999,6,226,"C",271,5,1
1000,6,226,NA,NA,NA,0
