"ID","SIZE","HH","TYPE","TIME","S_NUM","I_NUM"
1,5,1,"0",NA,NA,0
2,5,1,NA,NA,NA,0
3,5,1,NA,NA,NA,0
4,5,1,NA,NA,NA,0
5,5,1,NA,NA,NA,0
6,3,2,NA,NA,NA,0
7,3,2,"E",279,2,0
8,3,2,NA,NA,NA,0
9,3,3,NA,NA,NA,0
10,3,3,NA,NA,NA,0
11,3,3,NA,NA,NA,0
12,5,4,NA,NA,NA,0
13,5,4,NA,NA,NA,0
14,5,4,NA,NA,NA,0
15,5,4,NA,NA,NA,0
16,5,4,NA,NA,NA,0
17,5,5,NA,NA,NA,0
18,5,5,NA,NA,NA,0
19,5,5,NA,NA,NA,0
20,5,5,NA,NA,NA,0
21,5,5,NA,NA,NA,0
22,4,6,NA,NA,NA,0
23,4,6,NA,NA,NA,0
24,4,6,NA,NA,NA,0
25,4,6,NA,NA,NA,0
26,5,7,NA,NA,NA,0
27,5,7,NA,NA,NA,0
28,5,7,NA,NA,NA,0
29,5,7,NA,NA,NA,0
30,5,7,NA,NA,NA,0
31,4,8,NA,NA,NA,0
32,4,8,NA,NA,NA,0
33,4,8,NA,NA,NA,0
34,4,8,NA,NA,NA,0
35,5,9,NA,NA,NA,0
36,5,9,NA,NA,NA,0
37,5,9,NA,NA,NA,0
38,5,9,NA,NA,NA,0
39,5,9,NA,NA,NA,0
40,3,10,NA,NA,NA,0
41,3,10,NA,NA,NA,0
42,3,10,NA,NA,NA,0
43,4,11,NA,NA,NA,0
44,4,11,NA,NA,NA,0
45,4,11,NA,NA,NA,0
46,4,11,NA,NA,NA,0
47,3,12,NA,NA,NA,0
48,3,12,NA,NA,NA,0
49,3,12,NA,NA,NA,0
50,4,13,NA,NA,NA,0
51,4,13,"E",358,3,0
52,4,13,NA,NA,NA,0
53,4,13,NA,NA,NA,0
54,3,14,NA,NA,NA,0
55,3,14,NA,NA,NA,0
56,3,14,NA,NA,NA,0
57,5,15,NA,NA,NA,0
58,5,15,NA,NA,NA,0
59,5,15,NA,NA,NA,0
60,5,15,NA,NA,NA,0
61,5,15,NA,NA,NA,0
62,3,16,NA,NA,NA,0
63,3,16,NA,NA,NA,0
64,3,16,NA,NA,NA,0
65,5,17,NA,NA,NA,0
66,5,17,NA,NA,NA,0
67,5,17,NA,NA,NA,0
68,5,17,NA,NA,NA,0
69,5,17,NA,NA,NA,0
70,6,18,NA,NA,NA,0
71,6,18,NA,NA,NA,0
72,6,18,NA,NA,NA,0
73,6,18,NA,NA,NA,0
74,6,18,NA,NA,NA,0
75,6,18,NA,NA,NA,0
76,3,19,NA,NA,NA,0
77,3,19,NA,NA,NA,0
78,3,19,NA,NA,NA,0
79,3,20,NA,NA,NA,0
80,3,20,NA,NA,NA,0
81,3,20,NA,NA,NA,0
82,3,21,NA,NA,NA,0
83,3,21,NA,NA,NA,0
84,3,21,NA,NA,NA,0
85,3,22,NA,NA,NA,0
86,3,22,NA,NA,NA,0
87,3,22,NA,NA,NA,0
88,3,23,NA,NA,NA,0
89,3,23,NA,NA,NA,0
90,3,23,NA,NA,NA,0
91,5,24,NA,NA,NA,0
92,5,24,NA,NA,NA,0
93,5,24,NA,NA,NA,0
94,5,24,NA,NA,NA,0
95,5,24,NA,NA,NA,0
96,3,25,NA,NA,NA,0
97,3,25,NA,NA,NA,0
98,3,25,NA,NA,NA,0
99,5,26,NA,NA,NA,0
100,5,26,NA,NA,NA,0
101,5,26,NA,NA,NA,0
102,5,26,NA,NA,NA,0
103,5,26,NA,NA,NA,0
104,3,27,NA,NA,NA,0
105,3,27,NA,NA,NA,0
106,3,27,NA,NA,NA,0
107,6,28,NA,NA,NA,0
108,6,28,NA,NA,NA,0
109,6,28,NA,NA,NA,0
110,6,28,NA,NA,NA,0
111,6,28,NA,NA,NA,0
112,6,28,NA,NA,NA,0
113,5,29,NA,NA,NA,0
114,5,29,NA,NA,NA,0
115,5,29,NA,NA,NA,0
116,5,29,NA,NA,NA,0
117,5,29,NA,NA,NA,0
118,4,30,NA,NA,NA,0
119,4,30,NA,NA,NA,0
120,4,30,NA,NA,NA,0
121,4,30,NA,NA,NA,0
122,6,31,NA,NA,NA,0
123,6,31,NA,NA,NA,0
124,6,31,NA,NA,NA,0
125,6,31,NA,NA,NA,0
126,6,31,NA,NA,NA,0
127,6,31,NA,NA,NA,0
128,5,32,NA,NA,NA,0
129,5,32,NA,NA,NA,0
130,5,32,NA,NA,NA,0
131,5,32,NA,NA,NA,0
132,5,32,NA,NA,NA,0
133,3,33,NA,NA,NA,0
134,3,33,NA,NA,NA,0
135,3,33,NA,NA,NA,0
136,4,34,NA,NA,NA,0
137,4,34,NA,NA,NA,0
138,4,34,NA,NA,NA,0
139,4,34,NA,NA,NA,0
140,5,35,NA,NA,NA,0
141,5,35,NA,NA,NA,0
142,5,35,NA,NA,NA,0
143,5,35,NA,NA,NA,0
144,5,35,NA,NA,NA,0
145,5,36,NA,NA,NA,0
146,5,36,NA,NA,NA,0
147,5,36,NA,NA,NA,0
148,5,36,NA,NA,NA,0
149,5,36,NA,NA,NA,0
150,6,37,NA,NA,NA,0
151,6,37,NA,NA,NA,0
152,6,37,NA,NA,NA,0
153,6,37,NA,NA,NA,0
154,6,37,NA,NA,NA,0
155,6,37,NA,NA,NA,0
156,3,38,NA,NA,NA,0
157,3,38,NA,NA,NA,0
158,3,38,NA,NA,NA,0
159,4,39,NA,NA,NA,0
160,4,39,NA,NA,NA,0
161,4,39,NA,NA,NA,0
162,4,39,NA,NA,NA,0
163,4,40,NA,NA,NA,0
164,4,40,NA,NA,NA,0
165,4,40,NA,NA,NA,0
166,4,40,NA,NA,NA,0
167,4,41,NA,NA,NA,0
168,4,41,NA,NA,NA,0
169,4,41,NA,NA,NA,0
170,4,41,NA,NA,NA,0
171,3,42,NA,NA,NA,0
172,3,42,NA,NA,NA,0
173,3,42,NA,NA,NA,0
174,4,43,NA,NA,NA,0
175,4,43,NA,NA,NA,0
176,4,43,NA,NA,NA,0
177,4,43,NA,NA,NA,0
178,6,44,NA,NA,NA,0
179,6,44,NA,NA,NA,0
180,6,44,NA,NA,NA,0
181,6,44,NA,NA,NA,0
182,6,44,NA,NA,NA,0
183,6,44,NA,NA,NA,0
184,5,45,NA,NA,NA,0
185,5,45,NA,NA,NA,0
186,5,45,NA,NA,NA,0
187,5,45,NA,NA,NA,0
188,5,45,NA,NA,NA,0
189,5,46,NA,NA,NA,0
190,5,46,NA,NA,NA,0
191,5,46,NA,NA,NA,0
192,5,46,NA,NA,NA,0
193,5,46,NA,NA,NA,0
194,3,47,NA,NA,NA,0
195,3,47,NA,NA,NA,0
196,3,47,NA,NA,NA,0
197,4,48,NA,NA,NA,0
198,4,48,NA,NA,NA,0
199,4,48,NA,NA,NA,0
200,4,48,NA,NA,NA,0
201,3,49,NA,NA,NA,0
202,3,49,NA,NA,NA,0
203,3,49,NA,NA,NA,0
204,6,50,NA,NA,NA,0
205,6,50,NA,NA,NA,0
206,6,50,NA,NA,NA,0
207,6,50,NA,NA,NA,0
208,6,50,NA,NA,NA,0
209,6,50,NA,NA,NA,0
210,5,51,NA,NA,NA,0
211,5,51,NA,NA,NA,0
212,5,51,NA,NA,NA,0
213,5,51,NA,NA,NA,0
214,5,51,NA,NA,NA,0
215,4,52,NA,NA,NA,0
216,4,52,NA,NA,NA,0
217,4,52,NA,NA,NA,0
218,4,52,NA,NA,NA,0
219,3,53,"E",124,2,0
220,3,53,NA,NA,NA,0
221,3,53,NA,NA,NA,0
222,3,54,NA,NA,NA,0
223,3,54,NA,NA,NA,0
224,3,54,NA,NA,NA,0
225,6,55,NA,NA,NA,0
226,6,55,NA,NA,NA,0
227,6,55,NA,NA,NA,0
228,6,55,NA,NA,NA,0
229,6,55,NA,NA,NA,0
230,6,55,NA,NA,NA,0
231,3,56,NA,NA,NA,0
232,3,56,NA,NA,NA,0
233,3,56,NA,NA,NA,0
234,5,57,NA,NA,NA,0
235,5,57,NA,NA,NA,0
236,5,57,NA,NA,NA,0
237,5,57,NA,NA,NA,0
238,5,57,NA,NA,NA,0
239,4,58,NA,NA,NA,0
240,4,58,NA,NA,NA,0
241,4,58,NA,NA,NA,0
242,4,58,NA,NA,NA,0
243,4,59,NA,NA,NA,0
244,4,59,NA,NA,NA,0
245,4,59,NA,NA,NA,0
246,4,59,NA,NA,NA,0
247,4,60,NA,NA,NA,0
248,4,60,NA,NA,NA,0
249,4,60,NA,NA,NA,0
250,4,60,"E",121,3,0
251,5,61,NA,NA,NA,0
252,5,61,NA,NA,NA,0
253,5,61,NA,NA,NA,0
254,5,61,NA,NA,NA,0
255,5,61,NA,NA,NA,0
256,3,62,NA,NA,NA,0
257,3,62,NA,NA,NA,0
258,3,62,NA,NA,NA,0
259,5,63,NA,NA,NA,0
260,5,63,NA,NA,NA,0
261,5,63,NA,NA,NA,0
262,5,63,NA,NA,NA,0
263,5,63,NA,NA,NA,0
264,6,64,NA,NA,NA,0
265,6,64,"E",26,5,0
266,6,64,NA,NA,NA,0
267,6,64,NA,NA,NA,0
268,6,64,NA,NA,NA,0
269,6,64,NA,NA,NA,0
270,4,65,NA,NA,NA,0
271,4,65,NA,NA,NA,0
272,4,65,NA,NA,NA,0
273,4,65,NA,NA,NA,0
274,4,66,NA,NA,NA,0
275,4,66,NA,NA,NA,0
276,4,66,NA,NA,NA,0
277,4,66,NA,NA,NA,0
278,4,67,NA,NA,NA,0
279,4,67,NA,NA,NA,0
280,4,67,NA,NA,NA,0
281,4,67,NA,NA,NA,0
282,6,68,NA,NA,NA,0
283,6,68,NA,NA,NA,0
284,6,68,NA,NA,NA,0
285,6,68,NA,NA,NA,0
286,6,68,NA,NA,NA,0
287,6,68,NA,NA,NA,0
288,6,69,NA,NA,NA,0
289,6,69,NA,NA,NA,0
290,6,69,NA,NA,NA,0
291,6,69,NA,NA,NA,0
292,6,69,NA,NA,NA,0
293,6,69,NA,NA,NA,0
294,4,70,NA,NA,NA,0
295,4,70,NA,NA,NA,0
296,4,70,NA,NA,NA,0
297,4,70,NA,NA,NA,0
298,4,71,NA,NA,NA,0
299,4,71,NA,NA,NA,0
300,4,71,NA,NA,NA,0
301,4,71,"E",294,3,0
302,5,72,NA,NA,NA,0
303,5,72,NA,NA,NA,0
304,5,72,NA,NA,NA,0
305,5,72,NA,NA,NA,0
306,5,72,NA,NA,NA,0
307,6,73,NA,NA,NA,0
308,6,73,NA,NA,NA,0
309,6,73,NA,NA,NA,0
310,6,73,NA,NA,NA,0
311,6,73,NA,NA,NA,0
312,6,73,NA,NA,NA,0
313,4,74,NA,NA,NA,0
314,4,74,NA,NA,NA,0
315,4,74,NA,NA,NA,0
316,4,74,NA,NA,NA,0
317,6,75,NA,NA,NA,0
318,6,75,NA,NA,NA,0
319,6,75,NA,NA,NA,0
320,6,75,NA,NA,NA,0
321,6,75,NA,NA,NA,0
322,6,75,NA,NA,NA,0
323,3,76,NA,NA,NA,0
324,3,76,NA,NA,NA,0
325,3,76,NA,NA,NA,0
326,4,77,NA,NA,NA,0
327,4,77,NA,NA,NA,0
328,4,77,NA,NA,NA,0
329,4,77,NA,NA,NA,0
330,4,78,NA,NA,NA,0
331,4,78,NA,NA,NA,0
332,4,78,NA,NA,NA,0
333,4,78,NA,NA,NA,0
334,5,79,NA,NA,NA,0
335,5,79,NA,NA,NA,0
336,5,79,NA,NA,NA,0
337,5,79,NA,NA,NA,0
338,5,79,NA,NA,NA,0
339,4,80,NA,NA,NA,0
340,4,80,NA,NA,NA,0
341,4,80,NA,NA,NA,0
342,4,80,NA,NA,NA,0
343,3,81,NA,NA,NA,0
344,3,81,NA,NA,NA,0
345,3,81,NA,NA,NA,0
346,5,82,NA,NA,NA,0
347,5,82,NA,NA,NA,0
348,5,82,NA,NA,NA,0
349,5,82,NA,NA,NA,0
350,5,82,NA,NA,NA,0
351,6,83,NA,NA,NA,0
352,6,83,"E",280,5,0
353,6,83,NA,NA,NA,0
354,6,83,NA,NA,NA,0
355,6,83,NA,NA,NA,0
356,6,83,NA,NA,NA,0
357,4,84,NA,NA,NA,0
358,4,84,NA,NA,NA,0
359,4,84,NA,NA,NA,0
360,4,84,NA,NA,NA,0
361,5,85,NA,NA,NA,0
362,5,85,NA,NA,NA,0
363,5,85,NA,NA,NA,0
364,5,85,NA,NA,NA,0
365,5,85,NA,NA,NA,0
366,6,86,NA,NA,NA,0
367,6,86,"E",NA,NA,0
368,6,86,"E",122,5,0
369,6,86,NA,NA,NA,0
370,6,86,NA,NA,NA,0
371,6,86,NA,NA,NA,0
372,4,87,NA,NA,NA,0
373,4,87,NA,NA,NA,0
374,4,87,NA,NA,NA,0
375,4,87,NA,NA,NA,0
376,3,88,NA,NA,NA,0
377,3,88,NA,NA,NA,0
378,3,88,NA,NA,NA,0
379,5,89,NA,NA,NA,0
380,5,89,NA,NA,NA,0
381,5,89,"E",120,4,0
382,5,89,NA,NA,NA,0
383,5,89,NA,NA,NA,0
384,4,90,"E",109,3,2
385,4,90,"H",162,1,1
386,4,90,"H",133,1,0
387,4,90,"H",209,0,0
388,3,91,NA,NA,NA,0
389,3,91,NA,NA,NA,0
390,3,91,NA,NA,NA,0
391,3,92,NA,NA,NA,0
392,3,92,NA,NA,NA,0
393,3,92,NA,NA,NA,0
394,4,93,NA,NA,NA,0
395,4,93,NA,NA,NA,0
396,4,93,NA,NA,NA,0
397,4,93,NA,NA,NA,0
398,6,94,NA,NA,NA,0
399,6,94,NA,NA,NA,0
400,6,94,NA,NA,NA,0
401,6,94,NA,NA,NA,0
402,6,94,NA,NA,NA,0
403,6,94,NA,NA,NA,0
404,6,95,NA,NA,NA,0
405,6,95,NA,NA,NA,0
406,6,95,NA,NA,NA,0
407,6,95,NA,NA,NA,0
408,6,95,NA,NA,NA,0
409,6,95,NA,NA,NA,0
410,5,96,NA,NA,NA,0
411,5,96,NA,NA,NA,0
412,5,96,NA,NA,NA,0
413,5,96,NA,NA,NA,0
414,5,96,NA,NA,NA,0
415,5,97,NA,NA,NA,0
416,5,97,NA,NA,NA,0
417,5,97,"E",167,4,0
418,5,97,NA,NA,NA,0
419,5,97,NA,NA,NA,0
420,6,98,NA,NA,NA,0
421,6,98,NA,NA,NA,0
422,6,98,NA,NA,NA,0
423,6,98,NA,NA,NA,0
424,6,98,NA,NA,NA,0
425,6,98,"E",280,5,0
426,6,99,NA,NA,NA,0
427,6,99,"H",253,4,0
428,6,99,NA,NA,NA,0
429,6,99,NA,NA,NA,0
430,6,99,"E",223,5,1
431,6,99,NA,NA,NA,0
432,3,100,NA,NA,NA,0
433,3,100,NA,NA,NA,0
434,3,100,NA,NA,NA,0
435,4,101,NA,NA,NA,0
436,4,101,NA,NA,NA,0
437,4,101,NA,NA,NA,0
438,4,101,NA,NA,NA,0
439,4,102,NA,NA,NA,0
440,4,102,NA,NA,NA,0
441,4,102,NA,NA,NA,0
442,4,102,NA,NA,NA,0
443,5,103,NA,NA,NA,0
444,5,103,NA,NA,NA,0
445,5,103,NA,NA,NA,0
446,5,103,NA,NA,NA,0
447,5,103,NA,NA,NA,0
448,4,104,NA,NA,NA,0
449,4,104,NA,NA,NA,0
450,4,104,NA,NA,NA,0
451,4,104,NA,NA,NA,0
452,3,105,NA,NA,NA,0
453,3,105,NA,NA,NA,0
454,3,105,NA,NA,NA,0
455,4,106,NA,NA,NA,0
456,4,106,NA,NA,NA,0
457,4,106,"E",197,3,0
458,4,106,NA,NA,NA,0
459,5,107,NA,NA,NA,0
460,5,107,NA,NA,NA,0
461,5,107,NA,NA,NA,0
462,5,107,NA,NA,NA,0
463,5,107,NA,NA,NA,0
464,4,108,NA,NA,NA,0
465,4,108,NA,NA,NA,0
466,4,108,NA,NA,NA,0
467,4,108,NA,NA,NA,0
468,5,109,NA,NA,NA,0
469,5,109,NA,NA,NA,0
470,5,109,NA,NA,NA,0
471,5,109,NA,NA,NA,0
472,5,109,NA,NA,NA,0
473,5,110,NA,NA,NA,0
474,5,110,NA,NA,NA,0
475,5,110,NA,NA,NA,0
476,5,110,NA,NA,NA,0
477,5,110,NA,NA,NA,0
478,6,111,NA,NA,NA,0
479,6,111,NA,NA,NA,0
480,6,111,NA,NA,NA,0
481,6,111,NA,NA,NA,0
482,6,111,NA,NA,NA,0
483,6,111,NA,NA,NA,0
484,5,112,NA,NA,NA,0
485,5,112,NA,NA,NA,0
486,5,112,NA,NA,NA,0
487,5,112,NA,NA,NA,0
488,5,112,NA,NA,NA,0
489,3,113,NA,NA,NA,0
490,3,113,NA,NA,NA,0
491,3,113,NA,NA,NA,0
492,4,114,NA,NA,NA,0
493,4,114,NA,NA,NA,0
494,4,114,NA,NA,NA,0
495,4,114,NA,NA,NA,0
496,5,115,NA,NA,NA,0
497,5,115,NA,NA,NA,0
498,5,115,NA,NA,NA,0
499,5,115,NA,NA,NA,0
500,5,115,NA,NA,NA,0
501,4,116,NA,NA,NA,0
502,4,116,NA,NA,NA,0
503,4,116,NA,NA,NA,0
504,4,116,NA,NA,NA,0
505,5,117,NA,NA,NA,0
506,5,117,NA,NA,NA,0
507,5,117,NA,NA,NA,0
508,5,117,NA,NA,NA,0
509,5,117,"E",196,4,0
510,5,118,NA,NA,NA,0
511,5,118,NA,NA,NA,0
512,5,118,NA,NA,NA,0
513,5,118,NA,NA,NA,0
514,5,118,"E",27,4,0
515,5,119,NA,NA,NA,0
516,5,119,"E",296,4,0
517,5,119,NA,NA,NA,0
518,5,119,NA,NA,NA,0
519,5,119,NA,NA,NA,0
520,3,120,NA,NA,NA,0
521,3,120,NA,NA,NA,0
522,3,120,NA,NA,NA,0
523,4,121,NA,NA,NA,0
524,4,121,NA,NA,NA,0
525,4,121,NA,NA,NA,0
526,4,121,NA,NA,NA,0
527,6,122,NA,NA,NA,0
528,6,122,NA,NA,NA,0
529,6,122,NA,NA,NA,0
530,6,122,NA,NA,NA,0
531,6,122,NA,NA,NA,0
532,6,122,NA,NA,NA,0
533,6,123,NA,NA,NA,0
534,6,123,NA,NA,NA,0
535,6,123,NA,NA,NA,0
536,6,123,NA,NA,NA,0
537,6,123,NA,NA,NA,0
538,6,123,NA,NA,NA,0
539,3,124,NA,NA,NA,0
540,3,124,NA,NA,NA,0
541,3,124,NA,NA,NA,0
542,6,125,NA,NA,NA,0
543,6,125,NA,NA,NA,0
544,6,125,NA,NA,NA,0
545,6,125,NA,NA,NA,0
546,6,125,NA,NA,NA,0
547,6,125,NA,NA,NA,0
548,5,126,NA,NA,NA,0
549,5,126,NA,NA,NA,0
550,5,126,NA,NA,NA,0
551,5,126,NA,NA,NA,0
552,5,126,NA,NA,NA,0
553,5,127,NA,NA,NA,0
554,5,127,NA,NA,NA,0
555,5,127,NA,NA,NA,0
556,5,127,NA,NA,NA,0
557,5,127,NA,NA,NA,0
558,4,128,NA,NA,NA,0
559,4,128,NA,NA,NA,0
560,4,128,"E",276,3,0
561,4,128,NA,NA,NA,0
562,3,129,NA,NA,NA,0
563,3,129,NA,NA,NA,0
564,3,129,NA,NA,NA,0
565,5,130,NA,NA,NA,0
566,5,130,NA,NA,NA,0
567,5,130,NA,NA,NA,0
568,5,130,NA,NA,NA,0
569,5,130,NA,NA,NA,0
570,6,131,NA,NA,NA,0
571,6,131,NA,NA,NA,0
572,6,131,NA,NA,NA,0
573,6,131,NA,NA,NA,0
574,6,131,NA,NA,NA,0
575,6,131,NA,NA,NA,0
576,5,132,NA,NA,NA,0
577,5,132,NA,NA,NA,0
578,5,132,NA,NA,NA,0
579,5,132,NA,NA,NA,0
580,5,132,NA,NA,NA,0
581,5,133,NA,NA,NA,0
582,5,133,NA,NA,NA,0
583,5,133,NA,NA,NA,0
584,5,133,NA,NA,NA,0
585,5,133,NA,NA,NA,0
586,5,134,NA,NA,NA,0
587,5,134,NA,NA,NA,0
588,5,134,NA,NA,NA,0
589,5,134,NA,NA,NA,0
590,5,134,NA,NA,NA,0
591,5,135,NA,NA,NA,0
592,5,135,NA,NA,NA,0
593,5,135,NA,NA,NA,0
594,5,135,NA,NA,NA,0
595,5,135,NA,NA,NA,0
596,4,136,NA,NA,NA,0
597,4,136,NA,NA,NA,0
598,4,136,NA,NA,NA,0
599,4,136,NA,NA,NA,0
600,3,137,NA,NA,NA,0
601,3,137,NA,NA,NA,0
602,3,137,NA,NA,NA,0
603,4,138,NA,NA,NA,0
604,4,138,NA,NA,NA,0
605,4,138,NA,NA,NA,0
606,4,138,NA,NA,NA,0
607,3,139,NA,NA,NA,0
608,3,139,NA,NA,NA,0
609,3,139,NA,NA,NA,0
610,6,140,"H",206,4,0
611,6,140,NA,NA,NA,0
612,6,140,NA,NA,NA,0
613,6,140,"E",182,5,1
614,6,140,NA,NA,NA,0
615,6,140,NA,NA,NA,0
616,3,141,NA,NA,NA,0
617,3,141,NA,NA,NA,0
618,3,141,NA,NA,NA,0
619,4,142,NA,NA,NA,0
620,4,142,"E",NA,NA,0
621,4,142,NA,NA,NA,0
622,4,142,NA,NA,NA,0
623,5,143,NA,NA,NA,0
624,5,143,"E",164,4,0
625,5,143,NA,NA,NA,0
626,5,143,NA,NA,NA,0
627,5,143,NA,NA,NA,0
628,6,144,NA,NA,NA,0
629,6,144,NA,NA,NA,0
630,6,144,NA,NA,NA,0
631,6,144,NA,NA,NA,0
632,6,144,NA,NA,NA,0
633,6,144,NA,NA,NA,0
634,4,145,NA,NA,NA,0
635,4,145,NA,NA,NA,0
636,4,145,NA,NA,NA,0
637,4,145,NA,NA,NA,0
638,4,146,NA,NA,NA,0
639,4,146,NA,NA,NA,0
640,4,146,NA,NA,NA,0
641,4,146,NA,NA,NA,0
642,4,147,NA,NA,NA,0
643,4,147,NA,NA,NA,0
644,4,147,NA,NA,NA,0
645,4,147,NA,NA,NA,0
646,3,148,NA,NA,NA,0
647,3,148,NA,NA,NA,0
648,3,148,NA,NA,NA,0
649,6,149,NA,NA,NA,0
650,6,149,"E",85,5,0
651,6,149,NA,NA,NA,0
652,6,149,NA,NA,NA,0
653,6,149,NA,NA,NA,0
654,6,149,NA,NA,NA,0
655,4,150,NA,NA,NA,0
656,4,150,NA,NA,NA,0
657,4,150,NA,NA,NA,0
658,4,150,NA,NA,NA,0
659,3,151,NA,NA,NA,0
660,3,151,NA,NA,NA,0
661,3,151,NA,NA,NA,0
662,6,152,NA,NA,NA,0
663,6,152,NA,NA,NA,0
664,6,152,NA,NA,NA,0
665,6,152,NA,NA,NA,0
666,6,152,NA,NA,NA,0
667,6,152,NA,NA,NA,0
668,5,153,NA,NA,NA,0
669,5,153,NA,NA,NA,0
670,5,153,NA,NA,NA,0
671,5,153,NA,NA,NA,0
672,5,153,"E",148,4,0
673,3,154,NA,NA,NA,0
674,3,154,NA,NA,NA,0
675,3,154,NA,NA,NA,0
676,3,155,NA,NA,NA,0
677,3,155,NA,NA,NA,0
678,3,155,NA,NA,NA,0
679,4,156,NA,NA,NA,0
680,4,156,NA,NA,NA,0
681,4,156,"E",NA,NA,0
682,4,156,NA,NA,NA,0
683,4,157,NA,NA,NA,0
684,4,157,NA,NA,NA,0
685,4,157,NA,NA,NA,0
686,4,157,NA,NA,NA,0
687,5,158,NA,NA,NA,0
688,5,158,NA,NA,NA,0
689,5,158,NA,NA,NA,0
690,5,158,NA,NA,NA,0
691,5,158,NA,NA,NA,0
692,6,159,NA,NA,NA,0
693,6,159,NA,NA,NA,0
694,6,159,NA,NA,NA,0
695,6,159,NA,NA,NA,0
696,6,159,NA,NA,NA,0
697,6,159,NA,NA,NA,0
698,3,160,NA,NA,NA,0
699,3,160,NA,NA,NA,0
700,3,160,NA,NA,NA,0
701,4,161,NA,NA,NA,0
702,4,161,NA,NA,NA,0
703,4,161,NA,NA,NA,0
704,4,161,NA,NA,NA,0
705,5,162,NA,NA,NA,0
706,5,162,NA,NA,NA,0
707,5,162,NA,NA,NA,0
708,5,162,NA,NA,NA,0
709,5,162,NA,NA,NA,0
710,5,163,NA,NA,NA,0
711,5,163,NA,NA,NA,0
712,5,163,NA,NA,NA,0
713,5,163,NA,NA,NA,0
714,5,163,NA,NA,NA,0
715,6,164,NA,NA,NA,0
716,6,164,"H",290,2,0
717,6,164,"E",79,5,0
718,6,164,NA,NA,NA,0
719,6,164,"H",273,2,0
720,6,164,"E",256,4,2
721,3,165,NA,NA,NA,0
722,3,165,NA,NA,NA,0
723,3,165,NA,NA,NA,0
724,3,166,NA,NA,NA,0
725,3,166,NA,NA,NA,0
726,3,166,"E",165,2,0
727,6,167,NA,NA,NA,0
728,6,167,NA,NA,NA,0
729,6,167,NA,NA,NA,0
730,6,167,NA,NA,NA,0
731,6,167,NA,NA,NA,0
732,6,167,NA,NA,NA,0
733,5,168,NA,NA,NA,0
734,5,168,NA,NA,NA,0
735,5,168,NA,NA,NA,0
736,5,168,NA,NA,NA,0
737,5,168,NA,NA,NA,0
738,5,169,NA,NA,NA,0
739,5,169,NA,NA,NA,0
740,5,169,NA,NA,NA,0
741,5,169,NA,NA,NA,0
742,5,169,NA,NA,NA,0
743,5,170,NA,NA,NA,0
744,5,170,NA,NA,NA,0
745,5,170,NA,NA,NA,0
746,5,170,NA,NA,NA,0
747,5,170,NA,NA,NA,0
748,4,171,NA,NA,NA,0
749,4,171,"E",172,3,1
750,4,171,"H",228,2,0
751,4,171,NA,NA,NA,0
752,3,172,NA,NA,NA,0
753,3,172,NA,NA,NA,0
754,3,172,NA,NA,NA,0
755,4,173,NA,NA,NA,0
756,4,173,NA,NA,NA,0
757,4,173,NA,NA,NA,0
758,4,173,NA,NA,NA,0
759,5,174,"E",NA,NA,0
760,5,174,NA,NA,NA,0
761,5,174,"E",283,4,0
762,5,174,NA,NA,NA,0
763,5,174,NA,NA,NA,0
764,6,175,NA,NA,NA,0
765,6,175,NA,NA,NA,0
766,6,175,NA,NA,NA,0
767,6,175,NA,NA,NA,0
768,6,175,NA,NA,NA,0
769,6,175,NA,NA,NA,0
770,3,176,NA,NA,NA,0
771,3,176,NA,NA,NA,0
772,3,176,"E",254,2,0
773,6,177,NA,NA,NA,0
774,6,177,NA,NA,NA,0
775,6,177,NA,NA,NA,0
776,6,177,NA,NA,NA,0
777,6,177,NA,NA,NA,0
778,6,177,NA,NA,NA,0
779,5,178,NA,NA,NA,0
780,5,178,NA,NA,NA,0
781,5,178,"E",201,4,0
782,5,178,NA,NA,NA,0
783,5,178,NA,NA,NA,0
784,4,179,NA,NA,NA,0
785,4,179,NA,NA,NA,0
786,4,179,NA,NA,NA,0
787,4,179,NA,NA,NA,0
788,6,180,NA,NA,NA,0
789,6,180,NA,NA,NA,0
790,6,180,NA,NA,NA,0
791,6,180,NA,NA,NA,0
792,6,180,NA,NA,NA,0
793,6,180,"E",112,5,0
794,6,181,NA,NA,NA,0
795,6,181,NA,NA,NA,0
796,6,181,NA,NA,NA,0
797,6,181,NA,NA,NA,0
798,6,181,NA,NA,NA,0
799,6,181,NA,NA,NA,0
800,4,182,NA,NA,NA,0
801,4,182,NA,NA,NA,0
802,4,182,NA,NA,NA,0
803,4,182,NA,NA,NA,0
804,6,183,"E",262,5,0
805,6,183,NA,NA,NA,0
806,6,183,NA,NA,NA,0
807,6,183,NA,NA,NA,0
808,6,183,NA,NA,NA,0
809,6,183,NA,NA,NA,0
810,6,184,NA,NA,NA,0
811,6,184,NA,NA,NA,0
812,6,184,NA,NA,NA,0
813,6,184,NA,NA,NA,0
814,6,184,NA,NA,NA,0
815,6,184,NA,NA,NA,0
816,3,185,NA,NA,NA,0
817,3,185,NA,NA,NA,0
818,3,185,NA,NA,NA,0
819,4,186,NA,NA,NA,0
820,4,186,NA,NA,NA,0
821,4,186,NA,NA,NA,0
822,4,186,NA,NA,NA,0
823,4,187,NA,NA,NA,0
824,4,187,NA,NA,NA,0
825,4,187,NA,NA,NA,0
826,4,187,NA,NA,NA,0
827,5,188,NA,NA,NA,0
828,5,188,NA,NA,NA,0
829,5,188,NA,NA,NA,0
830,5,188,NA,NA,NA,0
831,5,188,"E",338,4,0
832,3,189,NA,NA,NA,0
833,3,189,NA,NA,NA,0
834,3,189,NA,NA,NA,0
835,6,190,NA,NA,NA,0
836,6,190,NA,NA,NA,0
837,6,190,NA,NA,NA,0
838,6,190,NA,NA,NA,0
839,6,190,NA,NA,NA,0
840,6,190,NA,NA,NA,0
841,4,191,NA,NA,NA,0
842,4,191,NA,NA,NA,0
843,4,191,NA,NA,NA,0
844,4,191,NA,NA,NA,0
845,5,192,NA,NA,NA,0
846,5,192,NA,NA,NA,0
847,5,192,NA,NA,NA,0
848,5,192,NA,NA,NA,0
849,5,192,NA,NA,NA,0
850,5,193,NA,NA,NA,0
851,5,193,NA,NA,NA,0
852,5,193,NA,NA,NA,0
853,5,193,NA,NA,NA,0
854,5,193,NA,NA,NA,0
855,6,194,"H",124,3,1
856,6,194,"H",143,2,0
857,6,194,"H",110,3,0
858,6,194,"E",71,5,2
859,6,194,NA,NA,NA,0
860,6,194,NA,NA,NA,0
861,3,195,NA,NA,NA,0
862,3,195,NA,NA,NA,0
863,3,195,NA,NA,NA,0
864,3,196,NA,NA,NA,0
865,3,196,NA,NA,NA,0
866,3,196,NA,NA,NA,0
867,6,197,NA,NA,NA,0
868,6,197,NA,NA,NA,0
869,6,197,NA,NA,NA,0
870,6,197,NA,NA,NA,0
871,6,197,NA,NA,NA,0
872,6,197,NA,NA,NA,0
873,6,198,NA,NA,NA,0
874,6,198,NA,NA,NA,0
875,6,198,NA,NA,NA,0
876,6,198,NA,NA,NA,0
877,6,198,NA,NA,NA,0
878,6,198,NA,NA,NA,0
879,3,199,"E",NA,NA,0
880,3,199,NA,NA,NA,0
881,3,199,NA,NA,NA,0
882,5,200,NA,NA,NA,0
883,5,200,NA,NA,NA,0
884,5,200,NA,NA,NA,0
885,5,200,NA,NA,NA,0
886,5,200,NA,NA,NA,0
887,6,201,NA,NA,NA,0
888,6,201,NA,NA,NA,0
889,6,201,NA,NA,NA,0
890,6,201,NA,NA,NA,0
891,6,201,NA,NA,NA,0
892,6,201,NA,NA,NA,0
893,6,202,NA,NA,NA,0
894,6,202,NA,NA,NA,0
895,6,202,NA,NA,NA,0
896,6,202,NA,NA,NA,0
897,6,202,NA,NA,NA,0
898,6,202,NA,NA,NA,0
899,6,203,NA,NA,NA,0
900,6,203,NA,NA,NA,0
901,6,203,NA,NA,NA,0
902,6,203,NA,NA,NA,0
903,6,203,NA,NA,NA,0
904,6,203,NA,NA,NA,0
905,3,204,NA,NA,NA,0
906,3,204,NA,NA,NA,0
907,3,204,NA,NA,NA,0
908,3,205,NA,NA,NA,0
909,3,205,NA,NA,NA,0
910,3,205,NA,NA,NA,0
911,6,206,NA,NA,NA,0
912,6,206,NA,NA,NA,0
913,6,206,NA,NA,NA,0
914,6,206,"E",196,5,0
915,6,206,NA,NA,NA,0
916,6,206,NA,NA,NA,0
917,6,207,NA,NA,NA,0
918,6,207,NA,NA,NA,0
919,6,207,NA,NA,NA,0
920,6,207,NA,NA,NA,0
921,6,207,NA,NA,NA,0
922,6,207,NA,NA,NA,0
923,4,208,NA,NA,NA,0
924,4,208,NA,NA,NA,0
925,4,208,NA,NA,NA,0
926,4,208,"E",164,3,0
927,4,209,NA,NA,NA,0
928,4,209,NA,NA,NA,0
929,4,209,NA,NA,NA,0
930,4,209,NA,NA,NA,0
931,3,210,NA,NA,NA,0
932,3,210,NA,NA,NA,0
933,3,210,NA,NA,NA,0
934,5,211,NA,NA,NA,0
935,5,211,NA,NA,NA,0
936,5,211,NA,NA,NA,0
937,5,211,NA,NA,NA,0
938,5,211,NA,NA,NA,0
939,3,212,NA,NA,NA,0
940,3,212,NA,NA,NA,0
941,3,212,NA,NA,NA,0
942,3,213,NA,NA,NA,0
943,3,213,NA,NA,NA,0
944,3,213,NA,NA,NA,0
945,3,214,NA,NA,NA,0
946,3,214,NA,NA,NA,0
947,3,214,NA,NA,NA,0
948,6,215,NA,NA,NA,0
949,6,215,NA,NA,NA,0
950,6,215,NA,NA,NA,0
951,6,215,NA,NA,NA,0
952,6,215,NA,NA,NA,0
953,6,215,NA,NA,NA,0
954,5,216,NA,NA,NA,0
955,5,216,NA,NA,NA,0
956,5,216,NA,NA,NA,0
957,5,216,NA,NA,NA,0
958,5,216,NA,NA,NA,0
959,6,217,NA,NA,NA,0
960,6,217,NA,NA,NA,0
961,6,217,NA,NA,NA,0
962,6,217,NA,NA,NA,0
963,6,217,NA,NA,NA,0
964,6,217,NA,NA,NA,0
965,5,218,NA,NA,NA,0
966,5,218,NA,NA,NA,0
967,5,218,NA,NA,NA,0
968,5,218,NA,NA,NA,0
969,5,218,NA,NA,NA,0
970,3,219,NA,NA,NA,0
971,3,219,NA,NA,NA,0
972,3,219,NA,NA,NA,0
973,3,220,NA,NA,NA,0
974,3,220,NA,NA,NA,0
975,3,220,NA,NA,NA,0
976,4,221,NA,NA,NA,0
977,4,221,NA,NA,NA,0
978,4,221,NA,NA,NA,0
979,4,221,NA,NA,NA,0
980,4,222,NA,NA,NA,0
981,4,222,NA,NA,NA,0
982,4,222,NA,NA,NA,0
983,4,222,NA,NA,NA,0
984,5,223,NA,NA,NA,0
985,5,223,NA,NA,NA,0
986,5,223,NA,NA,NA,0
987,5,223,NA,NA,NA,0
988,5,223,NA,NA,NA,0
989,6,224,NA,NA,NA,0
990,6,224,NA,NA,NA,0
991,6,224,NA,NA,NA,0
992,6,224,NA,NA,NA,0
993,6,224,NA,NA,NA,0
994,6,224,NA,NA,NA,0
995,6,225,NA,NA,NA,0
996,6,225,NA,NA,NA,0
997,6,225,"E",261,5,0
998,6,225,NA,NA,NA,0
999,6,225,NA,NA,NA,0
1000,6,225,NA,NA,NA,0
