"ID","SIZE","HH","TYPE","TIME","S_NUM","I_NUM"
1,3,1,"0",NA,NA,0
2,3,1,NA,NA,NA,0
3,3,1,NA,NA,NA,0
4,5,2,NA,NA,NA,0
5,5,2,NA,NA,NA,0
6,5,2,NA,NA,NA,0
7,5,2,NA,NA,NA,0
8,5,2,"E",NA,NA,0
9,5,3,NA,NA,NA,0
10,5,3,NA,NA,NA,0
11,5,3,NA,NA,NA,0
12,5,3,NA,NA,NA,0
13,5,3,NA,NA,NA,0
14,4,4,NA,NA,NA,0
15,4,4,NA,NA,NA,0
16,4,4,NA,NA,NA,0
17,4,4,NA,NA,NA,0
18,4,5,NA,NA,NA,0
19,4,5,NA,NA,NA,0
20,4,5,NA,NA,NA,0
21,4,5,NA,NA,NA,0
22,6,6,NA,NA,NA,0
23,6,6,NA,NA,NA,0
24,6,6,NA,NA,NA,0
25,6,6,NA,NA,NA,0
26,6,6,NA,NA,NA,0
27,6,6,NA,NA,NA,0
28,3,7,NA,NA,NA,0
29,3,7,NA,NA,NA,0
30,3,7,NA,NA,NA,0
31,3,8,NA,NA,NA,0
32,3,8,NA,NA,NA,0
33,3,8,NA,NA,NA,0
34,3,9,NA,NA,NA,0
35,3,9,NA,NA,NA,0
36,3,9,NA,NA,NA,0
37,3,10,"E",202,1,0
38,3,10,NA,NA,NA,0
39,3,10,"E",194,1,0
40,6,11,NA,NA,NA,0
41,6,11,NA,NA,NA,0
42,6,11,NA,NA,NA,0
43,6,11,NA,NA,NA,0
44,6,11,NA,NA,NA,0
45,6,11,NA,NA,NA,0
46,5,12,NA,NA,NA,0
47,5,12,NA,NA,NA,0
48,5,12,NA,NA,NA,0
49,5,12,NA,NA,NA,0
50,5,12,NA,NA,NA,0
51,3,13,NA,NA,NA,0
52,3,13,NA,NA,NA,0
53,3,13,NA,NA,NA,0
54,3,14,NA,NA,NA,0
55,3,14,NA,NA,NA,0
56,3,14,NA,NA,NA,0
57,6,15,NA,NA,NA,0
58,6,15,NA,NA,NA,0
59,6,15,NA,NA,NA,0
60,6,15,NA,NA,NA,0
61,6,15,NA,NA,NA,0
62,6,15,NA,NA,NA,0
63,6,16,NA,NA,NA,0
64,6,16,NA,NA,NA,0
65,6,16,NA,NA,NA,0
66,6,16,NA,NA,NA,0
67,6,16,NA,NA,NA,0
68,6,16,NA,NA,NA,0
69,4,17,NA,NA,NA,0
70,4,17,NA,NA,NA,0
71,4,17,NA,NA,NA,0
72,4,17,NA,NA,NA,0
73,6,18,NA,NA,NA,0
74,6,18,NA,NA,NA,0
75,6,18,NA,NA,NA,0
76,6,18,NA,NA,NA,0
77,6,18,NA,NA,NA,0
78,6,18,NA,NA,NA,0
79,6,19,NA,NA,NA,0
80,6,19,NA,NA,NA,0
81,6,19,NA,NA,NA,0
82,6,19,NA,NA,NA,0
83,6,19,NA,NA,NA,0
84,6,19,NA,NA,NA,0
85,6,20,NA,NA,NA,0
86,6,20,NA,NA,NA,0
87,6,20,NA,NA,NA,0
88,6,20,NA,NA,NA,0
89,6,20,NA,NA,NA,0
90,6,20,NA,NA,NA,0
91,4,21,NA,NA,NA,0
92,4,21,NA,NA,NA,0
93,4,21,NA,NA,NA,0
94,4,21,NA,NA,NA,0
95,5,22,NA,NA,NA,0
96,5,22,NA,NA,NA,0
97,5,22,NA,NA,NA,0
98,5,22,NA,NA,NA,0
99,5,22,NA,NA,NA,0
100,3,23,NA,NA,NA,0
101,3,23,NA,NA,NA,0
102,3,23,NA,NA,NA,0
103,4,24,NA,NA,NA,0
104,4,24,NA,NA,NA,0
105,4,24,NA,NA,NA,0
106,4,24,NA,NA,NA,0
107,4,25,NA,NA,NA,0
108,4,25,NA,NA,NA,0
109,4,25,NA,NA,NA,0
110,4,25,NA,NA,NA,0
111,6,26,"E",160,5,1
112,6,26,NA,NA,NA,0
113,6,26,NA,NA,NA,0
114,6,26,NA,NA,NA,0
115,6,26,"H",187,4,0
116,6,26,NA,NA,NA,0
117,4,27,NA,NA,NA,0
118,4,27,NA,NA,NA,0
119,4,27,NA,NA,NA,0
120,4,27,NA,NA,NA,0
121,4,28,NA,NA,NA,0
122,4,28,NA,NA,NA,0
123,4,28,NA,NA,NA,0
124,4,28,NA,NA,NA,0
125,4,29,NA,NA,NA,0
126,4,29,NA,NA,NA,0
127,4,29,NA,NA,NA,0
128,4,29,NA,NA,NA,0
129,3,30,"E",233,2,0
130,3,30,NA,NA,NA,0
131,3,30,NA,NA,NA,0
132,6,31,NA,NA,NA,0
133,6,31,NA,NA,NA,0
134,6,31,NA,NA,NA,0
135,6,31,NA,NA,NA,0
136,6,31,NA,NA,NA,0
137,6,31,NA,NA,NA,0
138,5,32,NA,NA,NA,0
139,5,32,NA,NA,NA,0
140,5,32,NA,NA,NA,0
141,5,32,NA,NA,NA,0
142,5,32,NA,NA,NA,0
143,4,33,NA,NA,NA,0
144,4,33,NA,NA,NA,0
145,4,33,NA,NA,NA,0
146,4,33,NA,NA,NA,0
147,5,34,NA,NA,NA,0
148,5,34,NA,NA,NA,0
149,5,34,NA,NA,NA,0
150,5,34,NA,NA,NA,0
151,5,34,NA,NA,NA,0
152,5,35,NA,NA,NA,0
153,5,35,NA,NA,NA,0
154,5,35,NA,NA,NA,0
155,5,35,NA,NA,NA,0
156,5,35,NA,NA,NA,0
157,5,36,NA,NA,NA,0
158,5,36,NA,NA,NA,0
159,5,36,NA,NA,NA,0
160,5,36,NA,NA,NA,0
161,5,36,NA,NA,NA,0
162,3,37,NA,NA,NA,0
163,3,37,NA,NA,NA,0
164,3,37,NA,NA,NA,0
165,4,38,NA,NA,NA,0
166,4,38,NA,NA,NA,0
167,4,38,NA,NA,NA,0
168,4,38,NA,NA,NA,0
169,3,39,NA,NA,NA,0
170,3,39,NA,NA,NA,0
171,3,39,NA,NA,NA,0
172,4,40,NA,NA,NA,0
173,4,40,NA,NA,NA,0
174,4,40,"E",36,3,0
175,4,40,NA,NA,NA,0
176,6,41,NA,NA,NA,0
177,6,41,NA,NA,NA,0
178,6,41,NA,NA,NA,0
179,6,41,NA,NA,NA,0
180,6,41,NA,NA,NA,0
181,6,41,NA,NA,NA,0
182,3,42,NA,NA,NA,0
183,3,42,NA,NA,NA,0
184,3,42,NA,NA,NA,0
185,5,43,NA,NA,NA,0
186,5,43,NA,NA,NA,0
187,5,43,NA,NA,NA,0
188,5,43,NA,NA,NA,0
189,5,43,NA,NA,NA,0
190,4,44,NA,NA,NA,0
191,4,44,NA,NA,NA,0
192,4,44,NA,NA,NA,0
193,4,44,NA,NA,NA,0
194,6,45,NA,NA,NA,0
195,6,45,NA,NA,NA,0
196,6,45,NA,NA,NA,0
197,6,45,NA,NA,NA,0
198,6,45,NA,NA,NA,0
199,6,45,NA,NA,NA,0
200,4,46,"E",323,2,0
201,4,46,NA,NA,NA,0
202,4,46,"E",171,3,0
203,4,46,NA,NA,NA,0
204,5,47,NA,NA,NA,0
205,5,47,NA,NA,NA,0
206,5,47,NA,NA,NA,0
207,5,47,NA,NA,NA,0
208,5,47,NA,NA,NA,0
209,4,48,NA,NA,NA,0
210,4,48,NA,NA,NA,0
211,4,48,NA,NA,NA,0
212,4,48,NA,NA,NA,0
213,3,49,NA,NA,NA,0
214,3,49,NA,NA,NA,0
215,3,49,NA,NA,NA,0
216,4,50,NA,NA,NA,0
217,4,50,NA,NA,NA,0
218,4,50,NA,NA,NA,0
219,4,50,NA,NA,NA,0
220,4,51,NA,NA,NA,0
221,4,51,NA,NA,NA,0
222,4,51,NA,NA,NA,0
223,4,51,NA,NA,NA,0
224,4,52,NA,NA,NA,0
225,4,52,NA,NA,NA,0
226,4,52,NA,NA,NA,0
227,4,52,NA,NA,NA,0
228,5,53,NA,NA,NA,0
229,5,53,NA,NA,NA,0
230,5,53,NA,NA,NA,0
231,5,53,NA,NA,NA,0
232,5,53,NA,NA,NA,0
233,4,54,NA,NA,NA,0
234,4,54,NA,NA,NA,0
235,4,54,NA,NA,NA,0
236,4,54,NA,NA,NA,0
237,5,55,NA,NA,NA,0
238,5,55,NA,NA,NA,0
239,5,55,NA,NA,NA,0
240,5,55,NA,NA,NA,0
241,5,55,NA,NA,NA,0
242,3,56,NA,NA,NA,0
243,3,56,NA,NA,NA,0
244,3,56,NA,NA,NA,0
245,4,57,NA,NA,NA,0
246,4,57,NA,NA,NA,0
247,4,57,NA,NA,NA,0
248,4,57,NA,NA,NA,0
249,5,58,NA,NA,NA,0
250,5,58,NA,NA,NA,0
251,5,58,NA,NA,NA,0
252,5,58,NA,NA,NA,0
253,5,58,NA,NA,NA,0
254,5,59,"E",332,4,2
255,5,59,NA,NA,NA,0
256,5,59,NA,NA,NA,0
257,5,59,"H",NA,NA,0
258,5,59,"H",NA,NA,0
259,3,60,NA,NA,NA,0
260,3,60,NA,NA,NA,0
261,3,60,NA,NA,NA,0
262,5,61,NA,NA,NA,0
263,5,61,NA,NA,NA,0
264,5,61,NA,NA,NA,0
265,5,61,NA,NA,NA,0
266,5,61,NA,NA,NA,0
267,6,62,NA,NA,NA,0
268,6,62,NA,NA,NA,0
269,6,62,NA,NA,NA,0
270,6,62,NA,NA,NA,0
271,6,62,NA,NA,NA,0
272,6,62,NA,NA,NA,0
273,3,63,NA,NA,NA,0
274,3,63,NA,NA,NA,0
275,3,63,NA,NA,NA,0
276,6,64,NA,NA,NA,0
277,6,64,NA,NA,NA,0
278,6,64,NA,NA,NA,0
279,6,64,NA,NA,NA,0
280,6,64,NA,NA,NA,0
281,6,64,NA,NA,NA,0
282,5,65,NA,NA,NA,0
283,5,65,NA,NA,NA,0
284,5,65,NA,NA,NA,0
285,5,65,NA,NA,NA,0
286,5,65,NA,NA,NA,0
287,4,66,NA,NA,NA,0
288,4,66,NA,NA,NA,0
289,4,66,NA,NA,NA,0
290,4,66,NA,NA,NA,0
291,3,67,NA,NA,NA,0
292,3,67,NA,NA,NA,0
293,3,67,NA,NA,NA,0
294,3,68,NA,NA,NA,0
295,3,68,NA,NA,NA,0
296,3,68,NA,NA,NA,0
297,4,69,NA,NA,NA,0
298,4,69,NA,NA,NA,0
299,4,69,"E",121,3,0
300,4,69,NA,NA,NA,0
301,6,70,NA,NA,NA,0
302,6,70,NA,NA,NA,0
303,6,70,NA,NA,NA,0
304,6,70,NA,NA,NA,0
305,6,70,NA,NA,NA,0
306,6,70,NA,NA,NA,0
307,5,71,NA,NA,NA,0
308,5,71,NA,NA,NA,0
309,5,71,NA,NA,NA,0
310,5,71,NA,NA,NA,0
311,5,71,NA,NA,NA,0
312,4,72,NA,NA,NA,0
313,4,72,NA,NA,NA,0
314,4,72,NA,NA,NA,0
315,4,72,NA,NA,NA,0
316,5,73,NA,NA,NA,0
317,5,73,NA,NA,NA,0
318,5,73,NA,NA,NA,0
319,5,73,NA,NA,NA,0
320,5,73,NA,NA,NA,0
321,4,74,NA,NA,NA,0
322,4,74,NA,NA,NA,0
323,4,74,NA,NA,NA,0
324,4,74,NA,NA,NA,0
325,3,75,NA,NA,NA,0
326,3,75,NA,NA,NA,0
327,3,75,NA,NA,NA,0
328,4,76,NA,NA,NA,0
329,4,76,NA,NA,NA,0
330,4,76,NA,NA,NA,0
331,4,76,NA,NA,NA,0
332,6,77,NA,NA,NA,0
333,6,77,NA,NA,NA,0
334,6,77,NA,NA,NA,0
335,6,77,NA,NA,NA,0
336,6,77,NA,NA,NA,0
337,6,77,NA,NA,NA,0
338,4,78,NA,NA,NA,0
339,4,78,NA,NA,NA,0
340,4,78,NA,NA,NA,0
341,4,78,NA,NA,NA,0
342,6,79,"E",94,5,0
343,6,79,NA,NA,NA,0
344,6,79,NA,NA,NA,0
345,6,79,NA,NA,NA,0
346,6,79,NA,NA,NA,0
347,6,79,NA,NA,NA,0
348,5,80,NA,NA,NA,0
349,5,80,NA,NA,NA,0
350,5,80,NA,NA,NA,0
351,5,80,NA,NA,NA,0
352,5,80,NA,NA,NA,0
353,4,81,NA,NA,NA,0
354,4,81,NA,NA,NA,0
355,4,81,NA,NA,NA,0
356,4,81,NA,NA,NA,0
357,5,82,NA,NA,NA,0
358,5,82,NA,NA,NA,0
359,5,82,NA,NA,NA,0
360,5,82,NA,NA,NA,0
361,5,82,NA,NA,NA,0
362,3,83,NA,NA,NA,0
363,3,83,"E",355,2,0
364,3,83,NA,NA,NA,0
365,3,84,NA,NA,NA,0
366,3,84,NA,NA,NA,0
367,3,84,NA,NA,NA,0
368,6,85,NA,NA,NA,0
369,6,85,NA,NA,NA,0
370,6,85,NA,NA,NA,0
371,6,85,NA,NA,NA,0
372,6,85,NA,NA,NA,0
373,6,85,NA,NA,NA,0
374,5,86,NA,NA,NA,0
375,5,86,NA,NA,NA,0
376,5,86,NA,NA,NA,0
377,5,86,NA,NA,NA,0
378,5,86,NA,NA,NA,0
379,5,87,NA,NA,NA,0
380,5,87,NA,NA,NA,0
381,5,87,NA,NA,NA,0
382,5,87,NA,NA,NA,0
383,5,87,NA,NA,NA,0
384,3,88,NA,NA,NA,0
385,3,88,"E",315,2,0
386,3,88,NA,NA,NA,0
387,5,89,NA,NA,NA,0
388,5,89,NA,NA,NA,0
389,5,89,NA,NA,NA,0
390,5,89,NA,NA,NA,0
391,5,89,NA,NA,NA,0
392,4,90,NA,NA,NA,0
393,4,90,NA,NA,NA,0
394,4,90,NA,NA,NA,0
395,4,90,NA,NA,NA,0
396,5,91,NA,NA,NA,0
397,5,91,NA,NA,NA,0
398,5,91,NA,NA,NA,0
399,5,91,NA,NA,NA,0
400,5,91,NA,NA,NA,0
401,3,92,NA,NA,NA,0
402,3,92,NA,NA,NA,0
403,3,92,NA,NA,NA,0
404,6,93,NA,NA,NA,0
405,6,93,NA,NA,NA,0
406,6,93,NA,NA,NA,0
407,6,93,NA,NA,NA,0
408,6,93,NA,NA,NA,0
409,6,93,NA,NA,NA,0
410,5,94,NA,NA,NA,0
411,5,94,NA,NA,NA,0
412,5,94,NA,NA,NA,0
413,5,94,NA,NA,NA,0
414,5,94,NA,NA,NA,0
415,4,95,NA,NA,NA,0
416,4,95,NA,NA,NA,0
417,4,95,NA,NA,NA,0
418,4,95,NA,NA,NA,0
419,5,96,"E",65,4,0
420,5,96,NA,NA,NA,0
421,5,96,NA,NA,NA,0
422,5,96,NA,NA,NA,0
423,5,96,NA,NA,NA,0
424,4,97,NA,NA,NA,0
425,4,97,NA,NA,NA,0
426,4,97,NA,NA,NA,0
427,4,97,NA,NA,NA,0
428,4,98,NA,NA,NA,0
429,4,98,NA,NA,NA,0
430,4,98,NA,NA,NA,0
431,4,98,NA,NA,NA,0
432,5,99,"E",226,4,1
433,5,99,NA,NA,NA,0
434,5,99,NA,NA,NA,0
435,5,99,"H",273,3,0
436,5,99,NA,NA,NA,0
437,4,100,NA,NA,NA,0
438,4,100,NA,NA,NA,0
439,4,100,NA,NA,NA,0
440,4,100,NA,NA,NA,0
441,5,101,NA,NA,NA,0
442,5,101,NA,NA,NA,0
443,5,101,NA,NA,NA,0
444,5,101,NA,NA,NA,0
445,5,101,NA,NA,NA,0
446,5,102,NA,NA,NA,0
447,5,102,"E",80,4,1
448,5,102,NA,NA,NA,0
449,5,102,NA,NA,NA,0
450,5,102,"H",147,3,0
451,4,103,NA,NA,NA,0
452,4,103,NA,NA,NA,0
453,4,103,NA,NA,NA,0
454,4,103,NA,NA,NA,0
455,3,104,NA,NA,NA,0
456,3,104,"E",157,2,0
457,3,104,NA,NA,NA,0
458,4,105,NA,NA,NA,0
459,4,105,NA,NA,NA,0
460,4,105,NA,NA,NA,0
461,4,105,NA,NA,NA,0
462,5,106,NA,NA,NA,0
463,5,106,NA,NA,NA,0
464,5,106,NA,NA,NA,0
465,5,106,NA,NA,NA,0
466,5,106,NA,NA,NA,0
467,4,107,NA,NA,NA,0
468,4,107,NA,NA,NA,0
469,4,107,NA,NA,NA,0
470,4,107,NA,NA,NA,0
471,6,108,NA,NA,NA,0
472,6,108,NA,NA,NA,0
473,6,108,NA,NA,NA,0
474,6,108,NA,NA,NA,0
475,6,108,NA,NA,NA,0
476,6,108,NA,NA,NA,0
477,6,109,NA,NA,NA,0
478,6,109,NA,NA,NA,0
479,6,109,NA,NA,NA,0
480,6,109,NA,NA,NA,0
481,6,109,NA,NA,NA,0
482,6,109,NA,NA,NA,0
483,3,110,NA,NA,NA,0
484,3,110,NA,NA,NA,0
485,3,110,NA,NA,NA,0
486,5,111,NA,NA,NA,0
487,5,111,NA,NA,NA,0
488,5,111,NA,NA,NA,0
489,5,111,NA,NA,NA,0
490,5,111,NA,NA,NA,0
491,5,112,NA,NA,NA,0
492,5,112,NA,NA,NA,0
493,5,112,"E",67,4,1
494,5,112,NA,NA,NA,0
495,5,112,"H",107,3,0
496,4,113,NA,NA,NA,0
497,4,113,NA,NA,NA,0
498,4,113,NA,NA,NA,0
499,4,113,NA,NA,NA,0
500,6,114,NA,NA,NA,0
501,6,114,NA,NA,NA,0
502,6,114,NA,NA,NA,0
503,6,114,NA,NA,NA,0
504,6,114,NA,NA,NA,0
505,6,114,NA,NA,NA,0
506,5,115,NA,NA,NA,0
507,5,115,NA,NA,NA,0
508,5,115,NA,NA,NA,0
509,5,115,NA,NA,NA,0
510,5,115,NA,NA,NA,0
511,6,116,NA,NA,NA,0
512,6,116,NA,NA,NA,0
513,6,116,"H",222,3,0
514,6,116,"E",144,5,1
515,6,116,"H",169,4,1
516,6,116,NA,NA,NA,0
517,6,117,NA,NA,NA,0
518,6,117,NA,NA,NA,0
519,6,117,NA,NA,NA,0
520,6,117,NA,NA,NA,0
521,6,117,NA,NA,NA,0
522,6,117,NA,NA,NA,0
523,3,118,NA,NA,NA,0
524,3,118,NA,NA,NA,0
525,3,118,NA,NA,NA,0
526,4,119,NA,NA,NA,0
527,4,119,NA,NA,NA,0
528,4,119,NA,NA,NA,0
529,4,119,NA,NA,NA,0
530,6,120,NA,NA,NA,0
531,6,120,NA,NA,NA,0
532,6,120,NA,NA,NA,0
533,6,120,NA,NA,NA,0
534,6,120,NA,NA,NA,0
535,6,120,NA,NA,NA,0
536,4,121,NA,NA,NA,0
537,4,121,NA,NA,NA,0
538,4,121,NA,NA,NA,0
539,4,121,NA,NA,NA,0
540,5,122,NA,NA,NA,0
541,5,122,NA,NA,NA,0
542,5,122,NA,NA,NA,0
543,5,122,NA,NA,NA,0
544,5,122,NA,NA,NA,0
545,4,123,NA,NA,NA,0
546,4,123,NA,NA,NA,0
547,4,123,NA,NA,NA,0
548,4,123,NA,NA,NA,0
549,3,124,NA,NA,NA,0
550,3,124,NA,NA,NA,0
551,3,124,NA,NA,NA,0
552,3,125,NA,NA,NA,0
553,3,125,NA,NA,NA,0
554,3,125,NA,NA,NA,0
555,4,126,NA,NA,NA,0
556,4,126,NA,NA,NA,0
557,4,126,NA,NA,NA,0
558,4,126,NA,NA,NA,0
559,6,127,NA,NA,NA,0
560,6,127,NA,NA,NA,0
561,6,127,"E",110,5,0
562,6,127,NA,NA,NA,0
563,6,127,"E",241,4,0
564,6,127,NA,NA,NA,0
565,5,128,NA,NA,NA,0
566,5,128,NA,NA,NA,0
567,5,128,NA,NA,NA,0
568,5,128,NA,NA,NA,0
569,5,128,NA,NA,NA,0
570,6,129,NA,NA,NA,0
571,6,129,NA,NA,NA,0
572,6,129,NA,NA,NA,0
573,6,129,NA,NA,NA,0
574,6,129,NA,NA,NA,0
575,6,129,NA,NA,NA,0
576,4,130,NA,NA,NA,0
577,4,130,NA,NA,NA,0
578,4,130,NA,NA,NA,0
579,4,130,NA,NA,NA,0
580,6,131,NA,NA,NA,0
581,6,131,NA,NA,NA,0
582,6,131,NA,NA,NA,0
583,6,131,NA,NA,NA,0
584,6,131,NA,NA,NA,0
585,6,131,NA,NA,NA,0
586,5,132,NA,NA,NA,0
587,5,132,NA,NA,NA,0
588,5,132,NA,NA,NA,0
589,5,132,NA,NA,NA,0
590,5,132,NA,NA,NA,0
591,3,133,NA,NA,NA,0
592,3,133,NA,NA,NA,0
593,3,133,NA,NA,NA,0
594,6,134,NA,NA,NA,0
595,6,134,NA,NA,NA,0
596,6,134,NA,NA,NA,0
597,6,134,NA,NA,NA,0
598,6,134,NA,NA,NA,0
599,6,134,NA,NA,NA,0
600,4,135,NA,NA,NA,0
601,4,135,NA,NA,NA,0
602,4,135,NA,NA,NA,0
603,4,135,NA,NA,NA,0
604,5,136,NA,NA,NA,0
605,5,136,NA,NA,NA,0
606,5,136,NA,NA,NA,0
607,5,136,NA,NA,NA,0
608,5,136,NA,NA,NA,0
609,6,137,NA,NA,NA,0
610,6,137,NA,NA,NA,0
611,6,137,"E",270,5,0
612,6,137,NA,NA,NA,0
613,6,137,NA,NA,NA,0
614,6,137,NA,NA,NA,0
615,6,138,NA,NA,NA,0
616,6,138,NA,NA,NA,0
617,6,138,NA,NA,NA,0
618,6,138,NA,NA,NA,0
619,6,138,NA,NA,NA,0
620,6,138,NA,NA,NA,0
621,5,139,NA,NA,NA,0
622,5,139,NA,NA,NA,0
623,5,139,NA,NA,NA,0
624,5,139,NA,NA,NA,0
625,5,139,NA,NA,NA,0
626,5,140,NA,NA,NA,0
627,5,140,NA,NA,NA,0
628,5,140,NA,NA,NA,0
629,5,140,NA,NA,NA,0
630,5,140,NA,NA,NA,0
631,3,141,NA,NA,NA,0
632,3,141,"E",55,2,0
633,3,141,NA,NA,NA,0
634,5,142,NA,NA,NA,0
635,5,142,NA,NA,NA,0
636,5,142,NA,NA,NA,0
637,5,142,"E",352,4,0
638,5,142,NA,NA,NA,0
639,4,143,NA,NA,NA,0
640,4,143,NA,NA,NA,0
641,4,143,NA,NA,NA,0
642,4,143,"E",174,3,0
643,4,144,NA,NA,NA,0
644,4,144,NA,NA,NA,0
645,4,144,NA,NA,NA,0
646,4,144,NA,NA,NA,0
647,5,145,NA,NA,NA,0
648,5,145,NA,NA,NA,0
649,5,145,NA,NA,NA,0
650,5,145,NA,NA,NA,0
651,5,145,NA,NA,NA,0
652,4,146,NA,NA,NA,0
653,4,146,NA,NA,NA,0
654,4,146,NA,NA,NA,0
655,4,146,NA,NA,NA,0
656,4,147,NA,NA,NA,0
657,4,147,NA,NA,NA,0
658,4,147,NA,NA,NA,0
659,4,147,NA,NA,NA,0
660,6,148,NA,NA,NA,0
661,6,148,NA,NA,NA,0
662,6,148,NA,NA,NA,0
663,6,148,NA,NA,NA,0
664,6,148,NA,NA,NA,0
665,6,148,NA,NA,NA,0
666,6,149,NA,NA,NA,0
667,6,149,NA,NA,NA,0
668,6,149,NA,NA,NA,0
669,6,149,"E",NA,NA,0
670,6,149,NA,NA,NA,0
671,6,149,NA,NA,NA,0
672,6,150,NA,NA,NA,0
673,6,150,NA,NA,NA,0
674,6,150,"E",237,5,0
675,6,150,NA,NA,NA,0
676,6,150,NA,NA,NA,0
677,6,150,NA,NA,NA,0
678,3,151,NA,NA,NA,0
679,3,151,NA,NA,NA,0
680,3,151,NA,NA,NA,0
681,3,152,NA,NA,NA,0
682,3,152,NA,NA,NA,0
683,3,152,NA,NA,NA,0
684,6,153,NA,NA,NA,0
685,6,153,NA,NA,NA,0
686,6,153,NA,NA,NA,0
687,6,153,NA,NA,NA,0
688,6,153,NA,NA,NA,0
689,6,153,NA,NA,NA,0
690,4,154,NA,NA,NA,0
691,4,154,NA,NA,NA,0
692,4,154,NA,NA,NA,0
693,4,154,NA,NA,NA,0
694,4,155,NA,NA,NA,0
695,4,155,NA,NA,NA,0
696,4,155,NA,NA,NA,0
697,4,155,NA,NA,NA,0
698,5,156,NA,NA,NA,0
699,5,156,NA,NA,NA,0
700,5,156,NA,NA,NA,0
701,5,156,NA,NA,NA,0
702,5,156,NA,NA,NA,0
703,6,157,NA,NA,NA,0
704,6,157,NA,NA,NA,0
705,6,157,NA,NA,NA,0
706,6,157,NA,NA,NA,0
707,6,157,NA,NA,NA,0
708,6,157,NA,NA,NA,0
709,5,158,NA,NA,NA,0
710,5,158,NA,NA,NA,0
711,5,158,NA,NA,NA,0
712,5,158,NA,NA,NA,0
713,5,158,NA,NA,NA,0
714,3,159,NA,NA,NA,0
715,3,159,NA,NA,NA,0
716,3,159,NA,NA,NA,0
717,4,160,"E",338,3,1
718,4,160,NA,NA,NA,0
719,4,160,"H",NA,NA,0
720,4,160,NA,NA,NA,0
721,6,161,NA,NA,NA,0
722,6,161,NA,NA,NA,0
723,6,161,NA,NA,NA,0
724,6,161,NA,NA,NA,0
725,6,161,NA,NA,NA,0
726,6,161,NA,NA,NA,0
727,3,162,NA,NA,NA,0
728,3,162,NA,NA,NA,0
729,3,162,NA,NA,NA,0
730,6,163,"H",288,3,0
731,6,163,"E",242,5,2
732,6,163,NA,NA,NA,0
733,6,163,NA,NA,NA,0
734,6,163,NA,NA,NA,0
735,6,163,"H",298,3,0
736,6,164,NA,NA,NA,0
737,6,164,NA,NA,NA,0
738,6,164,NA,NA,NA,0
739,6,164,NA,NA,NA,0
740,6,164,NA,NA,NA,0
741,6,164,NA,NA,NA,0
742,6,165,NA,NA,NA,0
743,6,165,NA,NA,NA,0
744,6,165,NA,NA,NA,0
745,6,165,NA,NA,NA,0
746,6,165,NA,NA,NA,0
747,6,165,NA,NA,NA,0
748,6,166,NA,NA,NA,0
749,6,166,NA,NA,NA,0
750,6,166,NA,NA,NA,0
751,6,166,NA,NA,NA,0
752,6,166,NA,NA,NA,0
753,6,166,NA,NA,NA,0
754,3,167,NA,NA,NA,0
755,3,167,NA,NA,NA,0
756,3,167,NA,NA,NA,0
757,5,168,NA,NA,NA,0
758,5,168,NA,NA,NA,0
759,5,168,NA,NA,NA,0
760,5,168,NA,NA,NA,0
761,5,168,NA,NA,NA,0
762,3,169,NA,NA,NA,0
763,3,169,NA,NA,NA,0
764,3,169,NA,NA,NA,0
765,4,170,NA,NA,NA,0
766,4,170,NA,NA,NA,0
767,4,170,NA,NA,NA,0
768,4,170,NA,NA,NA,0
769,3,171,NA,NA,NA,0
770,3,171,NA,NA,NA,0
771,3,171,NA,NA,NA,0
772,5,172,NA,NA,NA,0
773,5,172,NA,NA,NA,0
774,5,172,NA,NA,NA,0
775,5,172,NA,NA,NA,0
776,5,172,NA,NA,NA,0
777,6,173,NA,NA,NA,0
778,6,173,NA,NA,NA,0
779,6,173,NA,NA,NA,0
780,6,173,NA,NA,NA,0
781,6,173,NA,NA,NA,0
782,6,173,NA,NA,NA,0
783,3,174,NA,NA,NA,0
784,3,174,NA,NA,NA,0
785,3,174,NA,NA,NA,0
786,6,175,NA,NA,NA,0
787,6,175,NA,NA,NA,0
788,6,175,NA,NA,NA,0
789,6,175,NA,NA,NA,0
790,6,175,NA,NA,NA,0
791,6,175,NA,NA,NA,0
792,6,176,NA,NA,NA,0
793,6,176,NA,NA,NA,0
794,6,176,NA,NA,NA,0
795,6,176,NA,NA,NA,0
796,6,176,NA,NA,NA,0
797,6,176,NA,NA,NA,0
798,3,177,NA,NA,NA,0
799,3,177,NA,NA,NA,0
800,3,177,NA,NA,NA,0
801,4,178,NA,NA,NA,0
802,4,178,NA,NA,NA,0
803,4,178,NA,NA,NA,0
804,4,178,NA,NA,NA,0
805,5,179,NA,NA,NA,0
806,5,179,NA,NA,NA,0
807,5,179,NA,NA,NA,0
808,5,179,NA,NA,NA,0
809,5,179,NA,NA,NA,0
810,6,180,NA,NA,NA,0
811,6,180,NA,NA,NA,0
812,6,180,NA,NA,NA,0
813,6,180,"E",309,5,0
814,6,180,NA,NA,NA,0
815,6,180,NA,NA,NA,0
816,3,181,NA,NA,NA,0
817,3,181,NA,NA,NA,0
818,3,181,NA,NA,NA,0
819,4,182,NA,NA,NA,0
820,4,182,NA,NA,NA,0
821,4,182,NA,NA,NA,0
822,4,182,NA,NA,NA,0
823,5,183,NA,NA,NA,0
824,5,183,NA,NA,NA,0
825,5,183,NA,NA,NA,0
826,5,183,NA,NA,NA,0
827,5,183,NA,NA,NA,0
828,3,184,NA,NA,NA,0
829,3,184,NA,NA,NA,0
830,3,184,NA,NA,NA,0
831,4,185,NA,NA,NA,0
832,4,185,NA,NA,NA,0
833,4,185,NA,NA,NA,0
834,4,185,NA,NA,NA,0
835,3,186,NA,NA,NA,0
836,3,186,NA,NA,NA,0
837,3,186,NA,NA,NA,0
838,4,187,NA,NA,NA,0
839,4,187,NA,NA,NA,0
840,4,187,NA,NA,NA,0
841,4,187,NA,NA,NA,0
842,4,188,NA,NA,NA,0
843,4,188,NA,NA,NA,0
844,4,188,NA,NA,NA,0
845,4,188,NA,NA,NA,0
846,4,189,NA,NA,NA,0
847,4,189,NA,NA,NA,0
848,4,189,NA,NA,NA,0
849,4,189,NA,NA,NA,0
850,5,190,NA,NA,NA,0
851,5,190,NA,NA,NA,0
852,5,190,NA,NA,NA,0
853,5,190,NA,NA,NA,0
854,5,190,NA,NA,NA,0
855,3,191,NA,NA,NA,0
856,3,191,NA,NA,NA,0
857,3,191,NA,NA,NA,0
858,6,192,NA,NA,NA,0
859,6,192,NA,NA,NA,0
860,6,192,NA,NA,NA,0
861,6,192,NA,NA,NA,0
862,6,192,NA,NA,NA,0
863,6,192,NA,NA,NA,0
864,3,193,NA,NA,NA,0
865,3,193,NA,NA,NA,0
866,3,193,NA,NA,NA,0
867,6,194,NA,NA,NA,0
868,6,194,NA,NA,NA,0
869,6,194,NA,NA,NA,0
870,6,194,NA,NA,NA,0
871,6,194,NA,NA,NA,0
872,6,194,NA,NA,NA,0
873,5,195,NA,NA,NA,0
874,5,195,NA,NA,NA,0
875,5,195,NA,NA,NA,0
876,5,195,NA,NA,NA,0
877,5,195,"E",331,4,0
878,6,196,NA,NA,NA,0
879,6,196,NA,NA,NA,0
880,6,196,NA,NA,NA,0
881,6,196,NA,NA,NA,0
882,6,196,NA,NA,NA,0
883,6,196,NA,NA,NA,0
884,4,197,NA,NA,NA,0
885,4,197,NA,NA,NA,0
886,4,197,NA,NA,NA,0
887,4,197,NA,NA,NA,0
888,4,198,NA,NA,NA,0
889,4,198,"E",NA,NA,0
890,4,198,NA,NA,NA,0
891,4,198,NA,NA,NA,0
892,4,199,NA,NA,NA,0
893,4,199,NA,NA,NA,0
894,4,199,NA,NA,NA,0
895,4,199,NA,NA,NA,0
896,5,200,NA,NA,NA,0
897,5,200,NA,NA,NA,0
898,5,200,NA,NA,NA,0
899,5,200,NA,NA,NA,0
900,5,200,NA,NA,NA,0
901,6,201,NA,NA,NA,0
902,6,201,NA,NA,NA,0
903,6,201,NA,NA,NA,0
904,6,201,NA,NA,NA,0
905,6,201,NA,NA,NA,0
906,6,201,NA,NA,NA,0
907,4,202,NA,NA,NA,0
908,4,202,NA,NA,NA,0
909,4,202,NA,NA,NA,0
910,4,202,NA,NA,NA,0
911,5,203,NA,NA,NA,0
912,5,203,NA,NA,NA,0
913,5,203,NA,NA,NA,0
914,5,203,NA,NA,NA,0
915,5,203,NA,NA,NA,0
916,6,204,NA,NA,NA,0
917,6,204,NA,NA,NA,0
918,6,204,NA,NA,NA,0
919,6,204,NA,NA,NA,0
920,6,204,NA,NA,NA,0
921,6,204,NA,NA,NA,0
922,5,205,"H",81,3,0
923,5,205,"E",51,4,1
924,5,205,NA,NA,NA,0
925,5,205,NA,NA,NA,0
926,5,205,NA,NA,NA,0
927,5,206,NA,NA,NA,0
928,5,206,NA,NA,NA,0
929,5,206,NA,NA,NA,0
930,5,206,NA,NA,NA,0
931,5,206,NA,NA,NA,0
932,5,207,NA,NA,NA,0
933,5,207,NA,NA,NA,0
934,5,207,NA,NA,NA,0
935,5,207,NA,NA,NA,0
936,5,207,NA,NA,NA,0
937,5,208,NA,NA,NA,0
938,5,208,NA,NA,NA,0
939,5,208,NA,NA,NA,0
940,5,208,NA,NA,NA,0
941,5,208,NA,NA,NA,0
942,5,209,NA,NA,NA,0
943,5,209,NA,NA,NA,0
944,5,209,NA,NA,NA,0
945,5,209,NA,NA,NA,0
946,5,209,NA,NA,NA,0
947,6,210,NA,NA,NA,0
948,6,210,"H",204,4,0
949,6,210,NA,NA,NA,0
950,6,210,NA,NA,NA,0
951,6,210,"E",152,5,1
952,6,210,NA,NA,NA,0
953,5,211,NA,NA,NA,0
954,5,211,NA,NA,NA,0
955,5,211,NA,NA,NA,0
956,5,211,NA,NA,NA,0
957,5,211,NA,NA,NA,0
958,5,212,NA,NA,NA,0
959,5,212,NA,NA,NA,0
960,5,212,NA,NA,NA,0
961,5,212,NA,NA,NA,0
962,5,212,NA,NA,NA,0
963,4,213,"E",140,3,0
964,4,213,NA,NA,NA,0
965,4,213,NA,NA,NA,0
966,4,213,NA,NA,NA,0
967,4,214,NA,NA,NA,0
968,4,214,NA,NA,NA,0
969,4,214,NA,NA,NA,0
970,4,214,NA,NA,NA,0
971,5,215,NA,NA,NA,0
972,5,215,NA,NA,NA,0
973,5,215,NA,NA,NA,0
974,5,215,NA,NA,NA,0
975,5,215,NA,NA,NA,0
976,6,216,NA,NA,NA,0
977,6,216,NA,NA,NA,0
978,6,216,NA,NA,NA,0
979,6,216,NA,NA,NA,0
980,6,216,NA,NA,NA,0
981,6,216,NA,NA,NA,0
982,5,217,NA,NA,NA,0
983,5,217,NA,NA,NA,0
984,5,217,NA,NA,NA,0
985,5,217,NA,NA,NA,0
986,5,217,NA,NA,NA,0
987,5,218,NA,NA,NA,0
988,5,218,NA,NA,NA,0
989,5,218,NA,NA,NA,0
990,5,218,NA,NA,NA,0
991,5,218,NA,NA,NA,0
992,3,219,"E",347,2,0
993,3,219,NA,NA,NA,0
994,3,219,NA,NA,NA,0
995,3,220,NA,NA,NA,0
996,3,220,NA,NA,NA,0
997,3,220,NA,NA,NA,0
998,3,221,NA,NA,NA,0
999,3,221,NA,NA,NA,0
1000,3,221,NA,NA,NA,0
