"ID","SIZE","HH","TYPE","TIME","S_NUM","I_NUM"
1,5,1,"0",NA,NA,0
2,5,1,NA,NA,NA,0
3,5,1,"E",NA,NA,0
4,5,1,NA,NA,NA,0
5,5,1,NA,NA,NA,0
6,4,2,NA,NA,NA,0
7,4,2,NA,NA,NA,0
8,4,2,NA,NA,NA,0
9,4,2,NA,NA,NA,0
10,3,3,"E",267,2,1
11,3,3,NA,NA,NA,0
12,3,3,"H",297,1,0
13,6,4,NA,NA,NA,0
14,6,4,NA,NA,NA,0
15,6,4,NA,NA,NA,0
16,6,4,NA,NA,NA,0
17,6,4,NA,NA,NA,0
18,6,4,NA,NA,NA,0
19,4,5,NA,NA,NA,0
20,4,5,NA,NA,NA,0
21,4,5,NA,NA,NA,0
22,4,5,NA,NA,NA,0
23,3,6,NA,NA,NA,0
24,3,6,NA,NA,NA,0
25,3,6,NA,NA,NA,0
26,4,7,NA,NA,NA,0
27,4,7,NA,NA,NA,0
28,4,7,NA,NA,NA,0
29,4,7,NA,NA,NA,0
30,4,8,NA,NA,NA,0
31,4,8,NA,NA,NA,0
32,4,8,NA,NA,NA,0
33,4,8,NA,NA,NA,0
34,3,9,NA,NA,NA,0
35,3,9,NA,NA,NA,0
36,3,9,NA,NA,NA,0
37,4,10,NA,NA,NA,0
38,4,10,NA,NA,NA,0
39,4,10,NA,NA,NA,0
40,4,10,NA,NA,NA,0
41,6,11,NA,NA,NA,0
42,6,11,NA,NA,NA,0
43,6,11,"E",139,5,0
44,6,11,NA,NA,NA,0
45,6,11,NA,NA,NA,0
46,6,11,NA,NA,NA,0
47,5,12,NA,NA,NA,0
48,5,12,NA,NA,NA,0
49,5,12,"E",142,4,0
50,5,12,NA,NA,NA,0
51,5,12,NA,NA,NA,0
52,6,13,NA,NA,NA,0
53,6,13,NA,NA,NA,0
54,6,13,NA,NA,NA,0
55,6,13,NA,NA,NA,0
56,6,13,NA,NA,NA,0
57,6,13,NA,NA,NA,0
58,4,14,NA,NA,NA,0
59,4,14,NA,NA,NA,0
60,4,14,NA,NA,NA,0
61,4,14,NA,NA,NA,0
62,4,15,NA,NA,NA,0
63,4,15,NA,NA,NA,0
64,4,15,NA,NA,NA,0
65,4,15,NA,NA,NA,0
66,3,16,NA,NA,NA,0
67,3,16,NA,NA,NA,0
68,3,16,NA,NA,NA,0
69,6,17,NA,NA,NA,0
70,6,17,NA,NA,NA,0
71,6,17,NA,NA,NA,0
72,6,17,NA,NA,NA,0
73,6,17,NA,NA,NA,0
74,6,17,NA,NA,NA,0
75,4,18,NA,NA,NA,0
76,4,18,NA,NA,NA,0
77,4,18,NA,NA,NA,0
78,4,18,NA,NA,NA,0
79,5,19,NA,NA,NA,0
80,5,19,NA,NA,NA,0
81,5,19,NA,NA,NA,0
82,5,19,NA,NA,NA,0
83,5,19,NA,NA,NA,0
84,5,20,NA,NA,NA,0
85,5,20,NA,NA,NA,0
86,5,20,NA,NA,NA,0
87,5,20,NA,NA,NA,0
88,5,20,NA,NA,NA,0
89,6,21,NA,NA,NA,0
90,6,21,NA,NA,NA,0
91,6,21,NA,NA,NA,0
92,6,21,NA,NA,NA,0
93,6,21,NA,NA,NA,0
94,6,21,NA,NA,NA,0
95,3,22,NA,NA,NA,0
96,3,22,NA,NA,NA,0
97,3,22,NA,NA,NA,0
98,3,23,NA,NA,NA,0
99,3,23,NA,NA,NA,0
100,3,23,NA,NA,NA,0
101,3,24,NA,NA,NA,0
102,3,24,NA,NA,NA,0
103,3,24,NA,NA,NA,0
104,4,25,"E",309,3,0
105,4,25,NA,NA,NA,0
106,4,25,NA,NA,NA,0
107,4,25,NA,NA,NA,0
108,4,26,NA,NA,NA,0
109,4,26,NA,NA,NA,0
110,4,26,NA,NA,NA,0
111,4,26,"E",NA,NA,0
112,6,27,NA,NA,NA,0
113,6,27,NA,NA,NA,0
114,6,27,NA,NA,NA,0
115,6,27,NA,NA,NA,0
116,6,27,NA,NA,NA,0
117,6,27,NA,NA,NA,0
118,5,28,NA,NA,NA,0
119,5,28,NA,NA,NA,0
120,5,28,NA,NA,NA,0
121,5,28,NA,NA,NA,0
122,5,28,NA,NA,NA,0
123,6,29,NA,NA,NA,0
124,6,29,NA,NA,NA,0
125,6,29,NA,NA,NA,0
126,6,29,NA,NA,NA,0
127,6,29,NA,NA,NA,0
128,6,29,NA,NA,NA,0
129,6,30,"E",304,5,1
130,6,30,NA,NA,NA,0
131,6,30,"H",350,2,0
132,6,30,NA,NA,NA,0
133,6,30,"H",326,4,2
134,6,30,"H",NA,NA,0
135,4,31,NA,NA,NA,0
136,4,31,NA,NA,NA,0
137,4,31,NA,NA,NA,0
138,4,31,NA,NA,NA,0
139,3,32,NA,NA,NA,0
140,3,32,NA,NA,NA,0
141,3,32,NA,NA,NA,0
142,3,33,NA,NA,NA,0
143,3,33,NA,NA,NA,0
144,3,33,NA,NA,NA,0
145,3,34,NA,NA,NA,0
146,3,34,NA,NA,NA,0
147,3,34,NA,NA,NA,0
148,6,35,NA,NA,NA,0
149,6,35,NA,NA,NA,0
150,6,35,NA,NA,NA,0
151,6,35,NA,NA,NA,0
152,6,35,NA,NA,NA,0
153,6,35,NA,NA,NA,0
154,5,36,NA,NA,NA,0
155,5,36,NA,NA,NA,0
156,5,36,NA,NA,NA,0
157,5,36,NA,NA,NA,0
158,5,36,NA,NA,NA,0
159,3,37,"E",NA,NA,0
160,3,37,NA,NA,NA,0
161,3,37,NA,NA,NA,0
162,5,38,NA,NA,NA,0
163,5,38,NA,NA,NA,0
164,5,38,NA,NA,NA,0
165,5,38,NA,NA,NA,0
166,5,38,NA,NA,NA,0
167,6,39,NA,NA,NA,0
168,6,39,NA,NA,NA,0
169,6,39,NA,NA,NA,0
170,6,39,NA,NA,NA,0
171,6,39,NA,NA,NA,0
172,6,39,NA,NA,NA,0
173,6,40,NA,NA,NA,0
174,6,40,NA,NA,NA,0
175,6,40,NA,NA,NA,0
176,6,40,NA,NA,NA,0
177,6,40,NA,NA,NA,0
178,6,40,NA,NA,NA,0
179,3,41,NA,NA,NA,0
180,3,41,NA,NA,NA,0
181,3,41,NA,NA,NA,0
182,4,42,"H",335,2,2
183,4,42,"E",290,3,1
184,4,42,"H",NA,NA,0
185,4,42,"H",NA,NA,0
186,6,43,NA,NA,NA,0
187,6,43,NA,NA,NA,0
188,6,43,NA,NA,NA,0
189,6,43,NA,NA,NA,0
190,6,43,NA,NA,NA,0
191,6,43,NA,NA,NA,0
192,3,44,NA,NA,NA,0
193,3,44,NA,NA,NA,0
194,3,44,NA,NA,NA,0
195,3,45,NA,NA,NA,0
196,3,45,NA,NA,NA,0
197,3,45,NA,NA,NA,0
198,5,46,NA,NA,NA,0
199,5,46,NA,NA,NA,0
200,5,46,NA,NA,NA,0
201,5,46,NA,NA,NA,0
202,5,46,NA,NA,NA,0
203,3,47,NA,NA,NA,0
204,3,47,NA,NA,NA,0
205,3,47,NA,NA,NA,0
206,6,48,NA,NA,NA,0
207,6,48,NA,NA,NA,0
208,6,48,NA,NA,NA,0
209,6,48,NA,NA,NA,0
210,6,48,NA,NA,NA,0
211,6,48,NA,NA,NA,0
212,5,49,NA,NA,NA,0
213,5,49,NA,NA,NA,0
214,5,49,NA,NA,NA,0
215,5,49,NA,NA,NA,0
216,5,49,NA,NA,NA,0
217,4,50,NA,NA,NA,0
218,4,50,NA,NA,NA,0
219,4,50,NA,NA,NA,0
220,4,50,NA,NA,NA,0
221,3,51,NA,NA,NA,0
222,3,51,NA,NA,NA,0
223,3,51,NA,NA,NA,0
224,5,52,NA,NA,NA,0
225,5,52,NA,NA,NA,0
226,5,52,NA,NA,NA,0
227,5,52,NA,NA,NA,0
228,5,52,NA,NA,NA,0
229,4,53,NA,NA,NA,0
230,4,53,NA,NA,NA,0
231,4,53,NA,NA,NA,0
232,4,53,NA,NA,NA,0
233,3,54,NA,NA,NA,0
234,3,54,NA,NA,NA,0
235,3,54,NA,NA,NA,0
236,3,55,NA,NA,NA,0
237,3,55,NA,NA,NA,0
238,3,55,NA,NA,NA,0
239,5,56,NA,NA,NA,0
240,5,56,NA,NA,NA,0
241,5,56,"E",316,4,0
242,5,56,NA,NA,NA,0
243,5,56,NA,NA,NA,0
244,3,57,NA,NA,NA,0
245,3,57,NA,NA,NA,0
246,3,57,NA,NA,NA,0
247,5,58,NA,NA,NA,0
248,5,58,NA,NA,NA,0
249,5,58,NA,NA,NA,0
250,5,58,NA,NA,NA,0
251,5,58,NA,NA,NA,0
252,4,59,NA,NA,NA,0
253,4,59,NA,NA,NA,0
254,4,59,NA,NA,NA,0
255,4,59,NA,NA,NA,0
256,4,60,NA,NA,NA,0
257,4,60,NA,NA,NA,0
258,4,60,NA,NA,NA,0
259,4,60,NA,NA,NA,0
260,4,61,NA,NA,NA,0
261,4,61,NA,NA,NA,0
262,4,61,NA,NA,NA,0
263,4,61,NA,NA,NA,0
264,6,62,NA,NA,NA,0
265,6,62,NA,NA,NA,0
266,6,62,"E",NA,NA,0
267,6,62,NA,NA,NA,0
268,6,62,NA,NA,NA,0
269,6,62,NA,NA,NA,0
270,4,63,NA,NA,NA,0
271,4,63,NA,NA,NA,0
272,4,63,NA,NA,NA,0
273,4,63,NA,NA,NA,0
274,3,64,NA,NA,NA,0
275,3,64,NA,NA,NA,0
276,3,64,NA,NA,NA,0
277,3,65,NA,NA,NA,0
278,3,65,NA,NA,NA,0
279,3,65,NA,NA,NA,0
280,6,66,NA,NA,NA,0
281,6,66,"E",233,4,1
282,6,66,"H",295,2,0
283,6,66,NA,NA,NA,0
284,6,66,"H",267,3,1
285,6,66,"E",234,4,0
286,5,67,"E",NA,NA,0
287,5,67,NA,NA,NA,0
288,5,67,NA,NA,NA,0
289,5,67,NA,NA,NA,0
290,5,67,NA,NA,NA,0
291,6,68,"E",265,5,0
292,6,68,NA,NA,NA,0
293,6,68,NA,NA,NA,0
294,6,68,NA,NA,NA,0
295,6,68,NA,NA,NA,0
296,6,68,NA,NA,NA,0
297,3,69,"E",265,2,0
298,3,69,NA,NA,NA,0
299,3,69,NA,NA,NA,0
300,3,70,NA,NA,NA,0
301,3,70,NA,NA,NA,0
302,3,70,NA,NA,NA,0
303,5,71,NA,NA,NA,0
304,5,71,"E",215,4,0
305,5,71,NA,NA,NA,0
306,5,71,NA,NA,NA,0
307,5,71,NA,NA,NA,0
308,4,72,NA,NA,NA,0
309,4,72,NA,NA,NA,0
310,4,72,NA,NA,NA,0
311,4,72,NA,NA,NA,0
312,4,73,NA,NA,NA,0
313,4,73,NA,NA,NA,0
314,4,73,NA,NA,NA,0
315,4,73,NA,NA,NA,0
316,5,74,NA,NA,NA,0
317,5,74,NA,NA,NA,0
318,5,74,NA,NA,NA,0
319,5,74,NA,NA,NA,0
320,5,74,NA,NA,NA,0
321,4,75,NA,NA,NA,0
322,4,75,NA,NA,NA,0
323,4,75,NA,NA,NA,0
324,4,75,NA,NA,NA,0
325,3,76,NA,NA,NA,0
326,3,76,NA,NA,NA,0
327,3,76,NA,NA,NA,0
328,4,77,NA,NA,NA,0
329,4,77,NA,NA,NA,0
330,4,77,NA,NA,NA,0
331,4,77,NA,NA,NA,0
332,6,78,NA,NA,NA,0
333,6,78,NA,NA,NA,0
334,6,78,NA,NA,NA,0
335,6,78,NA,NA,NA,0
336,6,78,"E",31,5,0
337,6,78,NA,NA,NA,0
338,4,79,NA,NA,NA,0
339,4,79,NA,NA,NA,0
340,4,79,NA,NA,NA,0
341,4,79,NA,NA,NA,0
342,5,80,NA,NA,NA,0
343,5,80,NA,NA,NA,0
344,5,80,NA,NA,NA,0
345,5,80,NA,NA,NA,0
346,5,80,NA,NA,NA,0
347,5,81,NA,NA,NA,0
348,5,81,NA,NA,NA,0
349,5,81,NA,NA,NA,0
350,5,81,NA,NA,NA,0
351,5,81,NA,NA,NA,0
352,3,82,NA,NA,NA,0
353,3,82,NA,NA,NA,0
354,3,82,NA,NA,NA,0
355,3,83,NA,NA,NA,0
356,3,83,NA,NA,NA,0
357,3,83,NA,NA,NA,0
358,6,84,"E",192,5,0
359,6,84,NA,NA,NA,0
360,6,84,NA,NA,NA,0
361,6,84,NA,NA,NA,0
362,6,84,NA,NA,NA,0
363,6,84,NA,NA,NA,0
364,3,85,NA,NA,NA,0
365,3,85,NA,NA,NA,0
366,3,85,NA,NA,NA,0
367,5,86,NA,NA,NA,0
368,5,86,NA,NA,NA,0
369,5,86,NA,NA,NA,0
370,5,86,NA,NA,NA,0
371,5,86,NA,NA,NA,0
372,6,87,NA,NA,NA,0
373,6,87,NA,NA,NA,0
374,6,87,"H",147,4,0
375,6,87,NA,NA,NA,0
376,6,87,"E",119,5,1
377,6,87,NA,NA,NA,0
378,4,88,NA,NA,NA,0
379,4,88,NA,NA,NA,0
380,4,88,NA,NA,NA,0
381,4,88,NA,NA,NA,0
382,3,89,NA,NA,NA,0
383,3,89,NA,NA,NA,0
384,3,89,NA,NA,NA,0
385,6,90,NA,NA,NA,0
386,6,90,NA,NA,NA,0
387,6,90,NA,NA,NA,0
388,6,90,NA,NA,NA,0
389,6,90,NA,NA,NA,0
390,6,90,NA,NA,NA,0
391,5,91,NA,NA,NA,0
392,5,91,NA,NA,NA,0
393,5,91,NA,NA,NA,0
394,5,91,NA,NA,NA,0
395,5,91,NA,NA,NA,0
396,4,92,NA,NA,NA,0
397,4,92,NA,NA,NA,0
398,4,92,NA,NA,NA,0
399,4,92,NA,NA,NA,0
400,4,93,NA,NA,NA,0
401,4,93,NA,NA,NA,0
402,4,93,NA,NA,NA,0
403,4,93,NA,NA,NA,0
404,4,94,NA,NA,NA,0
405,4,94,NA,NA,NA,0
406,4,94,NA,NA,NA,0
407,4,94,NA,NA,NA,0
408,6,95,NA,NA,NA,0
409,6,95,NA,NA,NA,0
410,6,95,NA,NA,NA,0
411,6,95,NA,NA,NA,0
412,6,95,NA,NA,NA,0
413,6,95,NA,NA,NA,0
414,5,96,NA,NA,NA,0
415,5,96,NA,NA,NA,0
416,5,96,NA,NA,NA,0
417,5,96,NA,NA,NA,0
418,5,96,NA,NA,NA,0
419,3,97,NA,NA,NA,0
420,3,97,NA,NA,NA,0
421,3,97,NA,NA,NA,0
422,3,98,NA,NA,NA,0
423,3,98,NA,NA,NA,0
424,3,98,NA,NA,NA,0
425,6,99,NA,NA,NA,0
426,6,99,NA,NA,NA,0
427,6,99,NA,NA,NA,0
428,6,99,NA,NA,NA,0
429,6,99,NA,NA,NA,0
430,6,99,NA,NA,NA,0
431,6,100,NA,NA,NA,0
432,6,100,NA,NA,NA,0
433,6,100,NA,NA,NA,0
434,6,100,NA,NA,NA,0
435,6,100,NA,NA,NA,0
436,6,100,NA,NA,NA,0
437,3,101,NA,NA,NA,0
438,3,101,NA,NA,NA,0
439,3,101,NA,NA,NA,0
440,4,102,NA,NA,NA,0
441,4,102,NA,NA,NA,0
442,4,102,NA,NA,NA,0
443,4,102,NA,NA,NA,0
444,3,103,NA,NA,NA,0
445,3,103,NA,NA,NA,0
446,3,103,NA,NA,NA,0
447,4,104,NA,NA,NA,0
448,4,104,NA,NA,NA,0
449,4,104,NA,NA,NA,0
450,4,104,NA,NA,NA,0
451,5,105,NA,NA,NA,0
452,5,105,NA,NA,NA,0
453,5,105,NA,NA,NA,0
454,5,105,NA,NA,NA,0
455,5,105,NA,NA,NA,0
456,5,106,NA,NA,NA,0
457,5,106,NA,NA,NA,0
458,5,106,NA,NA,NA,0
459,5,106,NA,NA,NA,0
460,5,106,NA,NA,NA,0
461,4,107,"E",270,3,0
462,4,107,NA,NA,NA,0
463,4,107,NA,NA,NA,0
464,4,107,NA,NA,NA,0
465,5,108,NA,NA,NA,0
466,5,108,NA,NA,NA,0
467,5,108,NA,NA,NA,0
468,5,108,NA,NA,NA,0
469,5,108,"E",174,4,0
470,6,109,NA,NA,NA,0
471,6,109,NA,NA,NA,0
472,6,109,NA,NA,NA,0
473,6,109,NA,NA,NA,0
474,6,109,NA,NA,NA,0
475,6,109,NA,NA,NA,0
476,5,110,NA,NA,NA,0
477,5,110,NA,NA,NA,0
478,5,110,NA,NA,NA,0
479,5,110,NA,NA,NA,0
480,5,110,NA,NA,NA,0
481,6,111,"E",307,4,0
482,6,111,NA,NA,NA,0
483,6,111,NA,NA,NA,0
484,6,111,NA,NA,NA,0
485,6,111,NA,NA,NA,0
486,6,111,"E",291,4,0
487,6,112,NA,NA,NA,0
488,6,112,NA,NA,NA,0
489,6,112,NA,NA,NA,0
490,6,112,NA,NA,NA,0
491,6,112,NA,NA,NA,0
492,6,112,NA,NA,NA,0
493,3,113,NA,NA,NA,0
494,3,113,NA,NA,NA,0
495,3,113,NA,NA,NA,0
496,5,114,NA,NA,NA,0
497,5,114,NA,NA,NA,0
498,5,114,NA,NA,NA,0
499,5,114,NA,NA,NA,0
500,5,114,NA,NA,NA,0
501,4,115,"H",337,2,0
502,4,115,NA,NA,NA,0
503,4,115,NA,NA,NA,0
504,4,115,"E",296,3,1
505,3,116,"H",261,1,0
506,3,116,"E",234,2,1
507,3,116,NA,NA,NA,0
508,4,117,"E",74,3,1
509,4,117,"H",95,2,0
510,4,117,NA,NA,NA,0
511,4,117,NA,NA,NA,0
512,5,118,NA,NA,NA,0
513,5,118,NA,NA,NA,0
514,5,118,NA,NA,NA,0
515,5,118,NA,NA,NA,0
516,5,118,NA,NA,NA,0
517,5,119,NA,NA,NA,0
518,5,119,NA,NA,NA,0
519,5,119,NA,NA,NA,0
520,5,119,NA,NA,NA,0
521,5,119,NA,NA,NA,0
522,6,120,NA,NA,NA,0
523,6,120,NA,NA,NA,0
524,6,120,NA,NA,NA,0
525,6,120,NA,NA,NA,0
526,6,120,NA,NA,NA,0
527,6,120,NA,NA,NA,0
528,6,121,NA,NA,NA,0
529,6,121,NA,NA,NA,0
530,6,121,NA,NA,NA,0
531,6,121,NA,NA,NA,0
532,6,121,NA,NA,NA,0
533,6,121,NA,NA,NA,0
534,4,122,NA,NA,NA,0
535,4,122,NA,NA,NA,0
536,4,122,NA,NA,NA,0
537,4,122,NA,NA,NA,0
538,4,123,NA,NA,NA,0
539,4,123,NA,NA,NA,0
540,4,123,NA,NA,NA,0
541,4,123,NA,NA,NA,0
542,3,124,NA,NA,NA,0
543,3,124,NA,NA,NA,0
544,3,124,NA,NA,NA,0
545,6,125,NA,NA,NA,0
546,6,125,NA,NA,NA,0
547,6,125,NA,NA,NA,0
548,6,125,NA,NA,NA,0
549,6,125,NA,NA,NA,0
550,6,125,"E",NA,NA,0
551,6,126,NA,NA,NA,0
552,6,126,NA,NA,NA,0
553,6,126,NA,NA,NA,0
554,6,126,NA,NA,NA,0
555,6,126,NA,NA,NA,0
556,6,126,NA,NA,NA,0
557,5,127,NA,NA,NA,0
558,5,127,NA,NA,NA,0
559,5,127,NA,NA,NA,0
560,5,127,NA,NA,NA,0
561,5,127,NA,NA,NA,0
562,6,128,NA,NA,NA,0
563,6,128,NA,NA,NA,0
564,6,128,NA,NA,NA,0
565,6,128,NA,NA,NA,0
566,6,128,NA,NA,NA,0
567,6,128,NA,NA,NA,0
568,5,129,NA,NA,NA,0
569,5,129,NA,NA,NA,0
570,5,129,NA,NA,NA,0
571,5,129,NA,NA,NA,0
572,5,129,NA,NA,NA,0
573,6,130,NA,NA,NA,0
574,6,130,NA,NA,NA,0
575,6,130,NA,NA,NA,0
576,6,130,"E",NA,NA,0
577,6,130,NA,NA,NA,0
578,6,130,NA,NA,NA,0
579,5,131,NA,NA,NA,0
580,5,131,NA,NA,NA,0
581,5,131,NA,NA,NA,0
582,5,131,NA,NA,NA,0
583,5,131,NA,NA,NA,0
584,3,132,NA,NA,NA,0
585,3,132,"E",211,2,0
586,3,132,NA,NA,NA,0
587,4,133,NA,NA,NA,0
588,4,133,NA,NA,NA,0
589,4,133,NA,NA,NA,0
590,4,133,NA,NA,NA,0
591,4,134,NA,NA,NA,0
592,4,134,NA,NA,NA,0
593,4,134,NA,NA,NA,0
594,4,134,NA,NA,NA,0
595,4,135,NA,NA,NA,0
596,4,135,NA,NA,NA,0
597,4,135,NA,NA,NA,0
598,4,135,NA,NA,NA,0
599,6,136,"E",308,5,0
600,6,136,NA,NA,NA,0
601,6,136,NA,NA,NA,0
602,6,136,NA,NA,NA,0
603,6,136,NA,NA,NA,0
604,6,136,NA,NA,NA,0
605,5,137,NA,NA,NA,0
606,5,137,NA,NA,NA,0
607,5,137,"E",197,4,0
608,5,137,NA,NA,NA,0
609,5,137,NA,NA,NA,0
610,3,138,NA,NA,NA,0
611,3,138,NA,NA,NA,0
612,3,138,NA,NA,NA,0
613,4,139,NA,NA,NA,0
614,4,139,NA,NA,NA,0
615,4,139,NA,NA,NA,0
616,4,139,NA,NA,NA,0
617,5,140,NA,NA,NA,0
618,5,140,NA,NA,NA,0
619,5,140,NA,NA,NA,0
620,5,140,NA,NA,NA,0
621,5,140,NA,NA,NA,0
622,3,141,"E",315,2,0
623,3,141,NA,NA,NA,0
624,3,141,"E",NA,NA,0
625,4,142,NA,NA,NA,0
626,4,142,NA,NA,NA,0
627,4,142,NA,NA,NA,0
628,4,142,NA,NA,NA,0
629,4,143,NA,NA,NA,0
630,4,143,NA,NA,NA,0
631,4,143,NA,NA,NA,0
632,4,143,"E",273,3,0
633,4,144,"E",317,3,0
634,4,144,NA,NA,NA,0
635,4,144,NA,NA,NA,0
636,4,144,NA,NA,NA,0
637,4,145,NA,NA,NA,0
638,4,145,NA,NA,NA,0
639,4,145,NA,NA,NA,0
640,4,145,NA,NA,NA,0
641,4,146,NA,NA,NA,0
642,4,146,NA,NA,NA,0
643,4,146,NA,NA,NA,0
644,4,146,NA,NA,NA,0
645,3,147,NA,NA,NA,0
646,3,147,NA,NA,NA,0
647,3,147,NA,NA,NA,0
648,3,148,NA,NA,NA,0
649,3,148,NA,NA,NA,0
650,3,148,NA,NA,NA,0
651,4,149,NA,NA,NA,0
652,4,149,NA,NA,NA,0
653,4,149,NA,NA,NA,0
654,4,149,NA,NA,NA,0
655,3,150,NA,NA,NA,0
656,3,150,NA,NA,NA,0
657,3,150,NA,NA,NA,0
658,4,151,NA,NA,NA,0
659,4,151,NA,NA,NA,0
660,4,151,NA,NA,NA,0
661,4,151,NA,NA,NA,0
662,5,152,NA,NA,NA,0
663,5,152,NA,NA,NA,0
664,5,152,NA,NA,NA,0
665,5,152,NA,NA,NA,0
666,5,152,NA,NA,NA,0
667,5,153,NA,NA,NA,0
668,5,153,NA,NA,NA,0
669,5,153,NA,NA,NA,0
670,5,153,NA,NA,NA,0
671,5,153,NA,NA,NA,0
672,4,154,NA,NA,NA,0
673,4,154,NA,NA,NA,0
674,4,154,NA,NA,NA,0
675,4,154,NA,NA,NA,0
676,3,155,NA,NA,NA,0
677,3,155,NA,NA,NA,0
678,3,155,NA,NA,NA,0
679,6,156,NA,NA,NA,0
680,6,156,NA,NA,NA,0
681,6,156,NA,NA,NA,0
682,6,156,NA,NA,NA,0
683,6,156,NA,NA,NA,0
684,6,156,NA,NA,NA,0
685,6,157,NA,NA,NA,0
686,6,157,NA,NA,NA,0
687,6,157,NA,NA,NA,0
688,6,157,"E",318,5,0
689,6,157,NA,NA,NA,0
690,6,157,NA,NA,NA,0
691,6,158,NA,NA,NA,0
692,6,158,NA,NA,NA,0
693,6,158,NA,NA,NA,0
694,6,158,NA,NA,NA,0
695,6,158,NA,NA,NA,0
696,6,158,NA,NA,NA,0
697,3,159,NA,NA,NA,0
698,3,159,NA,NA,NA,0
699,3,159,NA,NA,NA,0
700,6,160,NA,NA,NA,0
701,6,160,NA,NA,NA,0
702,6,160,NA,NA,NA,0
703,6,160,NA,NA,NA,0
704,6,160,NA,NA,NA,0
705,6,160,NA,NA,NA,0
706,5,161,NA,NA,NA,0
707,5,161,NA,NA,NA,0
708,5,161,NA,NA,NA,0
709,5,161,NA,NA,NA,0
710,5,161,NA,NA,NA,0
711,4,162,NA,NA,NA,0
712,4,162,NA,NA,NA,0
713,4,162,NA,NA,NA,0
714,4,162,NA,NA,NA,0
715,3,163,NA,NA,NA,0
716,3,163,NA,NA,NA,0
717,3,163,NA,NA,NA,0
718,4,164,NA,NA,NA,0
719,4,164,NA,NA,NA,0
720,4,164,NA,NA,NA,0
721,4,164,"E",212,3,0
722,6,165,NA,NA,NA,0
723,6,165,NA,NA,NA,0
724,6,165,NA,NA,NA,0
725,6,165,NA,NA,NA,0
726,6,165,NA,NA,NA,0
727,6,165,NA,NA,NA,0
728,3,166,NA,NA,NA,0
729,3,166,NA,NA,NA,0
730,3,166,NA,NA,NA,0
731,3,167,NA,NA,NA,0
732,3,167,NA,NA,NA,0
733,3,167,NA,NA,NA,0
734,4,168,NA,NA,NA,0
735,4,168,NA,NA,NA,0
736,4,168,NA,NA,NA,0
737,4,168,NA,NA,NA,0
738,4,169,NA,NA,NA,0
739,4,169,NA,NA,NA,0
740,4,169,NA,NA,NA,0
741,4,169,NA,NA,NA,0
742,4,170,NA,NA,NA,0
743,4,170,"E",NA,NA,0
744,4,170,NA,NA,NA,0
745,4,170,NA,NA,NA,0
746,5,171,NA,NA,NA,0
747,5,171,NA,NA,NA,0
748,5,171,NA,NA,NA,0
749,5,171,NA,NA,NA,0
750,5,171,NA,NA,NA,0
751,4,172,NA,NA,NA,0
752,4,172,NA,NA,NA,0
753,4,172,NA,NA,NA,0
754,4,172,NA,NA,NA,0
755,5,173,NA,NA,NA,0
756,5,173,NA,NA,NA,0
757,5,173,NA,NA,NA,0
758,5,173,NA,NA,NA,0
759,5,173,NA,NA,NA,0
760,6,174,NA,NA,NA,0
761,6,174,NA,NA,NA,0
762,6,174,NA,NA,NA,0
763,6,174,NA,NA,NA,0
764,6,174,NA,NA,NA,0
765,6,174,NA,NA,NA,0
766,4,175,NA,NA,NA,0
767,4,175,NA,NA,NA,0
768,4,175,NA,NA,NA,0
769,4,175,NA,NA,NA,0
770,5,176,NA,NA,NA,0
771,5,176,NA,NA,NA,0
772,5,176,NA,NA,NA,0
773,5,176,NA,NA,NA,0
774,5,176,NA,NA,NA,0
775,4,177,NA,NA,NA,0
776,4,177,NA,NA,NA,0
777,4,177,NA,NA,NA,0
778,4,177,NA,NA,NA,0
779,6,178,NA,NA,NA,0
780,6,178,"H",257,4,0
781,6,178,NA,NA,NA,0
782,6,178,NA,NA,NA,0
783,6,178,"E",231,5,1
784,6,178,NA,NA,NA,0
785,3,179,NA,NA,NA,0
786,3,179,NA,NA,NA,0
787,3,179,NA,NA,NA,0
788,3,180,NA,NA,NA,0
789,3,180,NA,NA,NA,0
790,3,180,NA,NA,NA,0
791,4,181,NA,NA,NA,0
792,4,181,NA,NA,NA,0
793,4,181,NA,NA,NA,0
794,4,181,NA,NA,NA,0
795,6,182,NA,NA,NA,0
796,6,182,NA,NA,NA,0
797,6,182,NA,NA,NA,0
798,6,182,NA,NA,NA,0
799,6,182,NA,NA,NA,0
800,6,182,NA,NA,NA,0
801,6,183,NA,NA,NA,0
802,6,183,NA,NA,NA,0
803,6,183,NA,NA,NA,0
804,6,183,NA,NA,NA,0
805,6,183,NA,NA,NA,0
806,6,183,NA,NA,NA,0
807,5,184,NA,NA,NA,0
808,5,184,NA,NA,NA,0
809,5,184,NA,NA,NA,0
810,5,184,NA,NA,NA,0
811,5,184,NA,NA,NA,0
812,3,185,NA,NA,NA,0
813,3,185,NA,NA,NA,0
814,3,185,NA,NA,NA,0
815,6,186,NA,NA,NA,0
816,6,186,NA,NA,NA,0
817,6,186,NA,NA,NA,0
818,6,186,NA,NA,NA,0
819,6,186,NA,NA,NA,0
820,6,186,NA,NA,NA,0
821,5,187,NA,NA,NA,0
822,5,187,NA,NA,NA,0
823,5,187,NA,NA,NA,0
824,5,187,NA,NA,NA,0
825,5,187,NA,NA,NA,0
826,6,188,NA,NA,NA,0
827,6,188,NA,NA,NA,0
828,6,188,NA,NA,NA,0
829,6,188,NA,NA,NA,0
830,6,188,NA,NA,NA,0
831,6,188,NA,NA,NA,0
832,5,189,NA,NA,NA,0
833,5,189,NA,NA,NA,0
834,5,189,NA,NA,NA,0
835,5,189,NA,NA,NA,0
836,5,189,NA,NA,NA,0
837,5,190,NA,NA,NA,0
838,5,190,NA,NA,NA,0
839,5,190,NA,NA,NA,0
840,5,190,NA,NA,NA,0
841,5,190,NA,NA,NA,0
842,6,191,NA,NA,NA,0
843,6,191,NA,NA,NA,0
844,6,191,NA,NA,NA,0
845,6,191,NA,NA,NA,0
846,6,191,NA,NA,NA,0
847,6,191,NA,NA,NA,0
848,4,192,"E",266,2,0
849,4,192,NA,NA,NA,0
850,4,192,"E",83,3,0
851,4,192,NA,NA,NA,0
852,5,193,NA,NA,NA,0
853,5,193,NA,NA,NA,0
854,5,193,NA,NA,NA,0
855,5,193,NA,NA,NA,0
856,5,193,NA,NA,NA,0
857,5,194,NA,NA,NA,0
858,5,194,NA,NA,NA,0
859,5,194,NA,NA,NA,0
860,5,194,NA,NA,NA,0
861,5,194,NA,NA,NA,0
862,5,195,NA,NA,NA,0
863,5,195,NA,NA,NA,0
864,5,195,NA,NA,NA,0
865,5,195,NA,NA,NA,0
866,5,195,NA,NA,NA,0
867,4,196,NA,NA,NA,0
868,4,196,NA,NA,NA,0
869,4,196,NA,NA,NA,0
870,4,196,"E",135,3,0
871,4,197,"E",225,3,0
872,4,197,NA,NA,NA,0
873,4,197,NA,NA,NA,0
874,4,197,NA,NA,NA,0
875,4,198,NA,NA,NA,0
876,4,198,NA,NA,NA,0
877,4,198,NA,NA,NA,0
878,4,198,NA,NA,NA,0
879,6,199,NA,NA,NA,0
880,6,199,NA,NA,NA,0
881,6,199,NA,NA,NA,0
882,6,199,NA,NA,NA,0
883,6,199,NA,NA,NA,0
884,6,199,NA,NA,NA,0
885,4,200,NA,NA,NA,0
886,4,200,NA,NA,NA,0
887,4,200,NA,NA,NA,0
888,4,200,NA,NA,NA,0
889,6,201,NA,NA,NA,0
890,6,201,NA,NA,NA,0
891,6,201,NA,NA,NA,0
892,6,201,NA,NA,NA,0
893,6,201,NA,NA,NA,0
894,6,201,NA,NA,NA,0
895,3,202,NA,NA,NA,0
896,3,202,NA,NA,NA,0
897,3,202,"E",100,2,0
898,3,203,NA,NA,NA,0
899,3,203,NA,NA,NA,0
900,3,203,NA,NA,NA,0
901,6,204,NA,NA,NA,0
902,6,204,NA,NA,NA,0
903,6,204,NA,NA,NA,0
904,6,204,NA,NA,NA,0
905,6,204,"E",246,5,0
906,6,204,NA,NA,NA,0
907,6,205,NA,NA,NA,0
908,6,205,NA,NA,NA,0
909,6,205,NA,NA,NA,0
910,6,205,NA,NA,NA,0
911,6,205,NA,NA,NA,0
912,6,205,NA,NA,NA,0
913,3,206,NA,NA,NA,0
914,3,206,NA,NA,NA,0
915,3,206,NA,NA,NA,0
916,5,207,NA,NA,NA,0
917,5,207,NA,NA,NA,0
918,5,207,NA,NA,NA,0
919,5,207,NA,NA,NA,0
920,5,207,NA,NA,NA,0
921,5,208,NA,NA,NA,0
922,5,208,NA,NA,NA,0
923,5,208,NA,NA,NA,0
924,5,208,NA,NA,NA,0
925,5,208,NA,NA,NA,0
926,6,209,NA,NA,NA,0
927,6,209,NA,NA,NA,0
928,6,209,NA,NA,NA,0
929,6,209,NA,NA,NA,0
930,6,209,NA,NA,NA,0
931,6,209,NA,NA,NA,0
932,6,210,NA,NA,NA,0
933,6,210,NA,NA,NA,0
934,6,210,NA,NA,NA,0
935,6,210,NA,NA,NA,0
936,6,210,NA,NA,NA,0
937,6,210,NA,NA,NA,0
938,5,211,NA,NA,NA,0
939,5,211,NA,NA,NA,0
940,5,211,NA,NA,NA,0
941,5,211,"E",263,3,0
942,5,211,"E",251,3,0
943,3,212,NA,NA,NA,0
944,3,212,NA,NA,NA,0
945,3,212,"E",142,2,0
946,3,213,NA,NA,NA,0
947,3,213,NA,NA,NA,0
948,3,213,NA,NA,NA,0
949,4,214,NA,NA,NA,0
950,4,214,NA,NA,NA,0
951,4,214,NA,NA,NA,0
952,4,214,NA,NA,NA,0
953,5,215,NA,NA,NA,0
954,5,215,NA,NA,NA,0
955,5,215,NA,NA,NA,0
956,5,215,NA,NA,NA,0
957,5,215,NA,NA,NA,0
958,6,216,"E",81,5,1
959,6,216,NA,NA,NA,0
960,6,216,NA,NA,NA,0
961,6,216,NA,NA,NA,0
962,6,216,"H",135,4,1
963,6,216,"H",175,3,0
964,4,217,NA,NA,NA,0
965,4,217,NA,NA,NA,0
966,4,217,NA,NA,NA,0
967,4,217,NA,NA,NA,0
968,5,218,"E",123,4,0
969,5,218,NA,NA,NA,0
970,5,218,NA,NA,NA,0
971,5,218,NA,NA,NA,0
972,5,218,NA,NA,NA,0
973,6,219,NA,NA,NA,0
974,6,219,NA,NA,NA,0
975,6,219,NA,NA,NA,0
976,6,219,NA,NA,NA,0
977,6,219,NA,NA,NA,0
978,6,219,NA,NA,NA,0
979,3,220,NA,NA,NA,0
980,3,220,NA,NA,NA,0
981,3,220,"E",239,2,0
982,6,221,NA,NA,NA,0
983,6,221,NA,NA,NA,0
984,6,221,NA,NA,NA,0
985,6,221,NA,NA,NA,0
986,6,221,NA,NA,NA,0
987,6,221,NA,NA,NA,0
988,4,222,NA,NA,NA,0
989,4,222,NA,NA,NA,0
990,4,222,NA,NA,NA,0
991,4,222,NA,NA,NA,0
992,3,223,NA,NA,NA,0
993,3,223,NA,NA,NA,0
994,3,223,NA,NA,NA,0
995,6,224,NA,NA,NA,0
996,6,224,NA,NA,NA,0
997,6,224,NA,NA,NA,0
998,6,224,NA,NA,NA,0
999,6,224,NA,NA,NA,0
1000,6,224,NA,NA,NA,0
