"ID","SIZE","HH","TYPE","TIME","S_num","I_num"
1,4,1,"0",22,3,1
2,4,1,"H",130,1,0
3,4,1,"H",100,2,1
4,4,1,NA,NA,NA,0
5,6,2,NA,NA,NA,0
6,6,2,NA,NA,NA,0
7,6,2,NA,NA,NA,0
8,6,2,NA,NA,NA,0
9,6,2,NA,NA,NA,0
10,6,2,NA,NA,NA,0
11,5,3,NA,NA,NA,0
12,5,3,NA,NA,NA,0
13,5,3,NA,NA,NA,0
14,5,3,NA,NA,NA,0
15,5,3,NA,NA,NA,0
16,3,4,NA,NA,NA,0
17,3,4,NA,NA,NA,0
18,3,4,NA,NA,NA,0
19,3,5,NA,NA,NA,0
20,3,5,NA,NA,NA,0
21,3,5,NA,NA,NA,0
22,5,6,NA,NA,NA,0
23,5,6,NA,NA,NA,0
24,5,6,NA,NA,NA,0
25,5,6,NA,NA,NA,0
26,5,6,NA,NA,NA,0
27,4,7,NA,NA,NA,0
28,4,7,NA,NA,NA,0
29,4,7,NA,NA,NA,0
30,4,7,NA,NA,NA,0
31,5,8,NA,NA,NA,0
32,5,8,NA,NA,NA,0
33,5,8,NA,NA,NA,0
34,5,8,NA,NA,NA,0
35,5,8,NA,NA,NA,0
36,3,9,NA,NA,NA,0
37,3,9,NA,NA,NA,0
38,3,9,NA,NA,NA,0
39,3,10,NA,NA,NA,0
40,3,10,NA,NA,NA,0
41,3,10,NA,NA,NA,0
42,6,11,NA,NA,NA,0
43,6,11,NA,NA,NA,0
44,6,11,NA,NA,NA,0
45,6,11,NA,NA,NA,0
46,6,11,NA,NA,NA,0
47,6,11,NA,NA,NA,0
48,5,12,NA,NA,NA,0
49,5,12,NA,NA,NA,0
50,5,12,NA,NA,NA,0
51,5,12,NA,NA,NA,0
52,5,12,NA,NA,NA,0
53,6,13,NA,NA,NA,0
54,6,13,NA,NA,NA,0
55,6,13,NA,NA,NA,0
56,6,13,NA,NA,NA,0
57,6,13,NA,NA,NA,0
58,6,13,NA,NA,NA,0
59,6,14,NA,NA,NA,0
60,6,14,NA,NA,NA,0
61,6,14,NA,NA,NA,0
62,6,14,NA,NA,NA,0
63,6,14,NA,NA,NA,0
64,6,14,NA,NA,NA,0
65,6,15,NA,NA,NA,0
66,6,15,NA,NA,NA,0
67,6,15,NA,NA,NA,0
68,6,15,NA,NA,NA,0
69,6,15,NA,NA,NA,0
70,6,15,NA,NA,NA,0
71,3,16,NA,NA,NA,0
72,3,16,NA,NA,NA,0
73,3,16,NA,NA,NA,0
74,4,17,NA,NA,NA,0
75,4,17,NA,NA,NA,0
76,4,17,NA,NA,NA,0
77,4,17,NA,NA,NA,0
78,3,18,NA,NA,NA,0
79,3,18,NA,NA,NA,0
80,3,18,NA,NA,NA,0
81,5,19,NA,NA,NA,0
82,5,19,NA,NA,NA,0
83,5,19,NA,NA,NA,0
84,5,19,NA,NA,NA,0
85,5,19,NA,NA,NA,0
86,6,20,NA,NA,NA,0
87,6,20,NA,NA,NA,0
88,6,20,NA,NA,NA,0
89,6,20,NA,NA,NA,0
90,6,20,NA,NA,NA,0
91,6,20,NA,NA,NA,0
92,4,21,NA,NA,NA,0
93,4,21,NA,NA,NA,0
94,4,21,NA,NA,NA,0
95,4,21,NA,NA,NA,0
96,3,22,NA,NA,NA,0
97,3,22,NA,NA,NA,0
98,3,22,NA,NA,NA,0
99,4,23,NA,NA,NA,0
100,4,23,NA,NA,NA,0
101,4,23,NA,NA,NA,0
102,4,23,NA,NA,NA,0
103,5,24,NA,NA,NA,0
104,5,24,NA,NA,NA,0
105,5,24,NA,NA,NA,0
106,5,24,NA,NA,NA,0
107,5,24,NA,NA,NA,0
108,3,25,NA,NA,NA,0
109,3,25,NA,NA,NA,0
110,3,25,NA,NA,NA,0
111,6,26,NA,NA,NA,0
112,6,26,NA,NA,NA,0
113,6,26,NA,NA,NA,0
114,6,26,NA,NA,NA,0
115,6,26,NA,NA,NA,0
116,6,26,NA,NA,NA,0
117,3,27,NA,NA,NA,0
118,3,27,NA,NA,NA,0
119,3,27,NA,NA,NA,0
120,4,28,NA,NA,NA,0
121,4,28,NA,NA,NA,0
122,4,28,NA,NA,NA,0
123,4,28,NA,NA,NA,0
124,3,29,NA,NA,NA,0
125,3,29,NA,NA,NA,0
126,3,29,NA,NA,NA,0
127,3,30,"C",344,2,0
128,3,30,NA,NA,NA,0
129,3,30,NA,NA,NA,0
130,4,31,"H",307,1,0
131,4,31,"C",280,3,2
132,4,31,"H",333,1,0
133,4,31,NA,NA,NA,0
134,6,32,NA,NA,NA,0
135,6,32,NA,NA,NA,0
136,6,32,NA,NA,NA,0
137,6,32,NA,NA,NA,0
138,6,32,NA,NA,NA,0
139,6,32,NA,NA,NA,0
140,3,33,NA,NA,NA,0
141,3,33,NA,NA,NA,0
142,3,33,NA,NA,NA,0
143,4,34,NA,NA,NA,0
144,4,34,NA,NA,NA,0
145,4,34,NA,NA,NA,0
146,4,34,NA,NA,NA,0
147,3,35,NA,NA,NA,0
148,3,35,NA,NA,NA,0
149,3,35,NA,NA,NA,0
150,6,36,NA,NA,NA,0
151,6,36,NA,NA,NA,0
152,6,36,NA,NA,NA,0
153,6,36,NA,NA,NA,0
154,6,36,NA,NA,NA,0
155,6,36,NA,NA,NA,0
156,4,37,NA,NA,NA,0
157,4,37,NA,NA,NA,0
158,4,37,NA,NA,NA,0
159,4,37,NA,NA,NA,0
160,6,38,NA,NA,NA,0
161,6,38,NA,NA,NA,0
162,6,38,NA,NA,NA,0
163,6,38,NA,NA,NA,0
164,6,38,NA,NA,NA,0
165,6,38,NA,NA,NA,0
166,6,39,NA,NA,NA,0
167,6,39,NA,NA,NA,0
168,6,39,NA,NA,NA,0
169,6,39,NA,NA,NA,0
170,6,39,NA,NA,NA,0
171,6,39,NA,NA,NA,0
172,3,40,NA,NA,NA,0
173,3,40,NA,NA,NA,0
174,3,40,NA,NA,NA,0
175,4,41,NA,NA,NA,0
176,4,41,NA,NA,NA,0
177,4,41,"C",293,3,0
178,4,41,NA,NA,NA,0
179,6,42,NA,NA,NA,0
180,6,42,NA,NA,NA,0
181,6,42,NA,NA,NA,0
182,6,42,NA,NA,NA,0
183,6,42,NA,NA,NA,0
184,6,42,NA,NA,NA,0
185,3,43,NA,NA,NA,0
186,3,43,NA,NA,NA,0
187,3,43,NA,NA,NA,0
188,6,44,NA,NA,NA,0
189,6,44,NA,NA,NA,0
190,6,44,NA,NA,NA,0
191,6,44,NA,NA,NA,0
192,6,44,NA,NA,NA,0
193,6,44,NA,NA,NA,0
194,5,45,NA,NA,NA,0
195,5,45,NA,NA,NA,0
196,5,45,NA,NA,NA,0
197,5,45,NA,NA,NA,0
198,5,45,NA,NA,NA,0
199,6,46,NA,NA,NA,0
200,6,46,NA,NA,NA,0
201,6,46,NA,NA,NA,0
202,6,46,NA,NA,NA,0
203,6,46,NA,NA,NA,0
204,6,46,NA,NA,NA,0
205,4,47,NA,NA,NA,0
206,4,47,NA,NA,NA,0
207,4,47,NA,NA,NA,0
208,4,47,NA,NA,NA,0
209,5,48,NA,NA,NA,0
210,5,48,NA,NA,NA,0
211,5,48,NA,NA,NA,0
212,5,48,NA,NA,NA,0
213,5,48,NA,NA,NA,0
214,5,49,NA,NA,NA,0
215,5,49,NA,NA,NA,0
216,5,49,NA,NA,NA,0
217,5,49,NA,NA,NA,0
218,5,49,NA,NA,NA,0
219,3,50,NA,NA,NA,0
220,3,50,NA,NA,NA,0
221,3,50,NA,NA,NA,0
222,3,51,NA,NA,NA,0
223,3,51,NA,NA,NA,0
224,3,51,NA,NA,NA,0
225,5,52,NA,NA,NA,0
226,5,52,NA,NA,NA,0
227,5,52,NA,NA,NA,0
228,5,52,NA,NA,NA,0
229,5,52,NA,NA,NA,0
230,3,53,NA,NA,NA,0
231,3,53,NA,NA,NA,0
232,3,53,NA,NA,NA,0
233,4,54,NA,NA,NA,0
234,4,54,NA,NA,NA,0
235,4,54,NA,NA,NA,0
236,4,54,NA,NA,NA,0
237,3,55,NA,NA,NA,0
238,3,55,NA,NA,NA,0
239,3,55,NA,NA,NA,0
240,4,56,NA,NA,NA,0
241,4,56,NA,NA,NA,0
242,4,56,NA,NA,NA,0
243,4,56,NA,NA,NA,0
244,4,57,NA,NA,NA,0
245,4,57,NA,NA,NA,0
246,4,57,NA,NA,NA,0
247,4,57,NA,NA,NA,0
248,3,58,NA,NA,NA,0
249,3,58,NA,NA,NA,0
250,3,58,NA,NA,NA,0
251,5,59,NA,NA,NA,0
252,5,59,NA,NA,NA,0
253,5,59,NA,NA,NA,0
254,5,59,NA,NA,NA,0
255,5,59,NA,NA,NA,0
256,4,60,NA,NA,NA,0
257,4,60,NA,NA,NA,0
258,4,60,NA,NA,NA,0
259,4,60,NA,NA,NA,0
260,5,61,NA,NA,NA,0
261,5,61,"H",NA,NA,0
262,5,61,"H",344,3,2
263,5,61,"H",NA,NA,0
264,5,61,"C",293,4,1
265,6,62,NA,NA,NA,0
266,6,62,NA,NA,NA,0
267,6,62,NA,NA,NA,0
268,6,62,NA,NA,NA,0
269,6,62,NA,NA,NA,0
270,6,62,NA,NA,NA,0
271,5,63,"H",251,2,0
272,5,63,NA,NA,NA,0
273,5,63,"H",230,3,1
274,5,63,NA,NA,NA,0
275,5,63,"C",215,4,1
276,6,64,"C",252,5,3
277,6,64,NA,NA,NA,0
278,6,64,"H",278,2,1
279,6,64,"H",264,2,0
280,6,64,"H",310,1,0
281,6,64,"H",263,2,0
282,6,65,NA,NA,NA,0
283,6,65,NA,NA,NA,0
284,6,65,NA,NA,NA,0
285,6,65,NA,NA,NA,0
286,6,65,NA,NA,NA,0
287,6,65,NA,NA,NA,0
288,6,66,"H",266,4,0
289,6,66,NA,NA,NA,0
290,6,66,"C",246,5,1
291,6,66,NA,NA,NA,0
292,6,66,NA,NA,NA,0
293,6,66,NA,NA,NA,0
294,6,67,NA,NA,NA,0
295,6,67,"H",NA,NA,0
296,6,67,NA,NA,NA,0
297,6,67,NA,NA,NA,0
298,6,67,"C",342,5,2
299,6,67,"H",NA,NA,0
300,4,68,NA,NA,NA,0
301,4,68,NA,NA,NA,0
302,4,68,NA,NA,NA,0
303,4,68,NA,NA,NA,0
304,6,69,NA,NA,NA,0
305,6,69,NA,NA,NA,0
306,6,69,NA,NA,NA,0
307,6,69,NA,NA,NA,0
308,6,69,NA,NA,NA,0
309,6,69,NA,NA,NA,0
310,3,70,NA,NA,NA,0
311,3,70,NA,NA,NA,0
312,3,70,NA,NA,NA,0
313,5,71,NA,NA,NA,0
314,5,71,NA,NA,NA,0
315,5,71,NA,NA,NA,0
316,5,71,NA,NA,NA,0
317,5,71,NA,NA,NA,0
318,5,72,NA,NA,NA,0
319,5,72,NA,NA,NA,0
320,5,72,NA,NA,NA,0
321,5,72,NA,NA,NA,0
322,5,72,NA,NA,NA,0
323,3,73,NA,NA,NA,0
324,3,73,NA,NA,NA,0
325,3,73,NA,NA,NA,0
326,5,74,NA,NA,NA,0
327,5,74,"C",301,4,0
328,5,74,"C",NA,NA,0
329,5,74,NA,NA,NA,0
330,5,74,NA,NA,NA,0
331,4,75,NA,NA,NA,0
332,4,75,NA,NA,NA,0
333,4,75,NA,NA,NA,0
334,4,75,NA,NA,NA,0
335,6,76,NA,NA,NA,0
336,6,76,NA,NA,NA,0
337,6,76,NA,NA,NA,0
338,6,76,NA,NA,NA,0
339,6,76,NA,NA,NA,0
340,6,76,NA,NA,NA,0
341,3,77,NA,NA,NA,0
342,3,77,NA,NA,NA,0
343,3,77,NA,NA,NA,0
344,5,78,NA,NA,NA,0
345,5,78,NA,NA,NA,0
346,5,78,"H",NA,NA,0
347,5,78,NA,NA,NA,0
348,5,78,"C",363,4,1
349,5,79,NA,NA,NA,0
350,5,79,NA,NA,NA,0
351,5,79,NA,NA,NA,0
352,5,79,NA,NA,NA,0
353,5,79,NA,NA,NA,0
354,3,80,NA,NA,NA,0
355,3,80,NA,NA,NA,0
356,3,80,NA,NA,NA,0
357,4,81,NA,NA,NA,0
358,4,81,NA,NA,NA,0
359,4,81,NA,NA,NA,0
360,4,81,NA,NA,NA,0
361,3,82,NA,NA,NA,0
362,3,82,"C",329,2,0
363,3,82,NA,NA,NA,0
364,3,83,NA,NA,NA,0
365,3,83,NA,NA,NA,0
366,3,83,NA,NA,NA,0
367,6,84,NA,NA,NA,0
368,6,84,NA,NA,NA,0
369,6,84,NA,NA,NA,0
370,6,84,NA,NA,NA,0
371,6,84,NA,NA,NA,0
372,6,84,NA,NA,NA,0
373,6,85,NA,NA,NA,0
374,6,85,"H",305,2,0
375,6,85,NA,NA,NA,0
376,6,85,"H",276,3,1
377,6,85,"H",283,2,0
378,6,85,"C",235,5,2
379,3,86,NA,NA,NA,0
380,3,86,NA,NA,NA,0
381,3,86,NA,NA,NA,0
382,5,87,NA,NA,NA,0
383,5,87,NA,NA,NA,0
384,5,87,NA,NA,NA,0
385,5,87,NA,NA,NA,0
386,5,87,NA,NA,NA,0
387,5,88,NA,NA,NA,0
388,5,88,NA,NA,NA,0
389,5,88,NA,NA,NA,0
390,5,88,NA,NA,NA,0
391,5,88,NA,NA,NA,0
392,3,89,NA,NA,NA,0
393,3,89,NA,NA,NA,0
394,3,89,NA,NA,NA,0
395,5,90,NA,NA,NA,0
396,5,90,NA,NA,NA,0
397,5,90,NA,NA,NA,0
398,5,90,NA,NA,NA,0
399,5,90,NA,NA,NA,0
400,6,91,NA,NA,NA,0
401,6,91,NA,NA,NA,0
402,6,91,NA,NA,NA,0
403,6,91,NA,NA,NA,0
404,6,91,NA,NA,NA,0
405,6,91,NA,NA,NA,0
406,5,92,NA,NA,NA,0
407,5,92,NA,NA,NA,0
408,5,92,NA,NA,NA,0
409,5,92,NA,NA,NA,0
410,5,92,NA,NA,NA,0
411,3,93,NA,NA,NA,0
412,3,93,NA,NA,NA,0
413,3,93,NA,NA,NA,0
414,3,94,NA,NA,NA,0
415,3,94,NA,NA,NA,0
416,3,94,NA,NA,NA,0
417,3,95,NA,NA,NA,0
418,3,95,NA,NA,NA,0
419,3,95,NA,NA,NA,0
420,5,96,NA,NA,NA,0
421,5,96,NA,NA,NA,0
422,5,96,NA,NA,NA,0
423,5,96,NA,NA,NA,0
424,5,96,NA,NA,NA,0
425,4,97,NA,NA,NA,0
426,4,97,NA,NA,NA,0
427,4,97,NA,NA,NA,0
428,4,97,NA,NA,NA,0
429,4,98,NA,NA,NA,0
430,4,98,NA,NA,NA,0
431,4,98,NA,NA,NA,0
432,4,98,NA,NA,NA,0
433,4,99,NA,NA,NA,0
434,4,99,NA,NA,NA,0
435,4,99,NA,NA,NA,0
436,4,99,NA,NA,NA,0
437,3,100,NA,NA,NA,0
438,3,100,NA,NA,NA,0
439,3,100,NA,NA,NA,0
440,3,101,NA,NA,NA,0
441,3,101,NA,NA,NA,0
442,3,101,NA,NA,NA,0
443,3,102,NA,NA,NA,0
444,3,102,NA,NA,NA,0
445,3,102,NA,NA,NA,0
446,5,103,NA,NA,NA,0
447,5,103,NA,NA,NA,0
448,5,103,"C",NA,NA,0
449,5,103,NA,NA,NA,0
450,5,103,NA,NA,NA,0
451,4,104,NA,NA,NA,0
452,4,104,"H",314,1,0
453,4,104,"C",280,3,2
454,4,104,"H",311,1,0
455,3,105,NA,NA,NA,0
456,3,105,NA,NA,NA,0
457,3,105,NA,NA,NA,0
458,3,106,NA,NA,NA,0
459,3,106,NA,NA,NA,0
460,3,106,NA,NA,NA,0
461,5,107,NA,NA,NA,0
462,5,107,NA,NA,NA,0
463,5,107,NA,NA,NA,0
464,5,107,NA,NA,NA,0
465,5,107,NA,NA,NA,0
466,5,108,NA,NA,NA,0
467,5,108,NA,NA,NA,0
468,5,108,NA,NA,NA,0
469,5,108,NA,NA,NA,0
470,5,108,NA,NA,NA,0
471,3,109,NA,NA,NA,0
472,3,109,NA,NA,NA,0
473,3,109,NA,NA,NA,0
474,6,110,NA,NA,NA,0
475,6,110,NA,NA,NA,0
476,6,110,NA,NA,NA,0
477,6,110,NA,NA,NA,0
478,6,110,NA,NA,NA,0
479,6,110,NA,NA,NA,0
480,4,111,NA,NA,NA,0
481,4,111,NA,NA,NA,0
482,4,111,NA,NA,NA,0
483,4,111,NA,NA,NA,0
484,4,112,NA,NA,NA,0
485,4,112,NA,NA,NA,0
486,4,112,NA,NA,NA,0
487,4,112,NA,NA,NA,0
488,5,113,NA,NA,NA,0
489,5,113,NA,NA,NA,0
490,5,113,NA,NA,NA,0
491,5,113,NA,NA,NA,0
492,5,113,NA,NA,NA,0
493,5,114,NA,NA,NA,0
494,5,114,NA,NA,NA,0
495,5,114,NA,NA,NA,0
496,5,114,NA,NA,NA,0
497,5,114,NA,NA,NA,0
498,3,115,NA,NA,NA,0
499,3,115,NA,NA,NA,0
500,3,115,NA,NA,NA,0
501,6,116,NA,NA,NA,0
502,6,116,NA,NA,NA,0
503,6,116,NA,NA,NA,0
504,6,116,NA,NA,NA,0
505,6,116,NA,NA,NA,0
506,6,116,NA,NA,NA,0
507,5,117,NA,NA,NA,0
508,5,117,NA,NA,NA,0
509,5,117,NA,NA,NA,0
510,5,117,NA,NA,NA,0
511,5,117,NA,NA,NA,0
512,3,118,NA,NA,NA,0
513,3,118,NA,NA,NA,0
514,3,118,NA,NA,NA,0
515,4,119,NA,NA,NA,0
516,4,119,NA,NA,NA,0
517,4,119,NA,NA,NA,0
518,4,119,NA,NA,NA,0
519,3,120,NA,NA,NA,0
520,3,120,NA,NA,NA,0
521,3,120,NA,NA,NA,0
522,4,121,NA,NA,NA,0
523,4,121,NA,NA,NA,0
524,4,121,NA,NA,NA,0
525,4,121,NA,NA,NA,0
526,5,122,NA,NA,NA,0
527,5,122,NA,NA,NA,0
528,5,122,NA,NA,NA,0
529,5,122,NA,NA,NA,0
530,5,122,NA,NA,NA,0
531,3,123,NA,NA,NA,0
532,3,123,NA,NA,NA,0
533,3,123,NA,NA,NA,0
534,5,124,NA,NA,NA,0
535,5,124,NA,NA,NA,0
536,5,124,NA,NA,NA,0
537,5,124,NA,NA,NA,0
538,5,124,NA,NA,NA,0
539,3,125,NA,NA,NA,0
540,3,125,NA,NA,NA,0
541,3,125,NA,NA,NA,0
542,3,126,NA,NA,NA,0
543,3,126,NA,NA,NA,0
544,3,126,NA,NA,NA,0
545,4,127,NA,NA,NA,0
546,4,127,NA,NA,NA,0
547,4,127,NA,NA,NA,0
548,4,127,NA,NA,NA,0
549,5,128,NA,NA,NA,0
550,5,128,NA,NA,NA,0
551,5,128,NA,NA,NA,0
552,5,128,NA,NA,NA,0
553,5,128,NA,NA,NA,0
554,3,129,NA,NA,NA,0
555,3,129,"C",364,2,0
556,3,129,NA,NA,NA,0
557,6,130,NA,NA,NA,0
558,6,130,NA,NA,NA,0
559,6,130,"C",300,5,0
560,6,130,NA,NA,NA,0
561,6,130,NA,NA,NA,0
562,6,130,NA,NA,NA,0
563,4,131,NA,NA,NA,0
564,4,131,NA,NA,NA,0
565,4,131,NA,NA,NA,0
566,4,131,NA,NA,NA,0
567,5,132,NA,NA,NA,0
568,5,132,"H",317,3,0
569,5,132,NA,NA,NA,0
570,5,132,NA,NA,NA,0
571,5,132,"C",255,4,1
572,3,133,NA,NA,NA,0
573,3,133,NA,NA,NA,0
574,3,133,NA,NA,NA,0
575,6,134,NA,NA,NA,0
576,6,134,NA,NA,NA,0
577,6,134,NA,NA,NA,0
578,6,134,NA,NA,NA,0
579,6,134,NA,NA,NA,0
580,6,134,NA,NA,NA,0
581,3,135,NA,NA,NA,0
582,3,135,NA,NA,NA,0
583,3,135,NA,NA,NA,0
584,6,136,NA,NA,NA,0
585,6,136,NA,NA,NA,0
586,6,136,NA,NA,NA,0
587,6,136,NA,NA,NA,0
588,6,136,NA,NA,NA,0
589,6,136,NA,NA,NA,0
590,6,137,NA,NA,NA,0
591,6,137,NA,NA,NA,0
592,6,137,NA,NA,NA,0
593,6,137,NA,NA,NA,0
594,6,137,NA,NA,NA,0
595,6,137,NA,NA,NA,0
596,5,138,NA,NA,NA,0
597,5,138,NA,NA,NA,0
598,5,138,NA,NA,NA,0
599,5,138,NA,NA,NA,0
600,5,138,NA,NA,NA,0
601,3,139,NA,NA,NA,0
602,3,139,NA,NA,NA,0
603,3,139,NA,NA,NA,0
604,6,140,"C",347,5,1
605,6,140,NA,NA,NA,0
606,6,140,"H",NA,NA,0
607,6,140,NA,NA,NA,0
608,6,140,NA,NA,NA,0
609,6,140,NA,NA,NA,0
610,3,141,NA,NA,NA,0
611,3,141,NA,NA,NA,0
612,3,141,NA,NA,NA,0
613,4,142,NA,NA,NA,0
614,4,142,NA,NA,NA,0
615,4,142,NA,NA,NA,0
616,4,142,NA,NA,NA,0
617,3,143,NA,NA,NA,0
618,3,143,NA,NA,NA,0
619,3,143,NA,NA,NA,0
620,5,144,NA,NA,NA,0
621,5,144,NA,NA,NA,0
622,5,144,NA,NA,NA,0
623,5,144,NA,NA,NA,0
624,5,144,NA,NA,NA,0
625,5,145,NA,NA,NA,0
626,5,145,NA,NA,NA,0
627,5,145,NA,NA,NA,0
628,5,145,NA,NA,NA,0
629,5,145,NA,NA,NA,0
630,5,146,NA,NA,NA,0
631,5,146,NA,NA,NA,0
632,5,146,NA,NA,NA,0
633,5,146,NA,NA,NA,0
634,5,146,NA,NA,NA,0
635,3,147,NA,NA,NA,0
636,3,147,NA,NA,NA,0
637,3,147,NA,NA,NA,0
638,6,148,NA,NA,NA,0
639,6,148,"C",NA,NA,0
640,6,148,NA,NA,NA,0
641,6,148,NA,NA,NA,0
642,6,148,NA,NA,NA,0
643,6,148,NA,NA,NA,0
644,3,149,NA,NA,NA,0
645,3,149,NA,NA,NA,0
646,3,149,NA,NA,NA,0
647,5,150,NA,NA,NA,0
648,5,150,NA,NA,NA,0
649,5,150,NA,NA,NA,0
650,5,150,NA,NA,NA,0
651,5,150,NA,NA,NA,0
652,4,151,NA,NA,NA,0
653,4,151,NA,NA,NA,0
654,4,151,NA,NA,NA,0
655,4,151,NA,NA,NA,0
656,5,152,NA,NA,NA,0
657,5,152,NA,NA,NA,0
658,5,152,NA,NA,NA,0
659,5,152,NA,NA,NA,0
660,5,152,NA,NA,NA,0
661,3,153,NA,NA,NA,0
662,3,153,NA,NA,NA,0
663,3,153,NA,NA,NA,0
664,4,154,NA,NA,NA,0
665,4,154,NA,NA,NA,0
666,4,154,NA,NA,NA,0
667,4,154,NA,NA,NA,0
668,5,155,NA,NA,NA,0
669,5,155,NA,NA,NA,0
670,5,155,NA,NA,NA,0
671,5,155,NA,NA,NA,0
672,5,155,NA,NA,NA,0
673,5,156,NA,NA,NA,0
674,5,156,NA,NA,NA,0
675,5,156,NA,NA,NA,0
676,5,156,NA,NA,NA,0
677,5,156,NA,NA,NA,0
678,3,157,NA,NA,NA,0
679,3,157,NA,NA,NA,0
680,3,157,NA,NA,NA,0
681,5,158,"C",187,4,2
682,5,158,NA,NA,NA,0
683,5,158,NA,NA,NA,0
684,5,158,"H",202,2,0
685,5,158,"H",208,2,0
686,5,159,NA,NA,NA,0
687,5,159,NA,NA,NA,0
688,5,159,NA,NA,NA,0
689,5,159,NA,NA,NA,0
690,5,159,NA,NA,NA,0
691,5,160,NA,NA,NA,0
692,5,160,NA,NA,NA,0
693,5,160,NA,NA,NA,0
694,5,160,NA,NA,NA,0
695,5,160,NA,NA,NA,0
696,3,161,"C",330,2,1
697,3,161,"H",353,1,0
698,3,161,NA,NA,NA,0
699,6,162,NA,NA,NA,0
700,6,162,NA,NA,NA,0
701,6,162,NA,NA,NA,0
702,6,162,NA,NA,NA,0
703,6,162,NA,NA,NA,0
704,6,162,NA,NA,NA,0
705,3,163,NA,NA,NA,0
706,3,163,NA,NA,NA,0
707,3,163,NA,NA,NA,0
708,6,164,NA,NA,NA,0
709,6,164,NA,NA,NA,0
710,6,164,NA,NA,NA,0
711,6,164,NA,NA,NA,0
712,6,164,NA,NA,NA,0
713,6,164,NA,NA,NA,0
714,5,165,NA,NA,NA,0
715,5,165,NA,NA,NA,0
716,5,165,NA,NA,NA,0
717,5,165,NA,NA,NA,0
718,5,165,NA,NA,NA,0
719,5,166,NA,NA,NA,0
720,5,166,NA,NA,NA,0
721,5,166,NA,NA,NA,0
722,5,166,NA,NA,NA,0
723,5,166,NA,NA,NA,0
724,3,167,NA,NA,NA,0
725,3,167,NA,NA,NA,0
726,3,167,NA,NA,NA,0
727,4,168,NA,NA,NA,0
728,4,168,NA,NA,NA,0
729,4,168,NA,NA,NA,0
730,4,168,NA,NA,NA,0
731,4,169,NA,NA,NA,0
732,4,169,"C",NA,NA,0
733,4,169,NA,NA,NA,0
734,4,169,NA,NA,NA,0
735,4,170,NA,NA,NA,0
736,4,170,NA,NA,NA,0
737,4,170,NA,NA,NA,0
738,4,170,NA,NA,NA,0
739,5,171,NA,NA,NA,0
740,5,171,NA,NA,NA,0
741,5,171,NA,NA,NA,0
742,5,171,NA,NA,NA,0
743,5,171,NA,NA,NA,0
744,3,172,NA,NA,NA,0
745,3,172,NA,NA,NA,0
746,3,172,NA,NA,NA,0
747,5,173,NA,NA,NA,0
748,5,173,NA,NA,NA,0
749,5,173,NA,NA,NA,0
750,5,173,NA,NA,NA,0
751,5,173,NA,NA,NA,0
752,3,174,NA,NA,NA,0
753,3,174,NA,NA,NA,0
754,3,174,NA,NA,NA,0
755,4,175,NA,NA,NA,0
756,4,175,NA,NA,NA,0
757,4,175,NA,NA,NA,0
758,4,175,NA,NA,NA,0
759,6,176,NA,NA,NA,0
760,6,176,NA,NA,NA,0
761,6,176,NA,NA,NA,0
762,6,176,NA,NA,NA,0
763,6,176,NA,NA,NA,0
764,6,176,NA,NA,NA,0
765,4,177,NA,NA,NA,0
766,4,177,NA,NA,NA,0
767,4,177,NA,NA,NA,0
768,4,177,NA,NA,NA,0
769,3,178,NA,NA,NA,0
770,3,178,"C",361,2,0
771,3,178,NA,NA,NA,0
772,6,179,NA,NA,NA,0
773,6,179,NA,NA,NA,0
774,6,179,NA,NA,NA,0
775,6,179,NA,NA,NA,0
776,6,179,NA,NA,NA,0
777,6,179,NA,NA,NA,0
778,4,180,NA,NA,NA,0
779,4,180,NA,NA,NA,0
780,4,180,NA,NA,NA,0
781,4,180,NA,NA,NA,0
782,4,181,NA,NA,NA,0
783,4,181,NA,NA,NA,0
784,4,181,NA,NA,NA,0
785,4,181,NA,NA,NA,0
786,3,182,NA,NA,NA,0
787,3,182,NA,NA,NA,0
788,3,182,NA,NA,NA,0
789,6,183,NA,NA,NA,0
790,6,183,NA,NA,NA,0
791,6,183,NA,NA,NA,0
792,6,183,NA,NA,NA,0
793,6,183,NA,NA,NA,0
794,6,183,NA,NA,NA,0
795,3,184,NA,NA,NA,0
796,3,184,NA,NA,NA,0
797,3,184,NA,NA,NA,0
798,5,185,NA,NA,NA,0
799,5,185,NA,NA,NA,0
800,5,185,NA,NA,NA,0
801,5,185,NA,NA,NA,0
802,5,185,NA,NA,NA,0
803,6,186,NA,NA,NA,0
804,6,186,NA,NA,NA,0
805,6,186,NA,NA,NA,0
806,6,186,NA,NA,NA,0
807,6,186,NA,NA,NA,0
808,6,186,NA,NA,NA,0
809,5,187,NA,NA,NA,0
810,5,187,NA,NA,NA,0
811,5,187,"C",NA,NA,0
812,5,187,NA,NA,NA,0
813,5,187,NA,NA,NA,0
814,4,188,NA,NA,NA,0
815,4,188,NA,NA,NA,0
816,4,188,NA,NA,NA,0
817,4,188,NA,NA,NA,0
818,4,189,NA,NA,NA,0
819,4,189,NA,NA,NA,0
820,4,189,NA,NA,NA,0
821,4,189,NA,NA,NA,0
822,3,190,NA,NA,NA,0
823,3,190,NA,NA,NA,0
824,3,190,NA,NA,NA,0
825,6,191,NA,NA,NA,0
826,6,191,NA,NA,NA,0
827,6,191,NA,NA,NA,0
828,6,191,NA,NA,NA,0
829,6,191,NA,NA,NA,0
830,6,191,NA,NA,NA,0
831,5,192,NA,NA,NA,0
832,5,192,NA,NA,NA,0
833,5,192,NA,NA,NA,0
834,5,192,NA,NA,NA,0
835,5,192,NA,NA,NA,0
836,4,193,NA,NA,NA,0
837,4,193,NA,NA,NA,0
838,4,193,NA,NA,NA,0
839,4,193,NA,NA,NA,0
840,3,194,NA,NA,NA,0
841,3,194,NA,NA,NA,0
842,3,194,NA,NA,NA,0
843,4,195,NA,NA,NA,0
844,4,195,NA,NA,NA,0
845,4,195,NA,NA,NA,0
846,4,195,NA,NA,NA,0
847,6,196,NA,NA,NA,0
848,6,196,NA,NA,NA,0
849,6,196,NA,NA,NA,0
850,6,196,NA,NA,NA,0
851,6,196,NA,NA,NA,0
852,6,196,NA,NA,NA,0
853,6,197,NA,NA,NA,0
854,6,197,NA,NA,NA,0
855,6,197,NA,NA,NA,0
856,6,197,NA,NA,NA,0
857,6,197,NA,NA,NA,0
858,6,197,NA,NA,NA,0
859,3,198,NA,NA,NA,0
860,3,198,NA,NA,NA,0
861,3,198,NA,NA,NA,0
862,5,199,NA,NA,NA,0
863,5,199,NA,NA,NA,0
864,5,199,NA,NA,NA,0
865,5,199,NA,NA,NA,0
866,5,199,NA,NA,NA,0
867,4,200,NA,NA,NA,0
868,4,200,NA,NA,NA,0
869,4,200,NA,NA,NA,0
870,4,200,NA,NA,NA,0
871,4,201,NA,NA,NA,0
872,4,201,NA,NA,NA,0
873,4,201,NA,NA,NA,0
874,4,201,NA,NA,NA,0
875,5,202,NA,NA,NA,0
876,5,202,NA,NA,NA,0
877,5,202,NA,NA,NA,0
878,5,202,NA,NA,NA,0
879,5,202,NA,NA,NA,0
880,6,203,NA,NA,NA,0
881,6,203,NA,NA,NA,0
882,6,203,NA,NA,NA,0
883,6,203,NA,NA,NA,0
884,6,203,NA,NA,NA,0
885,6,203,NA,NA,NA,0
886,5,204,NA,NA,NA,0
887,5,204,NA,NA,NA,0
888,5,204,NA,NA,NA,0
889,5,204,NA,NA,NA,0
890,5,204,NA,NA,NA,0
891,3,205,NA,NA,NA,0
892,3,205,NA,NA,NA,0
893,3,205,NA,NA,NA,0
894,6,206,NA,NA,NA,0
895,6,206,NA,NA,NA,0
896,6,206,NA,NA,NA,0
897,6,206,NA,NA,NA,0
898,6,206,NA,NA,NA,0
899,6,206,NA,NA,NA,0
900,5,207,NA,NA,NA,0
901,5,207,NA,NA,NA,0
902,5,207,NA,NA,NA,0
903,5,207,NA,NA,NA,0
904,5,207,NA,NA,NA,0
905,3,208,NA,NA,NA,0
906,3,208,NA,NA,NA,0
907,3,208,NA,NA,NA,0
908,6,209,NA,NA,NA,0
909,6,209,NA,NA,NA,0
910,6,209,NA,NA,NA,0
911,6,209,NA,NA,NA,0
912,6,209,NA,NA,NA,0
913,6,209,NA,NA,NA,0
914,6,210,NA,NA,NA,0
915,6,210,NA,NA,NA,0
916,6,210,NA,NA,NA,0
917,6,210,NA,NA,NA,0
918,6,210,NA,NA,NA,0
919,6,210,NA,NA,NA,0
920,3,211,NA,NA,NA,0
921,3,211,NA,NA,NA,0
922,3,211,NA,NA,NA,0
923,3,212,NA,NA,NA,0
924,3,212,NA,NA,NA,0
925,3,212,NA,NA,NA,0
926,3,213,NA,NA,NA,0
927,3,213,NA,NA,NA,0
928,3,213,NA,NA,NA,0
929,5,214,NA,NA,NA,0
930,5,214,NA,NA,NA,0
931,5,214,NA,NA,NA,0
932,5,214,NA,NA,NA,0
933,5,214,NA,NA,NA,0
934,4,215,NA,NA,NA,0
935,4,215,NA,NA,NA,0
936,4,215,NA,NA,NA,0
937,4,215,NA,NA,NA,0
938,4,216,NA,NA,NA,0
939,4,216,NA,NA,NA,0
940,4,216,NA,NA,NA,0
941,4,216,NA,NA,NA,0
942,6,217,NA,NA,NA,0
943,6,217,NA,NA,NA,0
944,6,217,NA,NA,NA,0
945,6,217,NA,NA,NA,0
946,6,217,NA,NA,NA,0
947,6,217,NA,NA,NA,0
948,6,218,NA,NA,NA,0
949,6,218,NA,NA,NA,0
950,6,218,NA,NA,NA,0
951,6,218,NA,NA,NA,0
952,6,218,NA,NA,NA,0
953,6,218,NA,NA,NA,0
954,6,219,NA,NA,NA,0
955,6,219,NA,NA,NA,0
956,6,219,NA,NA,NA,0
957,6,219,NA,NA,NA,0
958,6,219,NA,NA,NA,0
959,6,219,NA,NA,NA,0
960,5,220,NA,NA,NA,0
961,5,220,NA,NA,NA,0
962,5,220,NA,NA,NA,0
963,5,220,NA,NA,NA,0
964,5,220,NA,NA,NA,0
965,5,221,NA,NA,NA,0
966,5,221,NA,NA,NA,0
967,5,221,NA,NA,NA,0
968,5,221,NA,NA,NA,0
969,5,221,NA,NA,NA,0
970,3,222,NA,NA,NA,0
971,3,222,NA,NA,NA,0
972,3,222,NA,NA,NA,0
973,3,223,NA,NA,NA,0
974,3,223,NA,NA,NA,0
975,3,223,NA,NA,NA,0
976,6,224,NA,NA,NA,0
977,6,224,NA,NA,NA,0
978,6,224,NA,NA,NA,0
979,6,224,NA,NA,NA,0
980,6,224,NA,NA,NA,0
981,6,224,NA,NA,NA,0
982,4,225,NA,NA,NA,0
983,4,225,NA,NA,NA,0
984,4,225,NA,NA,NA,0
985,4,225,NA,NA,NA,0
986,6,226,NA,NA,NA,0
987,6,226,NA,NA,NA,0
988,6,226,NA,NA,NA,0
989,6,226,NA,NA,NA,0
990,6,226,NA,NA,NA,0
991,6,226,NA,NA,NA,0
992,4,227,NA,NA,NA,0
993,4,227,NA,NA,NA,0
994,4,227,NA,NA,NA,0
995,4,227,NA,NA,NA,0
996,5,228,NA,NA,NA,0
997,5,228,NA,NA,NA,0
998,5,228,NA,NA,NA,0
999,5,228,NA,NA,NA,0
1000,5,228,NA,NA,NA,0
