"ID","SIZE","HH","TYPE","TIME","S_num","I_num"
1,6,1,"0",28,5,1
2,6,1,"H",78,2,2
3,6,1,"H",64,4,2
4,6,1,"H",111,0,0
5,6,1,"H",93,0,0
6,6,1,"H",118,0,0
7,6,2,NA,NA,NA,0
8,6,2,"C",306,5,1
9,6,2,"H",NA,NA,0
10,6,2,NA,NA,NA,0
11,6,2,"H",341,4,1
12,6,2,NA,NA,NA,0
13,3,3,NA,NA,NA,0
14,3,3,NA,NA,NA,0
15,3,3,NA,NA,NA,0
16,3,4,NA,NA,NA,0
17,3,4,NA,NA,NA,0
18,3,4,NA,NA,NA,0
19,5,5,NA,NA,NA,0
20,5,5,NA,NA,NA,0
21,5,5,NA,NA,NA,0
22,5,5,NA,NA,NA,0
23,5,5,NA,NA,NA,0
24,6,6,NA,NA,NA,0
25,6,6,NA,NA,NA,0
26,6,6,NA,NA,NA,0
27,6,6,NA,NA,NA,0
28,6,6,NA,NA,NA,0
29,6,6,NA,NA,NA,0
30,4,7,NA,NA,NA,0
31,4,7,NA,NA,NA,0
32,4,7,NA,NA,NA,0
33,4,7,NA,NA,NA,0
34,5,8,NA,NA,NA,0
35,5,8,NA,NA,NA,0
36,5,8,NA,NA,NA,0
37,5,8,NA,NA,NA,0
38,5,8,NA,NA,NA,0
39,5,9,NA,NA,NA,0
40,5,9,NA,NA,NA,0
41,5,9,NA,NA,NA,0
42,5,9,NA,NA,NA,0
43,5,9,NA,NA,NA,0
44,3,10,NA,NA,NA,0
45,3,10,NA,NA,NA,0
46,3,10,NA,NA,NA,0
47,4,11,NA,NA,NA,0
48,4,11,NA,NA,NA,0
49,4,11,NA,NA,NA,0
50,4,11,NA,NA,NA,0
51,4,12,NA,NA,NA,0
52,4,12,NA,NA,NA,0
53,4,12,NA,NA,NA,0
54,4,12,NA,NA,NA,0
55,5,13,NA,NA,NA,0
56,5,13,NA,NA,NA,0
57,5,13,NA,NA,NA,0
58,5,13,NA,NA,NA,0
59,5,13,NA,NA,NA,0
60,6,14,"H",277,2,2
61,6,14,"H",307,0,0
62,6,14,"C",140,5,1
63,6,14,"H",298,0,0
64,6,14,"H",209,4,1
65,6,14,"H",239,3,1
66,5,15,NA,NA,NA,0
67,5,15,NA,NA,NA,0
68,5,15,NA,NA,NA,0
69,5,15,NA,NA,NA,0
70,5,15,NA,NA,NA,0
71,5,16,NA,NA,NA,0
72,5,16,NA,NA,NA,0
73,5,16,NA,NA,NA,0
74,5,16,NA,NA,NA,0
75,5,16,NA,NA,NA,0
76,6,17,NA,NA,NA,0
77,6,17,NA,NA,NA,0
78,6,17,NA,NA,NA,0
79,6,17,NA,NA,NA,0
80,6,17,NA,NA,NA,0
81,6,17,"C",275,5,0
82,5,18,NA,NA,NA,0
83,5,18,NA,NA,NA,0
84,5,18,NA,NA,NA,0
85,5,18,NA,NA,NA,0
86,5,18,NA,NA,NA,0
87,6,19,NA,NA,NA,0
88,6,19,NA,NA,NA,0
89,6,19,NA,NA,NA,0
90,6,19,NA,NA,NA,0
91,6,19,NA,NA,NA,0
92,6,19,NA,NA,NA,0
93,6,20,NA,NA,NA,0
94,6,20,NA,NA,NA,0
95,6,20,NA,NA,NA,0
96,6,20,NA,NA,NA,0
97,6,20,NA,NA,NA,0
98,6,20,NA,NA,NA,0
99,4,21,NA,NA,NA,0
100,4,21,NA,NA,NA,0
101,4,21,NA,NA,NA,0
102,4,21,NA,NA,NA,0
103,4,22,NA,NA,NA,0
104,4,22,NA,NA,NA,0
105,4,22,NA,NA,NA,0
106,4,22,NA,NA,NA,0
107,3,23,"H",213,1,0
108,3,23,NA,NA,NA,0
109,3,23,"C",179,2,1
110,6,24,NA,NA,NA,0
111,6,24,NA,NA,NA,0
112,6,24,NA,NA,NA,0
113,6,24,NA,NA,NA,0
114,6,24,NA,NA,NA,0
115,6,24,NA,NA,NA,0
116,3,25,NA,NA,NA,0
117,3,25,NA,NA,NA,0
118,3,25,NA,NA,NA,0
119,5,26,NA,NA,NA,0
120,5,26,NA,NA,NA,0
121,5,26,NA,NA,NA,0
122,5,26,NA,NA,NA,0
123,5,26,NA,NA,NA,0
124,6,27,NA,NA,NA,0
125,6,27,NA,NA,NA,0
126,6,27,NA,NA,NA,0
127,6,27,NA,NA,NA,0
128,6,27,NA,NA,NA,0
129,6,27,NA,NA,NA,0
130,3,28,NA,NA,NA,0
131,3,28,NA,NA,NA,0
132,3,28,NA,NA,NA,0
133,6,29,NA,NA,NA,0
134,6,29,NA,NA,NA,0
135,6,29,NA,NA,NA,0
136,6,29,NA,NA,NA,0
137,6,29,NA,NA,NA,0
138,6,29,NA,NA,NA,0
139,4,30,NA,NA,NA,0
140,4,30,NA,NA,NA,0
141,4,30,NA,NA,NA,0
142,4,30,NA,NA,NA,0
143,6,31,NA,NA,NA,0
144,6,31,NA,NA,NA,0
145,6,31,NA,NA,NA,0
146,6,31,NA,NA,NA,0
147,6,31,NA,NA,NA,0
148,6,31,NA,NA,NA,0
149,5,32,NA,NA,NA,0
150,5,32,NA,NA,NA,0
151,5,32,NA,NA,NA,0
152,5,32,NA,NA,NA,0
153,5,32,NA,NA,NA,0
154,6,33,NA,NA,NA,0
155,6,33,NA,NA,NA,0
156,6,33,NA,NA,NA,0
157,6,33,NA,NA,NA,0
158,6,33,NA,NA,NA,0
159,6,33,NA,NA,NA,0
160,3,34,NA,NA,NA,0
161,3,34,NA,NA,NA,0
162,3,34,NA,NA,NA,0
163,5,35,NA,NA,NA,0
164,5,35,NA,NA,NA,0
165,5,35,NA,NA,NA,0
166,5,35,NA,NA,NA,0
167,5,35,NA,NA,NA,0
168,4,36,NA,NA,NA,0
169,4,36,NA,NA,NA,0
170,4,36,NA,NA,NA,0
171,4,36,NA,NA,NA,0
172,4,37,NA,NA,NA,0
173,4,37,NA,NA,NA,0
174,4,37,NA,NA,NA,0
175,4,37,NA,NA,NA,0
176,6,38,NA,NA,NA,0
177,6,38,NA,NA,NA,0
178,6,38,NA,NA,NA,0
179,6,38,NA,NA,NA,0
180,6,38,NA,NA,NA,0
181,6,38,NA,NA,NA,0
182,5,39,NA,NA,NA,0
183,5,39,NA,NA,NA,0
184,5,39,NA,NA,NA,0
185,5,39,NA,NA,NA,0
186,5,39,NA,NA,NA,0
187,3,40,NA,NA,NA,0
188,3,40,NA,NA,NA,0
189,3,40,NA,NA,NA,0
190,6,41,NA,NA,NA,0
191,6,41,NA,NA,NA,0
192,6,41,NA,NA,NA,0
193,6,41,NA,NA,NA,0
194,6,41,NA,NA,NA,0
195,6,41,NA,NA,NA,0
196,4,42,NA,NA,NA,0
197,4,42,NA,NA,NA,0
198,4,42,NA,NA,NA,0
199,4,42,NA,NA,NA,0
200,5,43,NA,NA,NA,0
201,5,43,NA,NA,NA,0
202,5,43,NA,NA,NA,0
203,5,43,NA,NA,NA,0
204,5,43,NA,NA,NA,0
205,6,44,NA,NA,NA,0
206,6,44,NA,NA,NA,0
207,6,44,NA,NA,NA,0
208,6,44,NA,NA,NA,0
209,6,44,NA,NA,NA,0
210,6,44,NA,NA,NA,0
211,4,45,NA,NA,NA,0
212,4,45,NA,NA,NA,0
213,4,45,NA,NA,NA,0
214,4,45,NA,NA,NA,0
215,4,46,NA,NA,NA,0
216,4,46,NA,NA,NA,0
217,4,46,NA,NA,NA,0
218,4,46,NA,NA,NA,0
219,5,47,NA,NA,NA,0
220,5,47,NA,NA,NA,0
221,5,47,NA,NA,NA,0
222,5,47,NA,NA,NA,0
223,5,47,NA,NA,NA,0
224,4,48,NA,NA,NA,0
225,4,48,NA,NA,NA,0
226,4,48,NA,NA,NA,0
227,4,48,NA,NA,NA,0
228,3,49,NA,NA,NA,0
229,3,49,NA,NA,NA,0
230,3,49,NA,NA,NA,0
231,4,50,NA,NA,NA,0
232,4,50,NA,NA,NA,0
233,4,50,NA,NA,NA,0
234,4,50,NA,NA,NA,0
235,5,51,NA,NA,NA,0
236,5,51,NA,NA,NA,0
237,5,51,NA,NA,NA,0
238,5,51,NA,NA,NA,0
239,5,51,NA,NA,NA,0
240,4,52,NA,NA,NA,0
241,4,52,NA,NA,NA,0
242,4,52,NA,NA,NA,0
243,4,52,NA,NA,NA,0
244,6,53,NA,NA,NA,0
245,6,53,NA,NA,NA,0
246,6,53,NA,NA,NA,0
247,6,53,NA,NA,NA,0
248,6,53,NA,NA,NA,0
249,6,53,NA,NA,NA,0
250,6,54,NA,NA,NA,0
251,6,54,NA,NA,NA,0
252,6,54,NA,NA,NA,0
253,6,54,NA,NA,NA,0
254,6,54,NA,NA,NA,0
255,6,54,NA,NA,NA,0
256,5,55,NA,NA,NA,0
257,5,55,NA,NA,NA,0
258,5,55,NA,NA,NA,0
259,5,55,NA,NA,NA,0
260,5,55,"C",NA,NA,0
261,5,56,NA,NA,NA,0
262,5,56,NA,NA,NA,0
263,5,56,NA,NA,NA,0
264,5,56,NA,NA,NA,0
265,5,56,NA,NA,NA,0
266,5,57,NA,NA,NA,0
267,5,57,NA,NA,NA,0
268,5,57,NA,NA,NA,0
269,5,57,NA,NA,NA,0
270,5,57,NA,NA,NA,0
271,3,58,NA,NA,NA,0
272,3,58,NA,NA,NA,0
273,3,58,NA,NA,NA,0
274,3,59,NA,NA,NA,0
275,3,59,NA,NA,NA,0
276,3,59,NA,NA,NA,0
277,6,60,NA,NA,NA,0
278,6,60,NA,NA,NA,0
279,6,60,NA,NA,NA,0
280,6,60,NA,NA,NA,0
281,6,60,NA,NA,NA,0
282,6,60,NA,NA,NA,0
283,5,61,NA,NA,NA,0
284,5,61,NA,NA,NA,0
285,5,61,NA,NA,NA,0
286,5,61,NA,NA,NA,0
287,5,61,NA,NA,NA,0
288,4,62,NA,NA,NA,0
289,4,62,NA,NA,NA,0
290,4,62,NA,NA,NA,0
291,4,62,NA,NA,NA,0
292,6,63,"H",280,3,2
293,6,63,"H",NA,NA,0
294,6,63,"C",243,5,2
295,6,63,"H",349,0,0
296,6,63,"H",296,1,1
297,6,63,"H",315,0,0
298,3,64,NA,NA,NA,0
299,3,64,NA,NA,NA,0
300,3,64,NA,NA,NA,0
301,6,65,NA,NA,NA,0
302,6,65,NA,NA,NA,0
303,6,65,NA,NA,NA,0
304,6,65,NA,NA,NA,0
305,6,65,NA,NA,NA,0
306,6,65,NA,NA,NA,0
307,3,66,NA,NA,NA,0
308,3,66,NA,NA,NA,0
309,3,66,NA,NA,NA,0
310,3,67,NA,NA,NA,0
311,3,67,NA,NA,NA,0
312,3,67,NA,NA,NA,0
313,3,68,NA,NA,NA,0
314,3,68,NA,NA,NA,0
315,3,68,NA,NA,NA,0
316,3,69,NA,NA,NA,0
317,3,69,NA,NA,NA,0
318,3,69,NA,NA,NA,0
319,5,70,NA,NA,NA,0
320,5,70,NA,NA,NA,0
321,5,70,NA,NA,NA,0
322,5,70,NA,NA,NA,0
323,5,70,NA,NA,NA,0
324,4,71,NA,NA,NA,0
325,4,71,NA,NA,NA,0
326,4,71,NA,NA,NA,0
327,4,71,NA,NA,NA,0
328,5,72,NA,NA,NA,0
329,5,72,NA,NA,NA,0
330,5,72,NA,NA,NA,0
331,5,72,NA,NA,NA,0
332,5,72,NA,NA,NA,0
333,6,73,NA,NA,NA,0
334,6,73,NA,NA,NA,0
335,6,73,NA,NA,NA,0
336,6,73,NA,NA,NA,0
337,6,73,NA,NA,NA,0
338,6,73,NA,NA,NA,0
339,3,74,NA,NA,NA,0
340,3,74,NA,NA,NA,0
341,3,74,NA,NA,NA,0
342,4,75,NA,NA,NA,0
343,4,75,NA,NA,NA,0
344,4,75,NA,NA,NA,0
345,4,75,NA,NA,NA,0
346,4,76,NA,NA,NA,0
347,4,76,NA,NA,NA,0
348,4,76,NA,NA,NA,0
349,4,76,NA,NA,NA,0
350,6,77,NA,NA,NA,0
351,6,77,NA,NA,NA,0
352,6,77,NA,NA,NA,0
353,6,77,NA,NA,NA,0
354,6,77,NA,NA,NA,0
355,6,77,NA,NA,NA,0
356,5,78,NA,NA,NA,0
357,5,78,NA,NA,NA,0
358,5,78,NA,NA,NA,0
359,5,78,NA,NA,NA,0
360,5,78,NA,NA,NA,0
361,5,79,NA,NA,NA,0
362,5,79,NA,NA,NA,0
363,5,79,NA,NA,NA,0
364,5,79,NA,NA,NA,0
365,5,79,NA,NA,NA,0
366,3,80,NA,NA,NA,0
367,3,80,NA,NA,NA,0
368,3,80,NA,NA,NA,0
369,5,81,NA,NA,NA,0
370,5,81,NA,NA,NA,0
371,5,81,NA,NA,NA,0
372,5,81,NA,NA,NA,0
373,5,81,NA,NA,NA,0
374,3,82,NA,NA,NA,0
375,3,82,NA,NA,NA,0
376,3,82,NA,NA,NA,0
377,5,83,NA,NA,NA,0
378,5,83,"C",NA,NA,0
379,5,83,NA,NA,NA,0
380,5,83,NA,NA,NA,0
381,5,83,NA,NA,NA,0
382,5,84,NA,NA,NA,0
383,5,84,NA,NA,NA,0
384,5,84,NA,NA,NA,0
385,5,84,NA,NA,NA,0
386,5,84,NA,NA,NA,0
387,4,85,NA,NA,NA,0
388,4,85,NA,NA,NA,0
389,4,85,NA,NA,NA,0
390,4,85,NA,NA,NA,0
391,4,86,NA,NA,NA,0
392,4,86,NA,NA,NA,0
393,4,86,NA,NA,NA,0
394,4,86,NA,NA,NA,0
395,3,87,NA,NA,NA,0
396,3,87,NA,NA,NA,0
397,3,87,NA,NA,NA,0
398,3,88,NA,NA,NA,0
399,3,88,NA,NA,NA,0
400,3,88,NA,NA,NA,0
401,4,89,NA,NA,NA,0
402,4,89,NA,NA,NA,0
403,4,89,NA,NA,NA,0
404,4,89,NA,NA,NA,0
405,5,90,NA,NA,NA,0
406,5,90,NA,NA,NA,0
407,5,90,NA,NA,NA,0
408,5,90,NA,NA,NA,0
409,5,90,NA,NA,NA,0
410,4,91,NA,NA,NA,0
411,4,91,NA,NA,NA,0
412,4,91,NA,NA,NA,0
413,4,91,NA,NA,NA,0
414,5,92,NA,NA,NA,0
415,5,92,NA,NA,NA,0
416,5,92,NA,NA,NA,0
417,5,92,NA,NA,NA,0
418,5,92,NA,NA,NA,0
419,5,93,NA,NA,NA,0
420,5,93,NA,NA,NA,0
421,5,93,NA,NA,NA,0
422,5,93,NA,NA,NA,0
423,5,93,NA,NA,NA,0
424,6,94,NA,NA,NA,0
425,6,94,NA,NA,NA,0
426,6,94,NA,NA,NA,0
427,6,94,NA,NA,NA,0
428,6,94,NA,NA,NA,0
429,6,94,NA,NA,NA,0
430,5,95,NA,NA,NA,0
431,5,95,NA,NA,NA,0
432,5,95,NA,NA,NA,0
433,5,95,NA,NA,NA,0
434,5,95,NA,NA,NA,0
435,6,96,NA,NA,NA,0
436,6,96,NA,NA,NA,0
437,6,96,NA,NA,NA,0
438,6,96,NA,NA,NA,0
439,6,96,NA,NA,NA,0
440,6,96,NA,NA,NA,0
441,6,97,NA,NA,NA,0
442,6,97,NA,NA,NA,0
443,6,97,NA,NA,NA,0
444,6,97,NA,NA,NA,0
445,6,97,NA,NA,NA,0
446,6,97,NA,NA,NA,0
447,4,98,NA,NA,NA,0
448,4,98,NA,NA,NA,0
449,4,98,NA,NA,NA,0
450,4,98,NA,NA,NA,0
451,6,99,NA,NA,NA,0
452,6,99,NA,NA,NA,0
453,6,99,NA,NA,NA,0
454,6,99,NA,NA,NA,0
455,6,99,NA,NA,NA,0
456,6,99,NA,NA,NA,0
457,3,100,NA,NA,NA,0
458,3,100,NA,NA,NA,0
459,3,100,NA,NA,NA,0
460,3,101,NA,NA,NA,0
461,3,101,NA,NA,NA,0
462,3,101,NA,NA,NA,0
463,5,102,NA,NA,NA,0
464,5,102,NA,NA,NA,0
465,5,102,NA,NA,NA,0
466,5,102,NA,NA,NA,0
467,5,102,NA,NA,NA,0
468,3,103,NA,NA,NA,0
469,3,103,NA,NA,NA,0
470,3,103,NA,NA,NA,0
471,6,104,NA,NA,NA,0
472,6,104,NA,NA,NA,0
473,6,104,NA,NA,NA,0
474,6,104,NA,NA,NA,0
475,6,104,NA,NA,NA,0
476,6,104,NA,NA,NA,0
477,5,105,NA,NA,NA,0
478,5,105,NA,NA,NA,0
479,5,105,NA,NA,NA,0
480,5,105,NA,NA,NA,0
481,5,105,NA,NA,NA,0
482,3,106,NA,NA,NA,0
483,3,106,NA,NA,NA,0
484,3,106,NA,NA,NA,0
485,3,107,NA,NA,NA,0
486,3,107,NA,NA,NA,0
487,3,107,NA,NA,NA,0
488,5,108,NA,NA,NA,0
489,5,108,NA,NA,NA,0
490,5,108,NA,NA,NA,0
491,5,108,NA,NA,NA,0
492,5,108,NA,NA,NA,0
493,4,109,NA,NA,NA,0
494,4,109,NA,NA,NA,0
495,4,109,NA,NA,NA,0
496,4,109,NA,NA,NA,0
497,6,110,"H",NA,NA,0
498,6,110,NA,NA,NA,0
499,6,110,"C",299,5,2
500,6,110,NA,NA,NA,0
501,6,110,"H",326,3,0
502,6,110,NA,NA,NA,0
503,3,111,NA,NA,NA,0
504,3,111,NA,NA,NA,0
505,3,111,NA,NA,NA,0
506,5,112,NA,NA,NA,0
507,5,112,NA,NA,NA,0
508,5,112,NA,NA,NA,0
509,5,112,NA,NA,NA,0
510,5,112,NA,NA,NA,0
511,4,113,NA,NA,NA,0
512,4,113,NA,NA,NA,0
513,4,113,NA,NA,NA,0
514,4,113,NA,NA,NA,0
515,5,114,NA,NA,NA,0
516,5,114,NA,NA,NA,0
517,5,114,NA,NA,NA,0
518,5,114,NA,NA,NA,0
519,5,114,NA,NA,NA,0
520,3,115,NA,NA,NA,0
521,3,115,NA,NA,NA,0
522,3,115,NA,NA,NA,0
523,3,116,NA,NA,NA,0
524,3,116,NA,NA,NA,0
525,3,116,NA,NA,NA,0
526,4,117,NA,NA,NA,0
527,4,117,NA,NA,NA,0
528,4,117,NA,NA,NA,0
529,4,117,NA,NA,NA,0
530,3,118,NA,NA,NA,0
531,3,118,NA,NA,NA,0
532,3,118,NA,NA,NA,0
533,3,119,NA,NA,NA,0
534,3,119,NA,NA,NA,0
535,3,119,NA,NA,NA,0
536,4,120,NA,NA,NA,0
537,4,120,NA,NA,NA,0
538,4,120,NA,NA,NA,0
539,4,120,NA,NA,NA,0
540,6,121,NA,NA,NA,0
541,6,121,NA,NA,NA,0
542,6,121,NA,NA,NA,0
543,6,121,NA,NA,NA,0
544,6,121,NA,NA,NA,0
545,6,121,NA,NA,NA,0
546,3,122,NA,NA,NA,0
547,3,122,NA,NA,NA,0
548,3,122,NA,NA,NA,0
549,6,123,NA,NA,NA,0
550,6,123,NA,NA,NA,0
551,6,123,NA,NA,NA,0
552,6,123,NA,NA,NA,0
553,6,123,NA,NA,NA,0
554,6,123,NA,NA,NA,0
555,4,124,NA,NA,NA,0
556,4,124,NA,NA,NA,0
557,4,124,NA,NA,NA,0
558,4,124,NA,NA,NA,0
559,3,125,NA,NA,NA,0
560,3,125,NA,NA,NA,0
561,3,125,NA,NA,NA,0
562,6,126,NA,NA,NA,0
563,6,126,NA,NA,NA,0
564,6,126,NA,NA,NA,0
565,6,126,NA,NA,NA,0
566,6,126,NA,NA,NA,0
567,6,126,NA,NA,NA,0
568,5,127,NA,NA,NA,0
569,5,127,NA,NA,NA,0
570,5,127,NA,NA,NA,0
571,5,127,NA,NA,NA,0
572,5,127,NA,NA,NA,0
573,3,128,NA,NA,NA,0
574,3,128,NA,NA,NA,0
575,3,128,NA,NA,NA,0
576,3,129,NA,NA,NA,0
577,3,129,NA,NA,NA,0
578,3,129,NA,NA,NA,0
579,5,130,"H",292,2,2
580,5,130,"H",283,2,0
581,5,130,"H",342,0,0
582,5,130,"H",328,0,0
583,5,130,"C",263,4,2
584,4,131,NA,NA,NA,0
585,4,131,NA,NA,NA,0
586,4,131,NA,NA,NA,0
587,4,131,NA,NA,NA,0
588,5,132,NA,NA,NA,0
589,5,132,NA,NA,NA,0
590,5,132,NA,NA,NA,0
591,5,132,NA,NA,NA,0
592,5,132,NA,NA,NA,0
593,5,133,NA,NA,NA,0
594,5,133,NA,NA,NA,0
595,5,133,NA,NA,NA,0
596,5,133,NA,NA,NA,0
597,5,133,NA,NA,NA,0
598,4,134,NA,NA,NA,0
599,4,134,NA,NA,NA,0
600,4,134,NA,NA,NA,0
601,4,134,NA,NA,NA,0
602,4,135,"H",115,2,0
603,4,135,"C",84,3,1
604,4,135,NA,NA,NA,0
605,4,135,NA,NA,NA,0
606,4,136,NA,NA,NA,0
607,4,136,NA,NA,NA,0
608,4,136,NA,NA,NA,0
609,4,136,NA,NA,NA,0
610,6,137,NA,NA,NA,0
611,6,137,NA,NA,NA,0
612,6,137,NA,NA,NA,0
613,6,137,NA,NA,NA,0
614,6,137,NA,NA,NA,0
615,6,137,NA,NA,NA,0
616,4,138,NA,NA,NA,0
617,4,138,NA,NA,NA,0
618,4,138,NA,NA,NA,0
619,4,138,NA,NA,NA,0
620,6,139,NA,NA,NA,0
621,6,139,NA,NA,NA,0
622,6,139,NA,NA,NA,0
623,6,139,NA,NA,NA,0
624,6,139,NA,NA,NA,0
625,6,139,NA,NA,NA,0
626,3,140,NA,NA,NA,0
627,3,140,NA,NA,NA,0
628,3,140,NA,NA,NA,0
629,3,141,NA,NA,NA,0
630,3,141,NA,NA,NA,0
631,3,141,NA,NA,NA,0
632,4,142,NA,NA,NA,0
633,4,142,NA,NA,NA,0
634,4,142,NA,NA,NA,0
635,4,142,NA,NA,NA,0
636,4,143,NA,NA,NA,0
637,4,143,NA,NA,NA,0
638,4,143,NA,NA,NA,0
639,4,143,NA,NA,NA,0
640,4,144,NA,NA,NA,0
641,4,144,NA,NA,NA,0
642,4,144,NA,NA,NA,0
643,4,144,NA,NA,NA,0
644,4,145,NA,NA,NA,0
645,4,145,NA,NA,NA,0
646,4,145,NA,NA,NA,0
647,4,145,NA,NA,NA,0
648,3,146,NA,NA,NA,0
649,3,146,NA,NA,NA,0
650,3,146,NA,NA,NA,0
651,6,147,NA,NA,NA,0
652,6,147,NA,NA,NA,0
653,6,147,NA,NA,NA,0
654,6,147,NA,NA,NA,0
655,6,147,NA,NA,NA,0
656,6,147,NA,NA,NA,0
657,5,148,NA,NA,NA,0
658,5,148,NA,NA,NA,0
659,5,148,NA,NA,NA,0
660,5,148,NA,NA,NA,0
661,5,148,NA,NA,NA,0
662,4,149,NA,NA,NA,0
663,4,149,NA,NA,NA,0
664,4,149,NA,NA,NA,0
665,4,149,NA,NA,NA,0
666,6,150,NA,NA,NA,0
667,6,150,NA,NA,NA,0
668,6,150,NA,NA,NA,0
669,6,150,NA,NA,NA,0
670,6,150,NA,NA,NA,0
671,6,150,NA,NA,NA,0
672,4,151,"H",163,2,1
673,4,151,"C",119,3,1
674,4,151,"H",178,1,0
675,4,151,NA,NA,NA,0
676,6,152,NA,NA,NA,0
677,6,152,NA,NA,NA,0
678,6,152,NA,NA,NA,0
679,6,152,NA,NA,NA,0
680,6,152,NA,NA,NA,0
681,6,152,NA,NA,NA,0
682,4,153,NA,NA,NA,0
683,4,153,NA,NA,NA,0
684,4,153,NA,NA,NA,0
685,4,153,NA,NA,NA,0
686,3,154,NA,NA,NA,0
687,3,154,NA,NA,NA,0
688,3,154,NA,NA,NA,0
689,5,155,NA,NA,NA,0
690,5,155,NA,NA,NA,0
691,5,155,NA,NA,NA,0
692,5,155,NA,NA,NA,0
693,5,155,"C",46,4,0
694,6,156,NA,NA,NA,0
695,6,156,"C",237,5,1
696,6,156,"H",264,4,0
697,6,156,NA,NA,NA,0
698,6,156,NA,NA,NA,0
699,6,156,NA,NA,NA,0
700,3,157,NA,NA,NA,0
701,3,157,NA,NA,NA,0
702,3,157,NA,NA,NA,0
703,6,158,"C",354,5,1
704,6,158,"H",NA,NA,0
705,6,158,NA,NA,NA,0
706,6,158,NA,NA,NA,0
707,6,158,NA,NA,NA,0
708,6,158,NA,NA,NA,0
709,4,159,NA,NA,NA,0
710,4,159,NA,NA,NA,0
711,4,159,NA,NA,NA,0
712,4,159,NA,NA,NA,0
713,6,160,NA,NA,NA,0
714,6,160,NA,NA,NA,0
715,6,160,NA,NA,NA,0
716,6,160,NA,NA,NA,0
717,6,160,NA,NA,NA,0
718,6,160,NA,NA,NA,0
719,6,161,"H",94,4,2
720,6,161,"H",134,1,1
721,6,161,"H",135,1,0
722,6,161,"H",177,0,0
723,6,161,"C",44,5,1
724,6,161,"H",114,2,1
725,6,162,NA,NA,NA,0
726,6,162,NA,NA,NA,0
727,6,162,NA,NA,NA,0
728,6,162,NA,NA,NA,0
729,6,162,NA,NA,NA,0
730,6,162,NA,NA,NA,0
731,6,163,NA,NA,NA,0
732,6,163,NA,NA,NA,0
733,6,163,NA,NA,NA,0
734,6,163,"C",NA,NA,0
735,6,163,NA,NA,NA,0
736,6,163,NA,NA,NA,0
737,6,164,NA,NA,NA,0
738,6,164,NA,NA,NA,0
739,6,164,NA,NA,NA,0
740,6,164,NA,NA,NA,0
741,6,164,NA,NA,NA,0
742,6,164,NA,NA,NA,0
743,6,165,NA,NA,NA,0
744,6,165,NA,NA,NA,0
745,6,165,NA,NA,NA,0
746,6,165,NA,NA,NA,0
747,6,165,NA,NA,NA,0
748,6,165,NA,NA,NA,0
749,6,166,NA,NA,NA,0
750,6,166,NA,NA,NA,0
751,6,166,NA,NA,NA,0
752,6,166,NA,NA,NA,0
753,6,166,NA,NA,NA,0
754,6,166,NA,NA,NA,0
755,3,167,NA,NA,NA,0
756,3,167,NA,NA,NA,0
757,3,167,NA,NA,NA,0
758,5,168,NA,NA,NA,0
759,5,168,NA,NA,NA,0
760,5,168,NA,NA,NA,0
761,5,168,NA,NA,NA,0
762,5,168,NA,NA,NA,0
763,5,169,NA,NA,NA,0
764,5,169,"C",67,4,1
765,5,169,NA,NA,NA,0
766,5,169,NA,NA,NA,0
767,5,169,"H",104,3,0
768,4,170,NA,NA,NA,0
769,4,170,NA,NA,NA,0
770,4,170,NA,NA,NA,0
771,4,170,NA,NA,NA,0
772,3,171,NA,NA,NA,0
773,3,171,NA,NA,NA,0
774,3,171,NA,NA,NA,0
775,4,172,NA,NA,NA,0
776,4,172,NA,NA,NA,0
777,4,172,NA,NA,NA,0
778,4,172,NA,NA,NA,0
779,6,173,NA,NA,NA,0
780,6,173,NA,NA,NA,0
781,6,173,NA,NA,NA,0
782,6,173,NA,NA,NA,0
783,6,173,NA,NA,NA,0
784,6,173,NA,NA,NA,0
785,3,174,"H",323,1,0
786,3,174,"C",309,2,1
787,3,174,NA,NA,NA,0
788,5,175,NA,NA,NA,0
789,5,175,NA,NA,NA,0
790,5,175,NA,NA,NA,0
791,5,175,NA,NA,NA,0
792,5,175,NA,NA,NA,0
793,6,176,NA,NA,NA,0
794,6,176,NA,NA,NA,0
795,6,176,NA,NA,NA,0
796,6,176,NA,NA,NA,0
797,6,176,NA,NA,NA,0
798,6,176,NA,NA,NA,0
799,6,177,NA,NA,NA,0
800,6,177,NA,NA,NA,0
801,6,177,NA,NA,NA,0
802,6,177,NA,NA,NA,0
803,6,177,NA,NA,NA,0
804,6,177,NA,NA,NA,0
805,4,178,NA,NA,NA,0
806,4,178,NA,NA,NA,0
807,4,178,NA,NA,NA,0
808,4,178,NA,NA,NA,0
809,5,179,NA,NA,NA,0
810,5,179,NA,NA,NA,0
811,5,179,NA,NA,NA,0
812,5,179,"C",218,4,0
813,5,179,NA,NA,NA,0
814,6,180,NA,NA,NA,0
815,6,180,NA,NA,NA,0
816,6,180,NA,NA,NA,0
817,6,180,NA,NA,NA,0
818,6,180,NA,NA,NA,0
819,6,180,NA,NA,NA,0
820,6,181,NA,NA,NA,0
821,6,181,NA,NA,NA,0
822,6,181,NA,NA,NA,0
823,6,181,NA,NA,NA,0
824,6,181,NA,NA,NA,0
825,6,181,NA,NA,NA,0
826,5,182,NA,NA,NA,0
827,5,182,NA,NA,NA,0
828,5,182,NA,NA,NA,0
829,5,182,NA,NA,NA,0
830,5,182,NA,NA,NA,0
831,3,183,NA,NA,NA,0
832,3,183,NA,NA,NA,0
833,3,183,NA,NA,NA,0
834,5,184,NA,NA,NA,0
835,5,184,NA,NA,NA,0
836,5,184,NA,NA,NA,0
837,5,184,NA,NA,NA,0
838,5,184,NA,NA,NA,0
839,3,185,NA,NA,NA,0
840,3,185,NA,NA,NA,0
841,3,185,NA,NA,NA,0
842,5,186,NA,NA,NA,0
843,5,186,"C",NA,NA,0
844,5,186,NA,NA,NA,0
845,5,186,NA,NA,NA,0
846,5,186,NA,NA,NA,0
847,3,187,NA,NA,NA,0
848,3,187,NA,NA,NA,0
849,3,187,NA,NA,NA,0
850,3,188,NA,NA,NA,0
851,3,188,NA,NA,NA,0
852,3,188,NA,NA,NA,0
853,5,189,NA,NA,NA,0
854,5,189,NA,NA,NA,0
855,5,189,NA,NA,NA,0
856,5,189,NA,NA,NA,0
857,5,189,NA,NA,NA,0
858,5,190,"C",NA,NA,0
859,5,190,NA,NA,NA,0
860,5,190,NA,NA,NA,0
861,5,190,NA,NA,NA,0
862,5,190,NA,NA,NA,0
863,3,191,NA,NA,NA,0
864,3,191,NA,NA,NA,0
865,3,191,NA,NA,NA,0
866,3,192,NA,NA,NA,0
867,3,192,NA,NA,NA,0
868,3,192,NA,NA,NA,0
869,6,193,NA,NA,NA,0
870,6,193,NA,NA,NA,0
871,6,193,NA,NA,NA,0
872,6,193,NA,NA,NA,0
873,6,193,NA,NA,NA,0
874,6,193,NA,NA,NA,0
875,6,194,NA,NA,NA,0
876,6,194,NA,NA,NA,0
877,6,194,NA,NA,NA,0
878,6,194,NA,NA,NA,0
879,6,194,NA,NA,NA,0
880,6,194,NA,NA,NA,0
881,6,195,NA,NA,NA,0
882,6,195,NA,NA,NA,0
883,6,195,NA,NA,NA,0
884,6,195,NA,NA,NA,0
885,6,195,NA,NA,NA,0
886,6,195,NA,NA,NA,0
887,4,196,NA,NA,NA,0
888,4,196,NA,NA,NA,0
889,4,196,NA,NA,NA,0
890,4,196,NA,NA,NA,0
891,4,197,"C",209,3,2
892,4,197,NA,NA,NA,0
893,4,197,"H",230,1,0
894,4,197,"H",238,1,0
895,6,198,NA,NA,NA,0
896,6,198,NA,NA,NA,0
897,6,198,NA,NA,NA,0
898,6,198,NA,NA,NA,0
899,6,198,NA,NA,NA,0
900,6,198,NA,NA,NA,0
901,4,199,NA,NA,NA,0
902,4,199,NA,NA,NA,0
903,4,199,NA,NA,NA,0
904,4,199,NA,NA,NA,0
905,5,200,NA,NA,NA,0
906,5,200,NA,NA,NA,0
907,5,200,NA,NA,NA,0
908,5,200,NA,NA,NA,0
909,5,200,NA,NA,NA,0
910,6,201,NA,NA,NA,0
911,6,201,NA,NA,NA,0
912,6,201,"C",353,5,1
913,6,201,"H",NA,NA,0
914,6,201,NA,NA,NA,0
915,6,201,NA,NA,NA,0
916,4,202,NA,NA,NA,0
917,4,202,NA,NA,NA,0
918,4,202,NA,NA,NA,0
919,4,202,NA,NA,NA,0
920,5,203,NA,NA,NA,0
921,5,203,NA,NA,NA,0
922,5,203,NA,NA,NA,0
923,5,203,NA,NA,NA,0
924,5,203,NA,NA,NA,0
925,4,204,NA,NA,NA,0
926,4,204,NA,NA,NA,0
927,4,204,NA,NA,NA,0
928,4,204,NA,NA,NA,0
929,5,205,NA,NA,NA,0
930,5,205,NA,NA,NA,0
931,5,205,NA,NA,NA,0
932,5,205,NA,NA,NA,0
933,5,205,NA,NA,NA,0
934,5,206,NA,NA,NA,0
935,5,206,NA,NA,NA,0
936,5,206,NA,NA,NA,0
937,5,206,NA,NA,NA,0
938,5,206,NA,NA,NA,0
939,4,207,NA,NA,NA,0
940,4,207,NA,NA,NA,0
941,4,207,NA,NA,NA,0
942,4,207,NA,NA,NA,0
943,3,208,NA,NA,NA,0
944,3,208,NA,NA,NA,0
945,3,208,NA,NA,NA,0
946,6,209,NA,NA,NA,0
947,6,209,NA,NA,NA,0
948,6,209,NA,NA,NA,0
949,6,209,NA,NA,NA,0
950,6,209,NA,NA,NA,0
951,6,209,NA,NA,NA,0
952,5,210,NA,NA,NA,0
953,5,210,NA,NA,NA,0
954,5,210,NA,NA,NA,0
955,5,210,NA,NA,NA,0
956,5,210,NA,NA,NA,0
957,6,211,NA,NA,NA,0
958,6,211,NA,NA,NA,0
959,6,211,NA,NA,NA,0
960,6,211,NA,NA,NA,0
961,6,211,NA,NA,NA,0
962,6,211,NA,NA,NA,0
963,5,212,NA,NA,NA,0
964,5,212,NA,NA,NA,0
965,5,212,NA,NA,NA,0
966,5,212,NA,NA,NA,0
967,5,212,NA,NA,NA,0
968,5,213,NA,NA,NA,0
969,5,213,NA,NA,NA,0
970,5,213,NA,NA,NA,0
971,5,213,NA,NA,NA,0
972,5,213,NA,NA,NA,0
973,5,214,NA,NA,NA,0
974,5,214,NA,NA,NA,0
975,5,214,NA,NA,NA,0
976,5,214,NA,NA,NA,0
977,5,214,"C",318,4,0
978,5,215,NA,NA,NA,0
979,5,215,NA,NA,NA,0
980,5,215,NA,NA,NA,0
981,5,215,NA,NA,NA,0
982,5,215,NA,NA,NA,0
983,6,216,NA,NA,NA,0
984,6,216,NA,NA,NA,0
985,6,216,NA,NA,NA,0
986,6,216,NA,NA,NA,0
987,6,216,NA,NA,NA,0
988,6,216,NA,NA,NA,0
989,6,217,NA,NA,NA,0
990,6,217,NA,NA,NA,0
991,6,217,NA,NA,NA,0
992,6,217,NA,NA,NA,0
993,6,217,NA,NA,NA,0
994,6,217,NA,NA,NA,0
995,3,218,NA,NA,NA,0
996,3,218,NA,NA,NA,0
997,3,218,NA,NA,NA,0
998,3,219,NA,NA,NA,0
999,3,219,NA,NA,NA,0
1000,3,219,NA,NA,NA,0
