"ID","SIZE","HH","TYPE","TIME","S_NUM","I_NUM"
1,4,1,"0",NA,NA,0
2,4,1,NA,NA,NA,0
3,4,1,NA,NA,NA,0
4,4,1,NA,NA,NA,0
5,5,2,NA,NA,NA,0
6,5,2,"E",359,4,0
7,5,2,NA,NA,NA,0
8,5,2,NA,NA,NA,0
9,5,2,NA,NA,NA,0
10,3,3,NA,NA,NA,0
11,3,3,NA,NA,NA,0
12,3,3,NA,NA,NA,0
13,5,4,NA,NA,NA,0
14,5,4,"E",31,4,1
15,5,4,NA,NA,NA,0
16,5,4,"H",146,3,0
17,5,4,NA,NA,NA,0
18,3,5,NA,NA,NA,0
19,3,5,"E",133,2,0
20,3,5,NA,NA,NA,0
21,6,6,NA,NA,NA,0
22,6,6,NA,NA,NA,0
23,6,6,NA,NA,NA,0
24,6,6,"E",154,5,0
25,6,6,NA,NA,NA,0
26,6,6,NA,NA,NA,0
27,6,7,NA,NA,NA,0
28,6,7,NA,NA,NA,0
29,6,7,NA,NA,NA,0
30,6,7,NA,NA,NA,0
31,6,7,NA,NA,NA,0
32,6,7,NA,NA,NA,0
33,4,8,NA,NA,NA,0
34,4,8,NA,NA,NA,0
35,4,8,NA,NA,NA,0
36,4,8,NA,NA,NA,0
37,4,9,"E",340,3,0
38,4,9,NA,NA,NA,0
39,4,9,NA,NA,NA,0
40,4,9,NA,NA,NA,0
41,3,10,NA,NA,NA,0
42,3,10,NA,NA,NA,0
43,3,10,"E",NA,NA,0
44,3,11,NA,NA,NA,0
45,3,11,NA,NA,NA,0
46,3,11,NA,NA,NA,0
47,6,12,NA,NA,NA,0
48,6,12,NA,NA,NA,0
49,6,12,NA,NA,NA,0
50,6,12,NA,NA,NA,0
51,6,12,NA,NA,NA,0
52,6,12,NA,NA,NA,0
53,5,13,"E",78,3,0
54,5,13,"E",92,3,0
55,5,13,NA,NA,NA,0
56,5,13,NA,NA,NA,0
57,5,13,NA,NA,NA,0
58,4,14,NA,NA,NA,0
59,4,14,"E",322,3,0
60,4,14,NA,NA,NA,0
61,4,14,NA,NA,NA,0
62,5,15,NA,NA,NA,0
63,5,15,NA,NA,NA,0
64,5,15,NA,NA,NA,0
65,5,15,NA,NA,NA,0
66,5,15,NA,NA,NA,0
67,4,16,NA,NA,NA,0
68,4,16,NA,NA,NA,0
69,4,16,"E",139,3,0
70,4,16,NA,NA,NA,0
71,5,17,NA,NA,NA,0
72,5,17,"E",192,4,0
73,5,17,NA,NA,NA,0
74,5,17,NA,NA,NA,0
75,5,17,NA,NA,NA,0
76,4,18,NA,NA,NA,0
77,4,18,NA,NA,NA,0
78,4,18,NA,NA,NA,0
79,4,18,NA,NA,NA,0
80,3,19,NA,NA,NA,0
81,3,19,NA,NA,NA,0
82,3,19,NA,NA,NA,0
83,5,20,NA,NA,NA,0
84,5,20,NA,NA,NA,0
85,5,20,NA,NA,NA,0
86,5,20,NA,NA,NA,0
87,5,20,NA,NA,NA,0
88,3,21,NA,NA,NA,0
89,3,21,NA,NA,NA,0
90,3,21,NA,NA,NA,0
91,6,22,NA,NA,NA,0
92,6,22,NA,NA,NA,0
93,6,22,NA,NA,NA,0
94,6,22,NA,NA,NA,0
95,6,22,NA,NA,NA,0
96,6,22,NA,NA,NA,0
97,4,23,NA,NA,NA,0
98,4,23,NA,NA,NA,0
99,4,23,NA,NA,NA,0
100,4,23,NA,NA,NA,0
101,5,24,NA,NA,NA,0
102,5,24,NA,NA,NA,0
103,5,24,NA,NA,NA,0
104,5,24,NA,NA,NA,0
105,5,24,NA,NA,NA,0
106,6,25,"E",188,5,1
107,6,25,"H",215,4,0
108,6,25,NA,NA,NA,0
109,6,25,NA,NA,NA,0
110,6,25,NA,NA,NA,0
111,6,25,NA,NA,NA,0
112,4,26,NA,NA,NA,0
113,4,26,NA,NA,NA,0
114,4,26,NA,NA,NA,0
115,4,26,NA,NA,NA,0
116,6,27,NA,NA,NA,0
117,6,27,NA,NA,NA,0
118,6,27,NA,NA,NA,0
119,6,27,NA,NA,NA,0
120,6,27,NA,NA,NA,0
121,6,27,NA,NA,NA,0
122,4,28,NA,NA,NA,0
123,4,28,NA,NA,NA,0
124,4,28,NA,NA,NA,0
125,4,28,NA,NA,NA,0
126,5,29,NA,NA,NA,0
127,5,29,NA,NA,NA,0
128,5,29,NA,NA,NA,0
129,5,29,NA,NA,NA,0
130,5,29,NA,NA,NA,0
131,5,30,NA,NA,NA,0
132,5,30,NA,NA,NA,0
133,5,30,NA,NA,NA,0
134,5,30,NA,NA,NA,0
135,5,30,NA,NA,NA,0
136,5,31,NA,NA,NA,0
137,5,31,NA,NA,NA,0
138,5,31,NA,NA,NA,0
139,5,31,NA,NA,NA,0
140,5,31,NA,NA,NA,0
141,6,32,NA,NA,NA,0
142,6,32,NA,NA,NA,0
143,6,32,NA,NA,NA,0
144,6,32,NA,NA,NA,0
145,6,32,NA,NA,NA,0
146,6,32,"E",233,5,0
147,6,33,"E",311,5,1
148,6,33,NA,NA,NA,0
149,6,33,NA,NA,NA,0
150,6,33,"H",344,4,0
151,6,33,NA,NA,NA,0
152,6,33,NA,NA,NA,0
153,6,34,"H",272,4,0
154,6,34,NA,NA,NA,0
155,6,34,NA,NA,NA,0
156,6,34,NA,NA,NA,0
157,6,34,NA,NA,NA,0
158,6,34,"E",225,5,1
159,5,35,NA,NA,NA,0
160,5,35,NA,NA,NA,0
161,5,35,NA,NA,NA,0
162,5,35,NA,NA,NA,0
163,5,35,NA,NA,NA,0
164,3,36,NA,NA,NA,0
165,3,36,NA,NA,NA,0
166,3,36,NA,NA,NA,0
167,4,37,NA,NA,NA,0
168,4,37,NA,NA,NA,0
169,4,37,NA,NA,NA,0
170,4,37,NA,NA,NA,0
171,5,38,NA,NA,NA,0
172,5,38,NA,NA,NA,0
173,5,38,NA,NA,NA,0
174,5,38,NA,NA,NA,0
175,5,38,NA,NA,NA,0
176,5,39,NA,NA,NA,0
177,5,39,NA,NA,NA,0
178,5,39,NA,NA,NA,0
179,5,39,NA,NA,NA,0
180,5,39,NA,NA,NA,0
181,6,40,NA,NA,NA,0
182,6,40,NA,NA,NA,0
183,6,40,NA,NA,NA,0
184,6,40,NA,NA,NA,0
185,6,40,NA,NA,NA,0
186,6,40,NA,NA,NA,0
187,5,41,NA,NA,NA,0
188,5,41,NA,NA,NA,0
189,5,41,NA,NA,NA,0
190,5,41,NA,NA,NA,0
191,5,41,NA,NA,NA,0
192,5,42,NA,NA,NA,0
193,5,42,NA,NA,NA,0
194,5,42,NA,NA,NA,0
195,5,42,NA,NA,NA,0
196,5,42,NA,NA,NA,0
197,5,43,NA,NA,NA,0
198,5,43,NA,NA,NA,0
199,5,43,NA,NA,NA,0
200,5,43,NA,NA,NA,0
201,5,43,NA,NA,NA,0
202,6,44,NA,NA,NA,0
203,6,44,"E",117,5,0
204,6,44,NA,NA,NA,0
205,6,44,NA,NA,NA,0
206,6,44,NA,NA,NA,0
207,6,44,NA,NA,NA,0
208,6,45,NA,NA,NA,0
209,6,45,NA,NA,NA,0
210,6,45,NA,NA,NA,0
211,6,45,NA,NA,NA,0
212,6,45,NA,NA,NA,0
213,6,45,"E",220,5,0
214,6,46,"H",182,4,2
215,6,46,NA,NA,NA,0
216,6,46,"E",138,5,1
217,6,46,NA,NA,NA,0
218,6,46,"H",250,2,0
219,6,46,"H",203,2,0
220,4,47,NA,NA,NA,0
221,4,47,NA,NA,NA,0
222,4,47,NA,NA,NA,0
223,4,47,"E",189,3,0
224,3,48,NA,NA,NA,0
225,3,48,NA,NA,NA,0
226,3,48,NA,NA,NA,0
227,4,49,NA,NA,NA,0
228,4,49,NA,NA,NA,0
229,4,49,NA,NA,NA,0
230,4,49,NA,NA,NA,0
231,4,50,NA,NA,NA,0
232,4,50,NA,NA,NA,0
233,4,50,NA,NA,NA,0
234,4,50,NA,NA,NA,0
235,6,51,NA,NA,NA,0
236,6,51,NA,NA,NA,0
237,6,51,NA,NA,NA,0
238,6,51,NA,NA,NA,0
239,6,51,NA,NA,NA,0
240,6,51,"E",170,5,0
241,4,52,NA,NA,NA,0
242,4,52,NA,NA,NA,0
243,4,52,NA,NA,NA,0
244,4,52,NA,NA,NA,0
245,4,53,NA,NA,NA,0
246,4,53,"E",125,3,0
247,4,53,NA,NA,NA,0
248,4,53,NA,NA,NA,0
249,6,54,NA,NA,NA,0
250,6,54,NA,NA,NA,0
251,6,54,NA,NA,NA,0
252,6,54,NA,NA,NA,0
253,6,54,NA,NA,NA,0
254,6,54,NA,NA,NA,0
255,4,55,NA,NA,NA,0
256,4,55,NA,NA,NA,0
257,4,55,NA,NA,NA,0
258,4,55,NA,NA,NA,0
259,3,56,NA,NA,NA,0
260,3,56,NA,NA,NA,0
261,3,56,NA,NA,NA,0
262,4,57,NA,NA,NA,0
263,4,57,NA,NA,NA,0
264,4,57,NA,NA,NA,0
265,4,57,NA,NA,NA,0
266,5,58,NA,NA,NA,0
267,5,58,NA,NA,NA,0
268,5,58,NA,NA,NA,0
269,5,58,NA,NA,NA,0
270,5,58,NA,NA,NA,0
271,5,59,NA,NA,NA,0
272,5,59,NA,NA,NA,0
273,5,59,NA,NA,NA,0
274,5,59,NA,NA,NA,0
275,5,59,NA,NA,NA,0
276,5,60,NA,NA,NA,0
277,5,60,NA,NA,NA,0
278,5,60,NA,NA,NA,0
279,5,60,NA,NA,NA,0
280,5,60,NA,NA,NA,0
281,3,61,NA,NA,NA,0
282,3,61,NA,NA,NA,0
283,3,61,NA,NA,NA,0
284,3,62,"E",94,2,0
285,3,62,NA,NA,NA,0
286,3,62,NA,NA,NA,0
287,6,63,NA,NA,NA,0
288,6,63,NA,NA,NA,0
289,6,63,NA,NA,NA,0
290,6,63,NA,NA,NA,0
291,6,63,NA,NA,NA,0
292,6,63,NA,NA,NA,0
293,4,64,NA,NA,NA,0
294,4,64,NA,NA,NA,0
295,4,64,NA,NA,NA,0
296,4,64,"E",268,3,0
297,5,65,"E",160,4,0
298,5,65,NA,NA,NA,0
299,5,65,NA,NA,NA,0
300,5,65,NA,NA,NA,0
301,5,65,NA,NA,NA,0
302,6,66,NA,NA,NA,0
303,6,66,NA,NA,NA,0
304,6,66,NA,NA,NA,0
305,6,66,NA,NA,NA,0
306,6,66,NA,NA,NA,0
307,6,66,NA,NA,NA,0
308,5,67,NA,NA,NA,0
309,5,67,NA,NA,NA,0
310,5,67,NA,NA,NA,0
311,5,67,NA,NA,NA,0
312,5,67,NA,NA,NA,0
313,6,68,NA,NA,NA,0
314,6,68,NA,NA,NA,0
315,6,68,NA,NA,NA,0
316,6,68,NA,NA,NA,0
317,6,68,NA,NA,NA,0
318,6,68,NA,NA,NA,0
319,4,69,NA,NA,NA,0
320,4,69,NA,NA,NA,0
321,4,69,NA,NA,NA,0
322,4,69,NA,NA,NA,0
323,4,70,NA,NA,NA,0
324,4,70,NA,NA,NA,0
325,4,70,NA,NA,NA,0
326,4,70,NA,NA,NA,0
327,6,71,NA,NA,NA,0
328,6,71,NA,NA,NA,0
329,6,71,NA,NA,NA,0
330,6,71,NA,NA,NA,0
331,6,71,NA,NA,NA,0
332,6,71,NA,NA,NA,0
333,3,72,NA,NA,NA,0
334,3,72,NA,NA,NA,0
335,3,72,NA,NA,NA,0
336,3,73,NA,NA,NA,0
337,3,73,NA,NA,NA,0
338,3,73,NA,NA,NA,0
339,3,74,NA,NA,NA,0
340,3,74,NA,NA,NA,0
341,3,74,NA,NA,NA,0
342,6,75,NA,NA,NA,0
343,6,75,NA,NA,NA,0
344,6,75,"H",214,4,0
345,6,75,NA,NA,NA,0
346,6,75,NA,NA,NA,0
347,6,75,"E",149,5,1
348,3,76,NA,NA,NA,0
349,3,76,NA,NA,NA,0
350,3,76,NA,NA,NA,0
351,4,77,NA,NA,NA,0
352,4,77,NA,NA,NA,0
353,4,77,NA,NA,NA,0
354,4,77,NA,NA,NA,0
355,3,78,NA,NA,NA,0
356,3,78,NA,NA,NA,0
357,3,78,NA,NA,NA,0
358,6,79,NA,NA,NA,0
359,6,79,"E",290,5,0
360,6,79,NA,NA,NA,0
361,6,79,NA,NA,NA,0
362,6,79,NA,NA,NA,0
363,6,79,NA,NA,NA,0
364,5,80,NA,NA,NA,0
365,5,80,NA,NA,NA,0
366,5,80,NA,NA,NA,0
367,5,80,NA,NA,NA,0
368,5,80,NA,NA,NA,0
369,3,81,NA,NA,NA,0
370,3,81,"E",154,2,0
371,3,81,NA,NA,NA,0
372,3,82,"E",365,2,0
373,3,82,NA,NA,NA,0
374,3,82,NA,NA,NA,0
375,3,83,NA,NA,NA,0
376,3,83,NA,NA,NA,0
377,3,83,NA,NA,NA,0
378,3,84,NA,NA,NA,0
379,3,84,NA,NA,NA,0
380,3,84,NA,NA,NA,0
381,5,85,NA,NA,NA,0
382,5,85,NA,NA,NA,0
383,5,85,NA,NA,NA,0
384,5,85,NA,NA,NA,0
385,5,85,NA,NA,NA,0
386,6,86,NA,NA,NA,0
387,6,86,NA,NA,NA,0
388,6,86,"E",179,5,1
389,6,86,NA,NA,NA,0
390,6,86,NA,NA,NA,0
391,6,86,"H",224,4,0
392,4,87,NA,NA,NA,0
393,4,87,NA,NA,NA,0
394,4,87,NA,NA,NA,0
395,4,87,NA,NA,NA,0
396,3,88,NA,NA,NA,0
397,3,88,NA,NA,NA,0
398,3,88,NA,NA,NA,0
399,3,89,"E",132,2,0
400,3,89,NA,NA,NA,0
401,3,89,NA,NA,NA,0
402,6,90,NA,NA,NA,0
403,6,90,NA,NA,NA,0
404,6,90,NA,NA,NA,0
405,6,90,NA,NA,NA,0
406,6,90,NA,NA,NA,0
407,6,90,NA,NA,NA,0
408,4,91,NA,NA,NA,0
409,4,91,"E",296,3,1
410,4,91,"H",321,2,0
411,4,91,NA,NA,NA,0
412,4,92,"E",338,3,0
413,4,92,NA,NA,NA,0
414,4,92,NA,NA,NA,0
415,4,92,NA,NA,NA,0
416,6,93,NA,NA,NA,0
417,6,93,NA,NA,NA,0
418,6,93,"E",90,5,1
419,6,93,"H",116,4,1
420,6,93,"H",170,3,0
421,6,93,NA,NA,NA,0
422,6,94,NA,NA,NA,0
423,6,94,NA,NA,NA,0
424,6,94,NA,NA,NA,0
425,6,94,NA,NA,NA,0
426,6,94,NA,NA,NA,0
427,6,94,NA,NA,NA,0
428,6,95,NA,NA,NA,0
429,6,95,NA,NA,NA,0
430,6,95,NA,NA,NA,0
431,6,95,NA,NA,NA,0
432,6,95,NA,NA,NA,0
433,6,95,NA,NA,NA,0
434,4,96,NA,NA,NA,0
435,4,96,NA,NA,NA,0
436,4,96,NA,NA,NA,0
437,4,96,NA,NA,NA,0
438,3,97,NA,NA,NA,0
439,3,97,NA,NA,NA,0
440,3,97,NA,NA,NA,0
441,6,98,"H",272,4,0
442,6,98,NA,NA,NA,0
443,6,98,NA,NA,NA,0
444,6,98,NA,NA,NA,0
445,6,98,"E",247,5,1
446,6,98,NA,NA,NA,0
447,6,99,NA,NA,NA,0
448,6,99,NA,NA,NA,0
449,6,99,NA,NA,NA,0
450,6,99,NA,NA,NA,0
451,6,99,NA,NA,NA,0
452,6,99,NA,NA,NA,0
453,6,100,NA,NA,NA,0
454,6,100,NA,NA,NA,0
455,6,100,NA,NA,NA,0
456,6,100,NA,NA,NA,0
457,6,100,NA,NA,NA,0
458,6,100,NA,NA,NA,0
459,4,101,NA,NA,NA,0
460,4,101,NA,NA,NA,0
461,4,101,NA,NA,NA,0
462,4,101,NA,NA,NA,0
463,3,102,NA,NA,NA,0
464,3,102,NA,NA,NA,0
465,3,102,NA,NA,NA,0
466,5,103,NA,NA,NA,0
467,5,103,NA,NA,NA,0
468,5,103,NA,NA,NA,0
469,5,103,NA,NA,NA,0
470,5,103,NA,NA,NA,0
471,6,104,NA,NA,NA,0
472,6,104,NA,NA,NA,0
473,6,104,NA,NA,NA,0
474,6,104,NA,NA,NA,0
475,6,104,NA,NA,NA,0
476,6,104,NA,NA,NA,0
477,6,105,"E",103,5,1
478,6,105,NA,NA,NA,0
479,6,105,"H",143,4,0
480,6,105,NA,NA,NA,0
481,6,105,NA,NA,NA,0
482,6,105,NA,NA,NA,0
483,3,106,"E",296,2,0
484,3,106,NA,NA,NA,0
485,3,106,NA,NA,NA,0
486,6,107,NA,NA,NA,0
487,6,107,NA,NA,NA,0
488,6,107,"E",165,5,0
489,6,107,NA,NA,NA,0
490,6,107,NA,NA,NA,0
491,6,107,NA,NA,NA,0
492,5,108,NA,NA,NA,0
493,5,108,NA,NA,NA,0
494,5,108,NA,NA,NA,0
495,5,108,NA,NA,NA,0
496,5,108,NA,NA,NA,0
497,4,109,NA,NA,NA,0
498,4,109,NA,NA,NA,0
499,4,109,NA,NA,NA,0
500,4,109,NA,NA,NA,0
501,3,110,NA,NA,NA,0
502,3,110,NA,NA,NA,0
503,3,110,NA,NA,NA,0
504,3,111,NA,NA,NA,0
505,3,111,NA,NA,NA,0
506,3,111,"E",171,2,0
507,4,112,NA,NA,NA,0
508,4,112,NA,NA,NA,0
509,4,112,NA,NA,NA,0
510,4,112,NA,NA,NA,0
511,4,113,NA,NA,NA,0
512,4,113,NA,NA,NA,0
513,4,113,NA,NA,NA,0
514,4,113,NA,NA,NA,0
515,5,114,NA,NA,NA,0
516,5,114,"H",207,3,0
517,5,114,NA,NA,NA,0
518,5,114,"E",173,4,1
519,5,114,NA,NA,NA,0
520,6,115,NA,NA,NA,0
521,6,115,NA,NA,NA,0
522,6,115,NA,NA,NA,0
523,6,115,NA,NA,NA,0
524,6,115,NA,NA,NA,0
525,6,115,NA,NA,NA,0
526,3,116,NA,NA,NA,0
527,3,116,NA,NA,NA,0
528,3,116,NA,NA,NA,0
529,4,117,NA,NA,NA,0
530,4,117,"E",50,3,0
531,4,117,"E",NA,NA,0
532,4,117,NA,NA,NA,0
533,4,118,NA,NA,NA,0
534,4,118,NA,NA,NA,0
535,4,118,NA,NA,NA,0
536,4,118,NA,NA,NA,0
537,5,119,NA,NA,NA,0
538,5,119,NA,NA,NA,0
539,5,119,NA,NA,NA,0
540,5,119,NA,NA,NA,0
541,5,119,NA,NA,NA,0
542,4,120,NA,NA,NA,0
543,4,120,NA,NA,NA,0
544,4,120,"E",74,3,0
545,4,120,NA,NA,NA,0
546,5,121,"E",301,4,0
547,5,121,NA,NA,NA,0
548,5,121,NA,NA,NA,0
549,5,121,NA,NA,NA,0
550,5,121,NA,NA,NA,0
551,5,122,NA,NA,NA,0
552,5,122,NA,NA,NA,0
553,5,122,NA,NA,NA,0
554,5,122,NA,NA,NA,0
555,5,122,NA,NA,NA,0
556,6,123,NA,NA,NA,0
557,6,123,NA,NA,NA,0
558,6,123,NA,NA,NA,0
559,6,123,NA,NA,NA,0
560,6,123,"E",225,5,0
561,6,123,NA,NA,NA,0
562,4,124,NA,NA,NA,0
563,4,124,NA,NA,NA,0
564,4,124,NA,NA,NA,0
565,4,124,NA,NA,NA,0
566,3,125,NA,NA,NA,0
567,3,125,NA,NA,NA,0
568,3,125,NA,NA,NA,0
569,4,126,NA,NA,NA,0
570,4,126,NA,NA,NA,0
571,4,126,NA,NA,NA,0
572,4,126,NA,NA,NA,0
573,3,127,NA,NA,NA,0
574,3,127,NA,NA,NA,0
575,3,127,NA,NA,NA,0
576,5,128,"H",93,3,1
577,5,128,"H",197,1,0
578,5,128,"H",144,2,1
579,5,128,"E",57,4,1
580,5,128,NA,NA,NA,0
581,6,129,NA,NA,NA,0
582,6,129,NA,NA,NA,0
583,6,129,NA,NA,NA,0
584,6,129,NA,NA,NA,0
585,6,129,NA,NA,NA,0
586,6,129,NA,NA,NA,0
587,3,130,NA,NA,NA,0
588,3,130,NA,NA,NA,0
589,3,130,NA,NA,NA,0
590,6,131,NA,NA,NA,0
591,6,131,NA,NA,NA,0
592,6,131,NA,NA,NA,0
593,6,131,NA,NA,NA,0
594,6,131,NA,NA,NA,0
595,6,131,NA,NA,NA,0
596,3,132,NA,NA,NA,0
597,3,132,NA,NA,NA,0
598,3,132,NA,NA,NA,0
599,6,133,NA,NA,NA,0
600,6,133,NA,NA,NA,0
601,6,133,NA,NA,NA,0
602,6,133,NA,NA,NA,0
603,6,133,NA,NA,NA,0
604,6,133,NA,NA,NA,0
605,6,134,NA,NA,NA,0
606,6,134,NA,NA,NA,0
607,6,134,NA,NA,NA,0
608,6,134,NA,NA,NA,0
609,6,134,NA,NA,NA,0
610,6,134,"E",184,5,0
611,6,135,NA,NA,NA,0
612,6,135,NA,NA,NA,0
613,6,135,NA,NA,NA,0
614,6,135,NA,NA,NA,0
615,6,135,NA,NA,NA,0
616,6,135,NA,NA,NA,0
617,6,136,NA,NA,NA,0
618,6,136,NA,NA,NA,0
619,6,136,NA,NA,NA,0
620,6,136,"H",174,4,0
621,6,136,NA,NA,NA,0
622,6,136,"E",145,5,1
623,3,137,NA,NA,NA,0
624,3,137,NA,NA,NA,0
625,3,137,NA,NA,NA,0
626,5,138,"H",335,3,0
627,5,138,"E",315,4,1
628,5,138,NA,NA,NA,0
629,5,138,NA,NA,NA,0
630,5,138,NA,NA,NA,0
631,4,139,NA,NA,NA,0
632,4,139,NA,NA,NA,0
633,4,139,NA,NA,NA,0
634,4,139,NA,NA,NA,0
635,6,140,NA,NA,NA,0
636,6,140,NA,NA,NA,0
637,6,140,NA,NA,NA,0
638,6,140,NA,NA,NA,0
639,6,140,NA,NA,NA,0
640,6,140,NA,NA,NA,0
641,5,141,NA,NA,NA,0
642,5,141,NA,NA,NA,0
643,5,141,NA,NA,NA,0
644,5,141,NA,NA,NA,0
645,5,141,NA,NA,NA,0
646,4,142,NA,NA,NA,0
647,4,142,NA,NA,NA,0
648,4,142,NA,NA,NA,0
649,4,142,NA,NA,NA,0
650,5,143,NA,NA,NA,0
651,5,143,NA,NA,NA,0
652,5,143,NA,NA,NA,0
653,5,143,NA,NA,NA,0
654,5,143,NA,NA,NA,0
655,5,144,NA,NA,NA,0
656,5,144,NA,NA,NA,0
657,5,144,NA,NA,NA,0
658,5,144,"E",141,4,0
659,5,144,NA,NA,NA,0
660,3,145,NA,NA,NA,0
661,3,145,NA,NA,NA,0
662,3,145,NA,NA,NA,0
663,6,146,NA,NA,NA,0
664,6,146,NA,NA,NA,0
665,6,146,NA,NA,NA,0
666,6,146,NA,NA,NA,0
667,6,146,NA,NA,NA,0
668,6,146,NA,NA,NA,0
669,5,147,NA,NA,NA,0
670,5,147,NA,NA,NA,0
671,5,147,NA,NA,NA,0
672,5,147,NA,NA,NA,0
673,5,147,NA,NA,NA,0
674,4,148,NA,NA,NA,0
675,4,148,NA,NA,NA,0
676,4,148,NA,NA,NA,0
677,4,148,NA,NA,NA,0
678,6,149,NA,NA,NA,0
679,6,149,NA,NA,NA,0
680,6,149,NA,NA,NA,0
681,6,149,NA,NA,NA,0
682,6,149,"E",NA,NA,0
683,6,149,NA,NA,NA,0
684,5,150,NA,NA,NA,0
685,5,150,NA,NA,NA,0
686,5,150,NA,NA,NA,0
687,5,150,NA,NA,NA,0
688,5,150,"E",NA,NA,0
689,4,151,NA,NA,NA,0
690,4,151,NA,NA,NA,0
691,4,151,NA,NA,NA,0
692,4,151,"E",102,3,0
693,6,152,NA,NA,NA,0
694,6,152,NA,NA,NA,0
695,6,152,NA,NA,NA,0
696,6,152,NA,NA,NA,0
697,6,152,NA,NA,NA,0
698,6,152,NA,NA,NA,0
699,4,153,NA,NA,NA,0
700,4,153,NA,NA,NA,0
701,4,153,NA,NA,NA,0
702,4,153,NA,NA,NA,0
703,4,154,NA,NA,NA,0
704,4,154,NA,NA,NA,0
705,4,154,NA,NA,NA,0
706,4,154,NA,NA,NA,0
707,4,155,NA,NA,NA,0
708,4,155,NA,NA,NA,0
709,4,155,NA,NA,NA,0
710,4,155,NA,NA,NA,0
711,6,156,NA,NA,NA,0
712,6,156,NA,NA,NA,0
713,6,156,NA,NA,NA,0
714,6,156,NA,NA,NA,0
715,6,156,NA,NA,NA,0
716,6,156,NA,NA,NA,0
717,3,157,NA,NA,NA,0
718,3,157,NA,NA,NA,0
719,3,157,NA,NA,NA,0
720,6,158,"E",233,5,0
721,6,158,NA,NA,NA,0
722,6,158,NA,NA,NA,0
723,6,158,NA,NA,NA,0
724,6,158,NA,NA,NA,0
725,6,158,NA,NA,NA,0
726,4,159,NA,NA,NA,0
727,4,159,NA,NA,NA,0
728,4,159,NA,NA,NA,0
729,4,159,NA,NA,NA,0
730,3,160,NA,NA,NA,0
731,3,160,NA,NA,NA,0
732,3,160,"E",296,2,0
733,3,161,NA,NA,NA,0
734,3,161,NA,NA,NA,0
735,3,161,NA,NA,NA,0
736,6,162,NA,NA,NA,0
737,6,162,NA,NA,NA,0
738,6,162,NA,NA,NA,0
739,6,162,NA,NA,NA,0
740,6,162,"E",320,5,0
741,6,162,NA,NA,NA,0
742,5,163,NA,NA,NA,0
743,5,163,NA,NA,NA,0
744,5,163,NA,NA,NA,0
745,5,163,NA,NA,NA,0
746,5,163,NA,NA,NA,0
747,5,164,NA,NA,NA,0
748,5,164,NA,NA,NA,0
749,5,164,NA,NA,NA,0
750,5,164,NA,NA,NA,0
751,5,164,NA,NA,NA,0
752,6,165,NA,NA,NA,0
753,6,165,NA,NA,NA,0
754,6,165,NA,NA,NA,0
755,6,165,NA,NA,NA,0
756,6,165,NA,NA,NA,0
757,6,165,NA,NA,NA,0
758,4,166,NA,NA,NA,0
759,4,166,NA,NA,NA,0
760,4,166,NA,NA,NA,0
761,4,166,NA,NA,NA,0
762,4,167,NA,NA,NA,0
763,4,167,NA,NA,NA,0
764,4,167,NA,NA,NA,0
765,4,167,NA,NA,NA,0
766,6,168,"E",322,4,0
767,6,168,"H",363,2,0
768,6,168,"E",328,4,2
769,6,168,NA,NA,NA,0
770,6,168,"H",352,2,0
771,6,168,NA,NA,NA,0
772,3,169,NA,NA,NA,0
773,3,169,NA,NA,NA,0
774,3,169,NA,NA,NA,0
775,5,170,NA,NA,NA,0
776,5,170,NA,NA,NA,0
777,5,170,NA,NA,NA,0
778,5,170,NA,NA,NA,0
779,5,170,NA,NA,NA,0
780,3,171,NA,NA,NA,0
781,3,171,"E",241,2,0
782,3,171,NA,NA,NA,0
783,3,172,NA,NA,NA,0
784,3,172,NA,NA,NA,0
785,3,172,NA,NA,NA,0
786,4,173,NA,NA,NA,0
787,4,173,NA,NA,NA,0
788,4,173,"E",199,3,0
789,4,173,NA,NA,NA,0
790,6,174,NA,NA,NA,0
791,6,174,NA,NA,NA,0
792,6,174,NA,NA,NA,0
793,6,174,NA,NA,NA,0
794,6,174,"E",NA,NA,0
795,6,174,NA,NA,NA,0
796,3,175,NA,NA,NA,0
797,3,175,"E",41,2,0
798,3,175,NA,NA,NA,0
799,4,176,"H",164,1,1
800,4,176,"E",123,2,1
801,4,176,"H",190,0,0
802,4,176,"E",81,3,0
803,4,177,NA,NA,NA,0
804,4,177,NA,NA,NA,0
805,4,177,NA,NA,NA,0
806,4,177,NA,NA,NA,0
807,6,178,"E",271,5,0
808,6,178,NA,NA,NA,0
809,6,178,NA,NA,NA,0
810,6,178,NA,NA,NA,0
811,6,178,NA,NA,NA,0
812,6,178,NA,NA,NA,0
813,5,179,NA,NA,NA,0
814,5,179,NA,NA,NA,0
815,5,179,"E",313,4,0
816,5,179,NA,NA,NA,0
817,5,179,NA,NA,NA,0
818,3,180,NA,NA,NA,0
819,3,180,NA,NA,NA,0
820,3,180,NA,NA,NA,0
821,5,181,NA,NA,NA,0
822,5,181,NA,NA,NA,0
823,5,181,NA,NA,NA,0
824,5,181,NA,NA,NA,0
825,5,181,"E",270,4,0
826,3,182,"E",NA,NA,0
827,3,182,NA,NA,NA,0
828,3,182,NA,NA,NA,0
829,3,183,NA,NA,NA,0
830,3,183,NA,NA,NA,0
831,3,183,NA,NA,NA,0
832,3,184,NA,NA,NA,0
833,3,184,"E",200,2,0
834,3,184,NA,NA,NA,0
835,4,185,NA,NA,NA,0
836,4,185,NA,NA,NA,0
837,4,185,NA,NA,NA,0
838,4,185,NA,NA,NA,0
839,3,186,NA,NA,NA,0
840,3,186,NA,NA,NA,0
841,3,186,NA,NA,NA,0
842,5,187,NA,NA,NA,0
843,5,187,NA,NA,NA,0
844,5,187,NA,NA,NA,0
845,5,187,NA,NA,NA,0
846,5,187,NA,NA,NA,0
847,4,188,NA,NA,NA,0
848,4,188,NA,NA,NA,0
849,4,188,NA,NA,NA,0
850,4,188,NA,NA,NA,0
851,4,189,NA,NA,NA,0
852,4,189,NA,NA,NA,0
853,4,189,NA,NA,NA,0
854,4,189,NA,NA,NA,0
855,4,190,NA,NA,NA,0
856,4,190,NA,NA,NA,0
857,4,190,NA,NA,NA,0
858,4,190,NA,NA,NA,0
859,5,191,NA,NA,NA,0
860,5,191,NA,NA,NA,0
861,5,191,NA,NA,NA,0
862,5,191,NA,NA,NA,0
863,5,191,NA,NA,NA,0
864,4,192,NA,NA,NA,0
865,4,192,NA,NA,NA,0
866,4,192,NA,NA,NA,0
867,4,192,NA,NA,NA,0
868,3,193,"H",363,0,0
869,3,193,"E",338,1,1
870,3,193,"E",27,2,0
871,3,194,NA,NA,NA,0
872,3,194,NA,NA,NA,0
873,3,194,NA,NA,NA,0
874,3,195,NA,NA,NA,0
875,3,195,NA,NA,NA,0
876,3,195,NA,NA,NA,0
877,3,196,NA,NA,NA,0
878,3,196,NA,NA,NA,0
879,3,196,"C",318,2,0
880,4,197,NA,NA,NA,0
881,4,197,NA,NA,NA,0
882,4,197,NA,NA,NA,0
883,4,197,NA,NA,NA,0
884,3,198,NA,NA,NA,0
885,3,198,NA,NA,NA,0
886,3,198,NA,NA,NA,0
887,4,199,NA,NA,NA,0
888,4,199,NA,NA,NA,0
889,4,199,NA,NA,NA,0
890,4,199,NA,NA,NA,0
891,6,200,NA,NA,NA,0
892,6,200,NA,NA,NA,0
893,6,200,NA,NA,NA,0
894,6,200,NA,NA,NA,0
895,6,200,NA,NA,NA,0
896,6,200,"E",229,5,0
897,4,201,NA,NA,NA,0
898,4,201,NA,NA,NA,0
899,4,201,NA,NA,NA,0
900,4,201,NA,NA,NA,0
901,5,202,NA,NA,NA,0
902,5,202,NA,NA,NA,0
903,5,202,NA,NA,NA,0
904,5,202,NA,NA,NA,0
905,5,202,NA,NA,NA,0
906,3,203,NA,NA,NA,0
907,3,203,NA,NA,NA,0
908,3,203,NA,NA,NA,0
909,4,204,NA,NA,NA,0
910,4,204,NA,NA,NA,0
911,4,204,NA,NA,NA,0
912,4,204,NA,NA,NA,0
913,6,205,NA,NA,NA,0
914,6,205,NA,NA,NA,0
915,6,205,NA,NA,NA,0
916,6,205,NA,NA,NA,0
917,6,205,NA,NA,NA,0
918,6,205,"E",284,5,0
919,6,206,NA,NA,NA,0
920,6,206,NA,NA,NA,0
921,6,206,NA,NA,NA,0
922,6,206,"E",NA,NA,0
923,6,206,NA,NA,NA,0
924,6,206,NA,NA,NA,0
925,5,207,NA,NA,NA,0
926,5,207,NA,NA,NA,0
927,5,207,NA,NA,NA,0
928,5,207,"E",NA,NA,0
929,5,207,NA,NA,NA,0
930,4,208,"E",240,3,0
931,4,208,NA,NA,NA,0
932,4,208,NA,NA,NA,0
933,4,208,NA,NA,NA,0
934,5,209,NA,NA,NA,0
935,5,209,NA,NA,NA,0
936,5,209,NA,NA,NA,0
937,5,209,NA,NA,NA,0
938,5,209,NA,NA,NA,0
939,4,210,NA,NA,NA,0
940,4,210,NA,NA,NA,0
941,4,210,NA,NA,NA,0
942,4,210,NA,NA,NA,0
943,5,211,NA,NA,NA,0
944,5,211,NA,NA,NA,0
945,5,211,NA,NA,NA,0
946,5,211,NA,NA,NA,0
947,5,211,NA,NA,NA,0
948,4,212,"E",324,3,0
949,4,212,NA,NA,NA,0
950,4,212,NA,NA,NA,0
951,4,212,NA,NA,NA,0
952,5,213,"E",269,3,0
953,5,213,NA,NA,NA,0
954,5,213,NA,NA,NA,0
955,5,213,"E",246,4,0
956,5,213,NA,NA,NA,0
957,6,214,NA,NA,NA,0
958,6,214,NA,NA,NA,0
959,6,214,NA,NA,NA,0
960,6,214,NA,NA,NA,0
961,6,214,NA,NA,NA,0
962,6,214,NA,NA,NA,0
963,3,215,NA,NA,NA,0
964,3,215,NA,NA,NA,0
965,3,215,NA,NA,NA,0
966,5,216,NA,NA,NA,0
967,5,216,NA,NA,NA,0
968,5,216,NA,NA,NA,0
969,5,216,NA,NA,NA,0
970,5,216,NA,NA,NA,0
971,6,217,NA,NA,NA,0
972,6,217,NA,NA,NA,0
973,6,217,NA,NA,NA,0
974,6,217,NA,NA,NA,0
975,6,217,NA,NA,NA,0
976,6,217,NA,NA,NA,0
977,6,218,NA,NA,NA,0
978,6,218,NA,NA,NA,0
979,6,218,NA,NA,NA,0
980,6,218,NA,NA,NA,0
981,6,218,NA,NA,NA,0
982,6,218,NA,NA,NA,0
983,6,219,"E",344,5,1
984,6,219,NA,NA,NA,0
985,6,219,NA,NA,NA,0
986,6,219,NA,NA,NA,0
987,6,219,NA,NA,NA,0
988,6,219,"H",NA,NA,0
989,5,220,"E",307,3,0
990,5,220,"E",67,4,0
991,5,220,NA,NA,NA,0
992,5,220,NA,NA,NA,0
993,5,220,NA,NA,NA,0
994,4,221,NA,NA,NA,0
995,4,221,NA,NA,NA,0
996,4,221,"E",71,3,0
997,4,221,NA,NA,NA,0
998,3,222,NA,NA,NA,0
999,3,222,NA,NA,NA,0
1000,3,222,NA,NA,NA,0
