"ID","SIZE","HH","TYPE","TIME","S_NUM","I_NUM"
1,3,1,"0",NA,NA,0
2,3,1,NA,NA,NA,0
3,3,1,NA,NA,NA,0
4,3,2,NA,NA,NA,0
5,3,2,"E",340,2,0
6,3,2,NA,NA,NA,0
7,3,3,NA,NA,NA,0
8,3,3,NA,NA,NA,0
9,3,3,NA,NA,NA,0
10,4,4,NA,NA,NA,0
11,4,4,NA,NA,NA,0
12,4,4,NA,NA,NA,0
13,4,4,NA,NA,NA,0
14,4,5,NA,NA,NA,0
15,4,5,NA,NA,NA,0
16,4,5,"E",104,3,0
17,4,5,NA,NA,NA,0
18,6,6,NA,NA,NA,0
19,6,6,NA,NA,NA,0
20,6,6,NA,NA,NA,0
21,6,6,NA,NA,NA,0
22,6,6,NA,NA,NA,0
23,6,6,NA,NA,NA,0
24,3,7,NA,NA,NA,0
25,3,7,NA,NA,NA,0
26,3,7,NA,NA,NA,0
27,6,8,NA,NA,NA,0
28,6,8,NA,NA,NA,0
29,6,8,NA,NA,NA,0
30,6,8,NA,NA,NA,0
31,6,8,"E",153,5,0
32,6,8,NA,NA,NA,0
33,6,9,NA,NA,NA,0
34,6,9,NA,NA,NA,0
35,6,9,NA,NA,NA,0
36,6,9,NA,NA,NA,0
37,6,9,NA,NA,NA,0
38,6,9,NA,NA,NA,0
39,4,10,NA,NA,NA,0
40,4,10,NA,NA,NA,0
41,4,10,NA,NA,NA,0
42,4,10,NA,NA,NA,0
43,6,11,"H",NA,NA,0
44,6,11,"H",349,4,1
45,6,11,"E",323,5,1
46,6,11,NA,NA,NA,0
47,6,11,NA,NA,NA,0
48,6,11,NA,NA,NA,0
49,6,12,"H",252,2,0
50,6,12,"E",216,3,1
51,6,12,"H",77,4,0
52,6,12,NA,NA,NA,0
53,6,12,"E",58,5,1
54,6,12,NA,NA,NA,0
55,6,13,NA,NA,NA,0
56,6,13,NA,NA,NA,0
57,6,13,NA,NA,NA,0
58,6,13,NA,NA,NA,0
59,6,13,NA,NA,NA,0
60,6,13,NA,NA,NA,0
61,4,14,NA,NA,NA,0
62,4,14,NA,NA,NA,0
63,4,14,NA,NA,NA,0
64,4,14,NA,NA,NA,0
65,4,15,NA,NA,NA,0
66,4,15,NA,NA,NA,0
67,4,15,NA,NA,NA,0
68,4,15,NA,NA,NA,0
69,3,16,"E",107,2,0
70,3,16,NA,NA,NA,0
71,3,16,NA,NA,NA,0
72,5,17,NA,NA,NA,0
73,5,17,NA,NA,NA,0
74,5,17,NA,NA,NA,0
75,5,17,NA,NA,NA,0
76,5,17,NA,NA,NA,0
77,3,18,NA,NA,NA,0
78,3,18,NA,NA,NA,0
79,3,18,NA,NA,NA,0
80,6,19,NA,NA,NA,0
81,6,19,NA,NA,NA,0
82,6,19,NA,NA,NA,0
83,6,19,NA,NA,NA,0
84,6,19,NA,NA,NA,0
85,6,19,NA,NA,NA,0
86,4,20,"H",214,2,0
87,4,20,NA,NA,NA,0
88,4,20,"E",190,3,1
89,4,20,NA,NA,NA,0
90,5,21,"E",83,4,1
91,5,21,NA,NA,NA,0
92,5,21,NA,NA,NA,0
93,5,21,NA,NA,NA,0
94,5,21,"H",109,3,0
95,5,22,NA,NA,NA,0
96,5,22,NA,NA,NA,0
97,5,22,NA,NA,NA,0
98,5,22,NA,NA,NA,0
99,5,22,NA,NA,NA,0
100,3,23,NA,NA,NA,0
101,3,23,NA,NA,NA,0
102,3,23,NA,NA,NA,0
103,3,24,NA,NA,NA,0
104,3,24,NA,NA,NA,0
105,3,24,NA,NA,NA,0
106,3,25,NA,NA,NA,0
107,3,25,NA,NA,NA,0
108,3,25,NA,NA,NA,0
109,3,26,NA,NA,NA,0
110,3,26,NA,NA,NA,0
111,3,26,NA,NA,NA,0
112,6,27,NA,NA,NA,0
113,6,27,NA,NA,NA,0
114,6,27,NA,NA,NA,0
115,6,27,NA,NA,NA,0
116,6,27,"E",213,5,1
117,6,27,"H",256,4,0
118,4,28,NA,NA,NA,0
119,4,28,NA,NA,NA,0
120,4,28,NA,NA,NA,0
121,4,28,NA,NA,NA,0
122,6,29,NA,NA,NA,0
123,6,29,NA,NA,NA,0
124,6,29,NA,NA,NA,0
125,6,29,NA,NA,NA,0
126,6,29,NA,NA,NA,0
127,6,29,NA,NA,NA,0
128,5,30,NA,NA,NA,0
129,5,30,"E",35,4,0
130,5,30,NA,NA,NA,0
131,5,30,NA,NA,NA,0
132,5,30,NA,NA,NA,0
133,6,31,NA,NA,NA,0
134,6,31,NA,NA,NA,0
135,6,31,NA,NA,NA,0
136,6,31,"E",330,5,0
137,6,31,NA,NA,NA,0
138,6,31,NA,NA,NA,0
139,5,32,NA,NA,NA,0
140,5,32,NA,NA,NA,0
141,5,32,"H",289,3,0
142,5,32,NA,NA,NA,0
143,5,32,"E",257,4,1
144,5,33,NA,NA,NA,0
145,5,33,NA,NA,NA,0
146,5,33,NA,NA,NA,0
147,5,33,NA,NA,NA,0
148,5,33,NA,NA,NA,0
149,6,34,NA,NA,NA,0
150,6,34,NA,NA,NA,0
151,6,34,NA,NA,NA,0
152,6,34,NA,NA,NA,0
153,6,34,NA,NA,NA,0
154,6,34,NA,NA,NA,0
155,6,35,NA,NA,NA,0
156,6,35,"E",301,5,0
157,6,35,NA,NA,NA,0
158,6,35,"E",357,4,0
159,6,35,NA,NA,NA,0
160,6,35,NA,NA,NA,0
161,4,36,NA,NA,NA,0
162,4,36,NA,NA,NA,0
163,4,36,NA,NA,NA,0
164,4,36,NA,NA,NA,0
165,3,37,NA,NA,NA,0
166,3,37,NA,NA,NA,0
167,3,37,NA,NA,NA,0
168,4,38,NA,NA,NA,0
169,4,38,NA,NA,NA,0
170,4,38,NA,NA,NA,0
171,4,38,NA,NA,NA,0
172,3,39,NA,NA,NA,0
173,3,39,NA,NA,NA,0
174,3,39,NA,NA,NA,0
175,4,40,NA,NA,NA,0
176,4,40,"E",42,3,0
177,4,40,NA,NA,NA,0
178,4,40,NA,NA,NA,0
179,6,41,NA,NA,NA,0
180,6,41,NA,NA,NA,0
181,6,41,NA,NA,NA,0
182,6,41,NA,NA,NA,0
183,6,41,NA,NA,NA,0
184,6,41,NA,NA,NA,0
185,5,42,NA,NA,NA,0
186,5,42,NA,NA,NA,0
187,5,42,NA,NA,NA,0
188,5,42,NA,NA,NA,0
189,5,42,NA,NA,NA,0
190,5,43,NA,NA,NA,0
191,5,43,NA,NA,NA,0
192,5,43,"E",342,3,0
193,5,43,"E",117,4,0
194,5,43,NA,NA,NA,0
195,5,44,NA,NA,NA,0
196,5,44,"E",359,4,0
197,5,44,NA,NA,NA,0
198,5,44,NA,NA,NA,0
199,5,44,NA,NA,NA,0
200,5,45,NA,NA,NA,0
201,5,45,NA,NA,NA,0
202,5,45,NA,NA,NA,0
203,5,45,NA,NA,NA,0
204,5,45,NA,NA,NA,0
205,4,46,NA,NA,NA,0
206,4,46,NA,NA,NA,0
207,4,46,NA,NA,NA,0
208,4,46,NA,NA,NA,0
209,6,47,NA,NA,NA,0
210,6,47,NA,NA,NA,0
211,6,47,NA,NA,NA,0
212,6,47,NA,NA,NA,0
213,6,47,NA,NA,NA,0
214,6,47,NA,NA,NA,0
215,6,48,NA,NA,NA,0
216,6,48,"H",311,4,0
217,6,48,NA,NA,NA,0
218,6,48,NA,NA,NA,0
219,6,48,NA,NA,NA,0
220,6,48,"E",289,5,1
221,3,49,NA,NA,NA,0
222,3,49,NA,NA,NA,0
223,3,49,NA,NA,NA,0
224,3,50,"E",113,2,0
225,3,50,NA,NA,NA,0
226,3,50,NA,NA,NA,0
227,3,51,NA,NA,NA,0
228,3,51,NA,NA,NA,0
229,3,51,NA,NA,NA,0
230,4,52,NA,NA,NA,0
231,4,52,NA,NA,NA,0
232,4,52,NA,NA,NA,0
233,4,52,NA,NA,NA,0
234,5,53,NA,NA,NA,0
235,5,53,NA,NA,NA,0
236,5,53,NA,NA,NA,0
237,5,53,NA,NA,NA,0
238,5,53,NA,NA,NA,0
239,5,54,NA,NA,NA,0
240,5,54,NA,NA,NA,0
241,5,54,"E",312,4,0
242,5,54,NA,NA,NA,0
243,5,54,NA,NA,NA,0
244,4,55,NA,NA,NA,0
245,4,55,NA,NA,NA,0
246,4,55,NA,NA,NA,0
247,4,55,NA,NA,NA,0
248,3,56,"E",271,2,1
249,3,56,NA,NA,NA,0
250,3,56,"H",307,1,0
251,5,57,NA,NA,NA,0
252,5,57,NA,NA,NA,0
253,5,57,NA,NA,NA,0
254,5,57,NA,NA,NA,0
255,5,57,NA,NA,NA,0
256,5,58,NA,NA,NA,0
257,5,58,NA,NA,NA,0
258,5,58,NA,NA,NA,0
259,5,58,NA,NA,NA,0
260,5,58,NA,NA,NA,0
261,4,59,"E",NA,NA,0
262,4,59,NA,NA,NA,0
263,4,59,NA,NA,NA,0
264,4,59,"E",50,3,0
265,5,60,NA,NA,NA,0
266,5,60,NA,NA,NA,0
267,5,60,NA,NA,NA,0
268,5,60,NA,NA,NA,0
269,5,60,NA,NA,NA,0
270,3,61,NA,NA,NA,0
271,3,61,NA,NA,NA,0
272,3,61,NA,NA,NA,0
273,3,62,NA,NA,NA,0
274,3,62,NA,NA,NA,0
275,3,62,NA,NA,NA,0
276,3,63,NA,NA,NA,0
277,3,63,NA,NA,NA,0
278,3,63,NA,NA,NA,0
279,5,64,NA,NA,NA,0
280,5,64,NA,NA,NA,0
281,5,64,NA,NA,NA,0
282,5,64,NA,NA,NA,0
283,5,64,NA,NA,NA,0
284,4,65,NA,NA,NA,0
285,4,65,NA,NA,NA,0
286,4,65,NA,NA,NA,0
287,4,65,NA,NA,NA,0
288,6,66,NA,NA,NA,0
289,6,66,NA,NA,NA,0
290,6,66,NA,NA,NA,0
291,6,66,NA,NA,NA,0
292,6,66,NA,NA,NA,0
293,6,66,NA,NA,NA,0
294,5,67,NA,NA,NA,0
295,5,67,NA,NA,NA,0
296,5,67,NA,NA,NA,0
297,5,67,NA,NA,NA,0
298,5,67,"E",342,4,0
299,3,68,NA,NA,NA,0
300,3,68,NA,NA,NA,0
301,3,68,NA,NA,NA,0
302,4,69,NA,NA,NA,0
303,4,69,NA,NA,NA,0
304,4,69,NA,NA,NA,0
305,4,69,NA,NA,NA,0
306,4,70,NA,NA,NA,0
307,4,70,NA,NA,NA,0
308,4,70,NA,NA,NA,0
309,4,70,NA,NA,NA,0
310,5,71,NA,NA,NA,0
311,5,71,NA,NA,NA,0
312,5,71,NA,NA,NA,0
313,5,71,NA,NA,NA,0
314,5,71,NA,NA,NA,0
315,4,72,"E",228,3,0
316,4,72,NA,NA,NA,0
317,4,72,NA,NA,NA,0
318,4,72,NA,NA,NA,0
319,6,73,NA,NA,NA,0
320,6,73,NA,NA,NA,0
321,6,73,"E",230,5,0
322,6,73,NA,NA,NA,0
323,6,73,NA,NA,NA,0
324,6,73,NA,NA,NA,0
325,6,74,NA,NA,NA,0
326,6,74,NA,NA,NA,0
327,6,74,NA,NA,NA,0
328,6,74,NA,NA,NA,0
329,6,74,NA,NA,NA,0
330,6,74,NA,NA,NA,0
331,3,75,NA,NA,NA,0
332,3,75,NA,NA,NA,0
333,3,75,NA,NA,NA,0
334,6,76,NA,NA,NA,0
335,6,76,NA,NA,NA,0
336,6,76,NA,NA,NA,0
337,6,76,NA,NA,NA,0
338,6,76,NA,NA,NA,0
339,6,76,NA,NA,NA,0
340,3,77,"E",242,2,0
341,3,77,NA,NA,NA,0
342,3,77,NA,NA,NA,0
343,6,78,NA,NA,NA,0
344,6,78,NA,NA,NA,0
345,6,78,"E",174,5,1
346,6,78,NA,NA,NA,0
347,6,78,NA,NA,NA,0
348,6,78,"H",222,4,0
349,5,79,NA,NA,NA,0
350,5,79,NA,NA,NA,0
351,5,79,NA,NA,NA,0
352,5,79,NA,NA,NA,0
353,5,79,NA,NA,NA,0
354,5,80,NA,NA,NA,0
355,5,80,NA,NA,NA,0
356,5,80,NA,NA,NA,0
357,5,80,NA,NA,NA,0
358,5,80,NA,NA,NA,0
359,4,81,NA,NA,NA,0
360,4,81,NA,NA,NA,0
361,4,81,NA,NA,NA,0
362,4,81,NA,NA,NA,0
363,5,82,NA,NA,NA,0
364,5,82,NA,NA,NA,0
365,5,82,NA,NA,NA,0
366,5,82,"E",61,4,0
367,5,82,NA,NA,NA,0
368,5,83,NA,NA,NA,0
369,5,83,NA,NA,NA,0
370,5,83,NA,NA,NA,0
371,5,83,NA,NA,NA,0
372,5,83,NA,NA,NA,0
373,5,84,NA,NA,NA,0
374,5,84,NA,NA,NA,0
375,5,84,NA,NA,NA,0
376,5,84,NA,NA,NA,0
377,5,84,NA,NA,NA,0
378,6,85,NA,NA,NA,0
379,6,85,"E",179,5,0
380,6,85,NA,NA,NA,0
381,6,85,NA,NA,NA,0
382,6,85,NA,NA,NA,0
383,6,85,NA,NA,NA,0
384,3,86,NA,NA,NA,0
385,3,86,NA,NA,NA,0
386,3,86,NA,NA,NA,0
387,3,87,NA,NA,NA,0
388,3,87,NA,NA,NA,0
389,3,87,NA,NA,NA,0
390,4,88,NA,NA,NA,0
391,4,88,NA,NA,NA,0
392,4,88,NA,NA,NA,0
393,4,88,NA,NA,NA,0
394,5,89,NA,NA,NA,0
395,5,89,NA,NA,NA,0
396,5,89,NA,NA,NA,0
397,5,89,NA,NA,NA,0
398,5,89,NA,NA,NA,0
399,5,90,"E",270,4,0
400,5,90,NA,NA,NA,0
401,5,90,NA,NA,NA,0
402,5,90,NA,NA,NA,0
403,5,90,NA,NA,NA,0
404,3,91,"E",122,2,1
405,3,91,"H",141,1,0
406,3,91,NA,NA,NA,0
407,5,92,NA,NA,NA,0
408,5,92,NA,NA,NA,0
409,5,92,NA,NA,NA,0
410,5,92,NA,NA,NA,0
411,5,92,NA,NA,NA,0
412,4,93,NA,NA,NA,0
413,4,93,NA,NA,NA,0
414,4,93,NA,NA,NA,0
415,4,93,NA,NA,NA,0
416,4,94,NA,NA,NA,0
417,4,94,NA,NA,NA,0
418,4,94,NA,NA,NA,0
419,4,94,"E",90,3,0
420,5,95,NA,NA,NA,0
421,5,95,NA,NA,NA,0
422,5,95,"E",202,4,0
423,5,95,NA,NA,NA,0
424,5,95,NA,NA,NA,0
425,4,96,NA,NA,NA,0
426,4,96,NA,NA,NA,0
427,4,96,NA,NA,NA,0
428,4,96,NA,NA,NA,0
429,5,97,NA,NA,NA,0
430,5,97,NA,NA,NA,0
431,5,97,NA,NA,NA,0
432,5,97,NA,NA,NA,0
433,5,97,NA,NA,NA,0
434,3,98,NA,NA,NA,0
435,3,98,NA,NA,NA,0
436,3,98,NA,NA,NA,0
437,3,99,NA,NA,NA,0
438,3,99,NA,NA,NA,0
439,3,99,NA,NA,NA,0
440,6,100,NA,NA,NA,0
441,6,100,NA,NA,NA,0
442,6,100,NA,NA,NA,0
443,6,100,NA,NA,NA,0
444,6,100,NA,NA,NA,0
445,6,100,NA,NA,NA,0
446,6,101,NA,NA,NA,0
447,6,101,NA,NA,NA,0
448,6,101,NA,NA,NA,0
449,6,101,NA,NA,NA,0
450,6,101,NA,NA,NA,0
451,6,101,NA,NA,NA,0
452,4,102,NA,NA,NA,0
453,4,102,NA,NA,NA,0
454,4,102,NA,NA,NA,0
455,4,102,NA,NA,NA,0
456,6,103,NA,NA,NA,0
457,6,103,NA,NA,NA,0
458,6,103,NA,NA,NA,0
459,6,103,NA,NA,NA,0
460,6,103,NA,NA,NA,0
461,6,103,NA,NA,NA,0
462,3,104,NA,NA,NA,0
463,3,104,NA,NA,NA,0
464,3,104,NA,NA,NA,0
465,3,105,NA,NA,NA,0
466,3,105,NA,NA,NA,0
467,3,105,"E",276,2,0
468,3,106,NA,NA,NA,0
469,3,106,NA,NA,NA,0
470,3,106,NA,NA,NA,0
471,6,107,"E",310,5,1
472,6,107,NA,NA,NA,0
473,6,107,"H",334,4,0
474,6,107,NA,NA,NA,0
475,6,107,NA,NA,NA,0
476,6,107,NA,NA,NA,0
477,3,108,"E",116,2,0
478,3,108,NA,NA,NA,0
479,3,108,NA,NA,NA,0
480,6,109,NA,NA,NA,0
481,6,109,NA,NA,NA,0
482,6,109,NA,NA,NA,0
483,6,109,NA,NA,NA,0
484,6,109,NA,NA,NA,0
485,6,109,NA,NA,NA,0
486,3,110,NA,NA,NA,0
487,3,110,NA,NA,NA,0
488,3,110,NA,NA,NA,0
489,4,111,NA,NA,NA,0
490,4,111,"E",94,3,0
491,4,111,NA,NA,NA,0
492,4,111,NA,NA,NA,0
493,5,112,NA,NA,NA,0
494,5,112,NA,NA,NA,0
495,5,112,NA,NA,NA,0
496,5,112,NA,NA,NA,0
497,5,112,NA,NA,NA,0
498,3,113,NA,NA,NA,0
499,3,113,NA,NA,NA,0
500,3,113,NA,NA,NA,0
501,6,114,NA,NA,NA,0
502,6,114,NA,NA,NA,0
503,6,114,NA,NA,NA,0
504,6,114,NA,NA,NA,0
505,6,114,NA,NA,NA,0
506,6,114,NA,NA,NA,0
507,6,115,"H",269,1,0
508,6,115,"H",187,4,1
509,6,115,NA,NA,NA,0
510,6,115,"E",166,5,1
511,6,115,"H",239,3,2
512,6,115,"H",277,1,0
513,6,116,NA,NA,NA,0
514,6,116,NA,NA,NA,0
515,6,116,NA,NA,NA,0
516,6,116,NA,NA,NA,0
517,6,116,NA,NA,NA,0
518,6,116,NA,NA,NA,0
519,4,117,NA,NA,NA,0
520,4,117,NA,NA,NA,0
521,4,117,NA,NA,NA,0
522,4,117,NA,NA,NA,0
523,3,118,NA,NA,NA,0
524,3,118,NA,NA,NA,0
525,3,118,NA,NA,NA,0
526,3,119,"E",52,2,0
527,3,119,NA,NA,NA,0
528,3,119,NA,NA,NA,0
529,5,120,NA,NA,NA,0
530,5,120,NA,NA,NA,0
531,5,120,NA,NA,NA,0
532,5,120,NA,NA,NA,0
533,5,120,NA,NA,NA,0
534,3,121,"E",NA,NA,0
535,3,121,NA,NA,NA,0
536,3,121,NA,NA,NA,0
537,4,122,NA,NA,NA,0
538,4,122,NA,NA,NA,0
539,4,122,NA,NA,NA,0
540,4,122,NA,NA,NA,0
541,4,123,NA,NA,NA,0
542,4,123,NA,NA,NA,0
543,4,123,NA,NA,NA,0
544,4,123,NA,NA,NA,0
545,3,124,"E",263,2,0
546,3,124,NA,NA,NA,0
547,3,124,NA,NA,NA,0
548,6,125,NA,NA,NA,0
549,6,125,NA,NA,NA,0
550,6,125,NA,NA,NA,0
551,6,125,NA,NA,NA,0
552,6,125,"E",39,5,0
553,6,125,NA,NA,NA,0
554,3,126,NA,NA,NA,0
555,3,126,NA,NA,NA,0
556,3,126,NA,NA,NA,0
557,6,127,NA,NA,NA,0
558,6,127,NA,NA,NA,0
559,6,127,"E",335,5,0
560,6,127,NA,NA,NA,0
561,6,127,NA,NA,NA,0
562,6,127,NA,NA,NA,0
563,5,128,NA,NA,NA,0
564,5,128,NA,NA,NA,0
565,5,128,NA,NA,NA,0
566,5,128,NA,NA,NA,0
567,5,128,NA,NA,NA,0
568,6,129,NA,NA,NA,0
569,6,129,NA,NA,NA,0
570,6,129,"E",180,4,1
571,6,129,"E",32,5,0
572,6,129,"H",224,3,0
573,6,129,NA,NA,NA,0
574,4,130,NA,NA,NA,0
575,4,130,NA,NA,NA,0
576,4,130,NA,NA,NA,0
577,4,130,NA,NA,NA,0
578,3,131,NA,NA,NA,0
579,3,131,"E",NA,NA,0
580,3,131,NA,NA,NA,0
581,3,132,NA,NA,NA,0
582,3,132,NA,NA,NA,0
583,3,132,NA,NA,NA,0
584,4,133,NA,NA,NA,0
585,4,133,NA,NA,NA,0
586,4,133,NA,NA,NA,0
587,4,133,NA,NA,NA,0
588,3,134,"H",231,1,0
589,3,134,"E",183,2,1
590,3,134,"E",353,0,0
591,5,135,NA,NA,NA,0
592,5,135,NA,NA,NA,0
593,5,135,NA,NA,NA,0
594,5,135,"E",323,4,0
595,5,135,NA,NA,NA,0
596,4,136,NA,NA,NA,0
597,4,136,NA,NA,NA,0
598,4,136,NA,NA,NA,0
599,4,136,NA,NA,NA,0
600,5,137,"E",113,4,0
601,5,137,"E",199,3,0
602,5,137,NA,NA,NA,0
603,5,137,NA,NA,NA,0
604,5,137,NA,NA,NA,0
605,6,138,NA,NA,NA,0
606,6,138,NA,NA,NA,0
607,6,138,NA,NA,NA,0
608,6,138,NA,NA,NA,0
609,6,138,"E",63,5,0
610,6,138,"E",247,4,0
611,5,139,NA,NA,NA,0
612,5,139,NA,NA,NA,0
613,5,139,NA,NA,NA,0
614,5,139,NA,NA,NA,0
615,5,139,NA,NA,NA,0
616,6,140,NA,NA,NA,0
617,6,140,"H",115,4,0
618,6,140,NA,NA,NA,0
619,6,140,"E",68,5,1
620,6,140,NA,NA,NA,0
621,6,140,NA,NA,NA,0
622,5,141,NA,NA,NA,0
623,5,141,NA,NA,NA,0
624,5,141,NA,NA,NA,0
625,5,141,NA,NA,NA,0
626,5,141,NA,NA,NA,0
627,4,142,NA,NA,NA,0
628,4,142,NA,NA,NA,0
629,4,142,NA,NA,NA,0
630,4,142,NA,NA,NA,0
631,4,143,NA,NA,NA,0
632,4,143,"E",267,3,0
633,4,143,NA,NA,NA,0
634,4,143,NA,NA,NA,0
635,6,144,NA,NA,NA,0
636,6,144,NA,NA,NA,0
637,6,144,NA,NA,NA,0
638,6,144,NA,NA,NA,0
639,6,144,NA,NA,NA,0
640,6,144,NA,NA,NA,0
641,6,145,NA,NA,NA,0
642,6,145,NA,NA,NA,0
643,6,145,NA,NA,NA,0
644,6,145,NA,NA,NA,0
645,6,145,NA,NA,NA,0
646,6,145,NA,NA,NA,0
647,5,146,NA,NA,NA,0
648,5,146,NA,NA,NA,0
649,5,146,NA,NA,NA,0
650,5,146,"E",360,4,0
651,5,146,NA,NA,NA,0
652,3,147,NA,NA,NA,0
653,3,147,NA,NA,NA,0
654,3,147,"E",284,2,0
655,3,148,NA,NA,NA,0
656,3,148,NA,NA,NA,0
657,3,148,NA,NA,NA,0
658,3,149,NA,NA,NA,0
659,3,149,NA,NA,NA,0
660,3,149,NA,NA,NA,0
661,5,150,NA,NA,NA,0
662,5,150,NA,NA,NA,0
663,5,150,NA,NA,NA,0
664,5,150,NA,NA,NA,0
665,5,150,NA,NA,NA,0
666,6,151,NA,NA,NA,0
667,6,151,NA,NA,NA,0
668,6,151,NA,NA,NA,0
669,6,151,NA,NA,NA,0
670,6,151,NA,NA,NA,0
671,6,151,NA,NA,NA,0
672,4,152,NA,NA,NA,0
673,4,152,"H",98,2,0
674,4,152,"E",59,3,1
675,4,152,NA,NA,NA,0
676,3,153,NA,NA,NA,0
677,3,153,NA,NA,NA,0
678,3,153,NA,NA,NA,0
679,3,154,NA,NA,NA,0
680,3,154,NA,NA,NA,0
681,3,154,NA,NA,NA,0
682,4,155,NA,NA,NA,0
683,4,155,NA,NA,NA,0
684,4,155,NA,NA,NA,0
685,4,155,NA,NA,NA,0
686,4,156,NA,NA,NA,0
687,4,156,NA,NA,NA,0
688,4,156,NA,NA,NA,0
689,4,156,NA,NA,NA,0
690,4,157,NA,NA,NA,0
691,4,157,NA,NA,NA,0
692,4,157,NA,NA,NA,0
693,4,157,NA,NA,NA,0
694,6,158,"E",126,5,1
695,6,158,NA,NA,NA,0
696,6,158,NA,NA,NA,0
697,6,158,NA,NA,NA,0
698,6,158,"H",137,4,0
699,6,158,NA,NA,NA,0
700,5,159,NA,NA,NA,0
701,5,159,NA,NA,NA,0
702,5,159,NA,NA,NA,0
703,5,159,NA,NA,NA,0
704,5,159,NA,NA,NA,0
705,5,160,"E",299,4,0
706,5,160,NA,NA,NA,0
707,5,160,NA,NA,NA,0
708,5,160,NA,NA,NA,0
709,5,160,NA,NA,NA,0
710,3,161,NA,NA,NA,0
711,3,161,NA,NA,NA,0
712,3,161,NA,NA,NA,0
713,4,162,NA,NA,NA,0
714,4,162,"E",NA,NA,0
715,4,162,NA,NA,NA,0
716,4,162,NA,NA,NA,0
717,4,163,NA,NA,NA,0
718,4,163,NA,NA,NA,0
719,4,163,NA,NA,NA,0
720,4,163,NA,NA,NA,0
721,6,164,"H",66,4,0
722,6,164,NA,NA,NA,0
723,6,164,NA,NA,NA,0
724,6,164,NA,NA,NA,0
725,6,164,"E",26,5,1
726,6,164,NA,NA,NA,0
727,4,165,NA,NA,NA,0
728,4,165,NA,NA,NA,0
729,4,165,"E",360,3,0
730,4,165,NA,NA,NA,0
731,5,166,NA,NA,NA,0
732,5,166,NA,NA,NA,0
733,5,166,NA,NA,NA,0
734,5,166,NA,NA,NA,0
735,5,166,NA,NA,NA,0
736,3,167,NA,NA,NA,0
737,3,167,NA,NA,NA,0
738,3,167,NA,NA,NA,0
739,3,168,NA,NA,NA,0
740,3,168,NA,NA,NA,0
741,3,168,NA,NA,NA,0
742,3,169,NA,NA,NA,0
743,3,169,NA,NA,NA,0
744,3,169,NA,NA,NA,0
745,5,170,"E",280,4,0
746,5,170,NA,NA,NA,0
747,5,170,NA,NA,NA,0
748,5,170,NA,NA,NA,0
749,5,170,NA,NA,NA,0
750,5,171,"E",236,4,0
751,5,171,NA,NA,NA,0
752,5,171,NA,NA,NA,0
753,5,171,NA,NA,NA,0
754,5,171,NA,NA,NA,0
755,5,172,NA,NA,NA,0
756,5,172,NA,NA,NA,0
757,5,172,NA,NA,NA,0
758,5,172,NA,NA,NA,0
759,5,172,NA,NA,NA,0
760,4,173,NA,NA,NA,0
761,4,173,NA,NA,NA,0
762,4,173,NA,NA,NA,0
763,4,173,NA,NA,NA,0
764,4,174,NA,NA,NA,0
765,4,174,NA,NA,NA,0
766,4,174,NA,NA,NA,0
767,4,174,NA,NA,NA,0
768,3,175,"E",251,2,0
769,3,175,NA,NA,NA,0
770,3,175,NA,NA,NA,0
771,6,176,NA,NA,NA,0
772,6,176,NA,NA,NA,0
773,6,176,NA,NA,NA,0
774,6,176,NA,NA,NA,0
775,6,176,NA,NA,NA,0
776,6,176,NA,NA,NA,0
777,4,177,NA,NA,NA,0
778,4,177,NA,NA,NA,0
779,4,177,NA,NA,NA,0
780,4,177,NA,NA,NA,0
781,3,178,NA,NA,NA,0
782,3,178,NA,NA,NA,0
783,3,178,NA,NA,NA,0
784,3,179,NA,NA,NA,0
785,3,179,NA,NA,NA,0
786,3,179,NA,NA,NA,0
787,4,180,NA,NA,NA,0
788,4,180,NA,NA,NA,0
789,4,180,NA,NA,NA,0
790,4,180,NA,NA,NA,0
791,5,181,NA,NA,NA,0
792,5,181,NA,NA,NA,0
793,5,181,NA,NA,NA,0
794,5,181,NA,NA,NA,0
795,5,181,NA,NA,NA,0
796,6,182,NA,NA,NA,0
797,6,182,NA,NA,NA,0
798,6,182,NA,NA,NA,0
799,6,182,"E",125,4,0
800,6,182,"E",100,5,0
801,6,182,NA,NA,NA,0
802,5,183,NA,NA,NA,0
803,5,183,NA,NA,NA,0
804,5,183,NA,NA,NA,0
805,5,183,NA,NA,NA,0
806,5,183,NA,NA,NA,0
807,5,184,"H",56,3,0
808,5,184,NA,NA,NA,0
809,5,184,NA,NA,NA,0
810,5,184,NA,NA,NA,0
811,5,184,"E",35,4,1
812,6,185,NA,NA,NA,0
813,6,185,NA,NA,NA,0
814,6,185,NA,NA,NA,0
815,6,185,NA,NA,NA,0
816,6,185,NA,NA,NA,0
817,6,185,NA,NA,NA,0
818,4,186,NA,NA,NA,0
819,4,186,"E",312,3,0
820,4,186,NA,NA,NA,0
821,4,186,NA,NA,NA,0
822,5,187,NA,NA,NA,0
823,5,187,"E",265,4,0
824,5,187,NA,NA,NA,0
825,5,187,NA,NA,NA,0
826,5,187,NA,NA,NA,0
827,5,188,NA,NA,NA,0
828,5,188,NA,NA,NA,0
829,5,188,NA,NA,NA,0
830,5,188,NA,NA,NA,0
831,5,188,NA,NA,NA,0
832,5,189,NA,NA,NA,0
833,5,189,NA,NA,NA,0
834,5,189,NA,NA,NA,0
835,5,189,NA,NA,NA,0
836,5,189,NA,NA,NA,0
837,6,190,NA,NA,NA,0
838,6,190,NA,NA,NA,0
839,6,190,NA,NA,NA,0
840,6,190,NA,NA,NA,0
841,6,190,NA,NA,NA,0
842,6,190,"E",147,5,0
843,5,191,NA,NA,NA,0
844,5,191,NA,NA,NA,0
845,5,191,NA,NA,NA,0
846,5,191,NA,NA,NA,0
847,5,191,"E",323,4,0
848,3,192,NA,NA,NA,0
849,3,192,NA,NA,NA,0
850,3,192,NA,NA,NA,0
851,3,193,"E",195,2,0
852,3,193,NA,NA,NA,0
853,3,193,NA,NA,NA,0
854,6,194,"E",238,5,0
855,6,194,NA,NA,NA,0
856,6,194,NA,NA,NA,0
857,6,194,NA,NA,NA,0
858,6,194,NA,NA,NA,0
859,6,194,NA,NA,NA,0
860,3,195,NA,NA,NA,0
861,3,195,NA,NA,NA,0
862,3,195,NA,NA,NA,0
863,5,196,NA,NA,NA,0
864,5,196,NA,NA,NA,0
865,5,196,NA,NA,NA,0
866,5,196,NA,NA,NA,0
867,5,196,NA,NA,NA,0
868,4,197,NA,NA,NA,0
869,4,197,NA,NA,NA,0
870,4,197,NA,NA,NA,0
871,4,197,NA,NA,NA,0
872,6,198,NA,NA,NA,0
873,6,198,NA,NA,NA,0
874,6,198,NA,NA,NA,0
875,6,198,NA,NA,NA,0
876,6,198,NA,NA,NA,0
877,6,198,NA,NA,NA,0
878,6,199,NA,NA,NA,0
879,6,199,"E",94,5,0
880,6,199,NA,NA,NA,0
881,6,199,NA,NA,NA,0
882,6,199,NA,NA,NA,0
883,6,199,NA,NA,NA,0
884,6,200,NA,NA,NA,0
885,6,200,NA,NA,NA,0
886,6,200,NA,NA,NA,0
887,6,200,NA,NA,NA,0
888,6,200,NA,NA,NA,0
889,6,200,NA,NA,NA,0
890,3,201,NA,NA,NA,0
891,3,201,NA,NA,NA,0
892,3,201,NA,NA,NA,0
893,6,202,NA,NA,NA,0
894,6,202,NA,NA,NA,0
895,6,202,NA,NA,NA,0
896,6,202,NA,NA,NA,0
897,6,202,NA,NA,NA,0
898,6,202,NA,NA,NA,0
899,6,203,NA,NA,NA,0
900,6,203,NA,NA,NA,0
901,6,203,NA,NA,NA,0
902,6,203,NA,NA,NA,0
903,6,203,NA,NA,NA,0
904,6,203,NA,NA,NA,0
905,6,204,NA,NA,NA,0
906,6,204,NA,NA,NA,0
907,6,204,NA,NA,NA,0
908,6,204,NA,NA,NA,0
909,6,204,NA,NA,NA,0
910,6,204,NA,NA,NA,0
911,6,205,NA,NA,NA,0
912,6,205,"E",275,5,1
913,6,205,NA,NA,NA,0
914,6,205,NA,NA,NA,0
915,6,205,"H",307,4,0
916,6,205,NA,NA,NA,0
917,6,206,NA,NA,NA,0
918,6,206,NA,NA,NA,0
919,6,206,NA,NA,NA,0
920,6,206,NA,NA,NA,0
921,6,206,NA,NA,NA,0
922,6,206,NA,NA,NA,0
923,3,207,NA,NA,NA,0
924,3,207,NA,NA,NA,0
925,3,207,NA,NA,NA,0
926,3,208,NA,NA,NA,0
927,3,208,NA,NA,NA,0
928,3,208,NA,NA,NA,0
929,4,209,NA,NA,NA,0
930,4,209,NA,NA,NA,0
931,4,209,"E",NA,NA,0
932,4,209,NA,NA,NA,0
933,4,210,NA,NA,NA,0
934,4,210,NA,NA,NA,0
935,4,210,NA,NA,NA,0
936,4,210,NA,NA,NA,0
937,6,211,NA,NA,NA,0
938,6,211,NA,NA,NA,0
939,6,211,NA,NA,NA,0
940,6,211,NA,NA,NA,0
941,6,211,NA,NA,NA,0
942,6,211,NA,NA,NA,0
943,3,212,"E",82,2,1
944,3,212,NA,NA,NA,0
945,3,212,"H",112,1,0
946,3,213,NA,NA,NA,0
947,3,213,NA,NA,NA,0
948,3,213,NA,NA,NA,0
949,5,214,"E",323,4,0
950,5,214,NA,NA,NA,0
951,5,214,NA,NA,NA,0
952,5,214,NA,NA,NA,0
953,5,214,NA,NA,NA,0
954,5,215,NA,NA,NA,0
955,5,215,"E",338,4,1
956,5,215,NA,NA,NA,0
957,5,215,NA,NA,NA,0
958,5,215,"H",NA,NA,0
959,5,216,NA,NA,NA,0
960,5,216,NA,NA,NA,0
961,5,216,NA,NA,NA,0
962,5,216,NA,NA,NA,0
963,5,216,NA,NA,NA,0
964,5,217,NA,NA,NA,0
965,5,217,NA,NA,NA,0
966,5,217,NA,NA,NA,0
967,5,217,"E",348,4,0
968,5,217,NA,NA,NA,0
969,6,218,NA,NA,NA,0
970,6,218,NA,NA,NA,0
971,6,218,NA,NA,NA,0
972,6,218,NA,NA,NA,0
973,6,218,NA,NA,NA,0
974,6,218,NA,NA,NA,0
975,4,219,NA,NA,NA,0
976,4,219,NA,NA,NA,0
977,4,219,NA,NA,NA,0
978,4,219,NA,NA,NA,0
979,4,220,NA,NA,NA,0
980,4,220,"H",327,2,0
981,4,220,NA,NA,NA,0
982,4,220,"E",298,3,1
983,4,221,NA,NA,NA,0
984,4,221,NA,NA,NA,0
985,4,221,NA,NA,NA,0
986,4,221,NA,NA,NA,0
987,5,222,NA,NA,NA,0
988,5,222,NA,NA,NA,0
989,5,222,NA,NA,NA,0
990,5,222,NA,NA,NA,0
991,5,222,"E",144,4,0
992,6,223,NA,NA,NA,0
993,6,223,NA,NA,NA,0
994,6,223,NA,NA,NA,0
995,6,223,NA,NA,NA,0
996,6,223,NA,NA,NA,0
997,6,223,NA,NA,NA,0
998,3,224,NA,NA,NA,0
999,3,224,"E",311,2,0
1000,3,224,NA,NA,NA,0
