"ID","SIZE","HH","TYPE","TIME","S_NUM","I_NUM"
1,6,1,"0",NA,NA,0
2,6,1,NA,NA,NA,0
3,6,1,NA,NA,NA,0
4,6,1,NA,NA,NA,0
5,6,1,NA,NA,NA,0
6,6,1,NA,NA,NA,0
7,4,2,NA,NA,NA,0
8,4,2,NA,NA,NA,0
9,4,2,NA,NA,NA,0
10,4,2,NA,NA,NA,0
11,5,3,NA,NA,NA,0
12,5,3,NA,NA,NA,0
13,5,3,NA,NA,NA,0
14,5,3,NA,NA,NA,0
15,5,3,"E",132,4,0
16,3,4,NA,NA,NA,0
17,3,4,NA,NA,NA,0
18,3,4,NA,NA,NA,0
19,6,5,NA,NA,NA,0
20,6,5,"E",191,5,0
21,6,5,NA,NA,NA,0
22,6,5,NA,NA,NA,0
23,6,5,NA,NA,NA,0
24,6,5,NA,NA,NA,0
25,5,6,"E",319,3,0
26,5,6,"E",190,4,0
27,5,6,NA,NA,NA,0
28,5,6,NA,NA,NA,0
29,5,6,NA,NA,NA,0
30,6,7,NA,NA,NA,0
31,6,7,NA,NA,NA,0
32,6,7,NA,NA,NA,0
33,6,7,NA,NA,NA,0
34,6,7,NA,NA,NA,0
35,6,7,NA,NA,NA,0
36,5,8,NA,NA,NA,0
37,5,8,NA,NA,NA,0
38,5,8,NA,NA,NA,0
39,5,8,NA,NA,NA,0
40,5,8,"E",89,4,0
41,4,9,NA,NA,NA,0
42,4,9,NA,NA,NA,0
43,4,9,NA,NA,NA,0
44,4,9,NA,NA,NA,0
45,4,10,NA,NA,NA,0
46,4,10,NA,NA,NA,0
47,4,10,NA,NA,NA,0
48,4,10,NA,NA,NA,0
49,3,11,NA,NA,NA,0
50,3,11,NA,NA,NA,0
51,3,11,NA,NA,NA,0
52,4,12,"E",76,3,0
53,4,12,NA,NA,NA,0
54,4,12,NA,NA,NA,0
55,4,12,NA,NA,NA,0
56,4,13,"E",155,2,0
57,4,13,"E",164,2,0
58,4,13,NA,NA,NA,0
59,4,13,NA,NA,NA,0
60,6,14,NA,NA,NA,0
61,6,14,NA,NA,NA,0
62,6,14,NA,NA,NA,0
63,6,14,NA,NA,NA,0
64,6,14,NA,NA,NA,0
65,6,14,NA,NA,NA,0
66,3,15,"E",295,2,0
67,3,15,NA,NA,NA,0
68,3,15,NA,NA,NA,0
69,3,16,NA,NA,NA,0
70,3,16,"E",167,2,0
71,3,16,NA,NA,NA,0
72,4,17,NA,NA,NA,0
73,4,17,"E",337,2,1
74,4,17,"H",359,1,0
75,4,17,"E",139,3,0
76,3,18,NA,NA,NA,0
77,3,18,"E",165,2,0
78,3,18,NA,NA,NA,0
79,3,19,NA,NA,NA,0
80,3,19,NA,NA,NA,0
81,3,19,NA,NA,NA,0
82,6,20,NA,NA,NA,0
83,6,20,NA,NA,NA,0
84,6,20,NA,NA,NA,0
85,6,20,NA,NA,NA,0
86,6,20,NA,NA,NA,0
87,6,20,NA,NA,NA,0
88,4,21,"H",187,2,0
89,4,21,NA,NA,NA,0
90,4,21,"E",136,3,1
91,4,21,NA,NA,NA,0
92,6,22,NA,NA,NA,0
93,6,22,NA,NA,NA,0
94,6,22,NA,NA,NA,0
95,6,22,NA,NA,NA,0
96,6,22,"E",81,5,0
97,6,22,NA,NA,NA,0
98,6,23,NA,NA,NA,0
99,6,23,NA,NA,NA,0
100,6,23,NA,NA,NA,0
101,6,23,NA,NA,NA,0
102,6,23,NA,NA,NA,0
103,6,23,NA,NA,NA,0
104,3,24,NA,NA,NA,0
105,3,24,NA,NA,NA,0
106,3,24,NA,NA,NA,0
107,3,25,NA,NA,NA,0
108,3,25,NA,NA,NA,0
109,3,25,NA,NA,NA,0
110,4,26,"E",263,3,0
111,4,26,NA,NA,NA,0
112,4,26,NA,NA,NA,0
113,4,26,NA,NA,NA,0
114,4,27,NA,NA,NA,0
115,4,27,NA,NA,NA,0
116,4,27,"E",238,3,0
117,4,27,NA,NA,NA,0
118,6,28,"E",352,5,0
119,6,28,NA,NA,NA,0
120,6,28,NA,NA,NA,0
121,6,28,NA,NA,NA,0
122,6,28,NA,NA,NA,0
123,6,28,NA,NA,NA,0
124,5,29,"E",226,4,2
125,5,29,NA,NA,NA,0
126,5,29,"H",244,2,0
127,5,29,"H",268,2,0
128,5,29,NA,NA,NA,0
129,4,30,NA,NA,NA,0
130,4,30,NA,NA,NA,0
131,4,30,NA,NA,NA,0
132,4,30,NA,NA,NA,0
133,3,31,NA,NA,NA,0
134,3,31,NA,NA,NA,0
135,3,31,NA,NA,NA,0
136,3,32,NA,NA,NA,0
137,3,32,NA,NA,NA,0
138,3,32,NA,NA,NA,0
139,5,33,NA,NA,NA,0
140,5,33,NA,NA,NA,0
141,5,33,NA,NA,NA,0
142,5,33,"E",NA,NA,0
143,5,33,NA,NA,NA,0
144,4,34,NA,NA,NA,0
145,4,34,NA,NA,NA,0
146,4,34,NA,NA,NA,0
147,4,34,"E",108,3,0
148,6,35,NA,NA,NA,0
149,6,35,NA,NA,NA,0
150,6,35,NA,NA,NA,0
151,6,35,NA,NA,NA,0
152,6,35,NA,NA,NA,0
153,6,35,NA,NA,NA,0
154,3,36,NA,NA,NA,0
155,3,36,NA,NA,NA,0
156,3,36,NA,NA,NA,0
157,5,37,NA,NA,NA,0
158,5,37,NA,NA,NA,0
159,5,37,NA,NA,NA,0
160,5,37,NA,NA,NA,0
161,5,37,NA,NA,NA,0
162,3,38,NA,NA,NA,0
163,3,38,NA,NA,NA,0
164,3,38,NA,NA,NA,0
165,3,39,NA,NA,NA,0
166,3,39,NA,NA,NA,0
167,3,39,NA,NA,NA,0
168,6,40,NA,NA,NA,0
169,6,40,NA,NA,NA,0
170,6,40,NA,NA,NA,0
171,6,40,NA,NA,NA,0
172,6,40,NA,NA,NA,0
173,6,40,NA,NA,NA,0
174,3,41,NA,NA,NA,0
175,3,41,NA,NA,NA,0
176,3,41,NA,NA,NA,0
177,5,42,NA,NA,NA,0
178,5,42,NA,NA,NA,0
179,5,42,NA,NA,NA,0
180,5,42,NA,NA,NA,0
181,5,42,NA,NA,NA,0
182,5,43,NA,NA,NA,0
183,5,43,NA,NA,NA,0
184,5,43,NA,NA,NA,0
185,5,43,NA,NA,NA,0
186,5,43,NA,NA,NA,0
187,5,44,NA,NA,NA,0
188,5,44,NA,NA,NA,0
189,5,44,NA,NA,NA,0
190,5,44,NA,NA,NA,0
191,5,44,NA,NA,NA,0
192,6,45,NA,NA,NA,0
193,6,45,NA,NA,NA,0
194,6,45,NA,NA,NA,0
195,6,45,NA,NA,NA,0
196,6,45,NA,NA,NA,0
197,6,45,NA,NA,NA,0
198,3,46,NA,NA,NA,0
199,3,46,NA,NA,NA,0
200,3,46,NA,NA,NA,0
201,3,47,NA,NA,NA,0
202,3,47,NA,NA,NA,0
203,3,47,NA,NA,NA,0
204,3,48,NA,NA,NA,0
205,3,48,NA,NA,NA,0
206,3,48,NA,NA,NA,0
207,3,49,NA,NA,NA,0
208,3,49,NA,NA,NA,0
209,3,49,NA,NA,NA,0
210,4,50,NA,NA,NA,0
211,4,50,NA,NA,NA,0
212,4,50,NA,NA,NA,0
213,4,50,NA,NA,NA,0
214,6,51,NA,NA,NA,0
215,6,51,NA,NA,NA,0
216,6,51,NA,NA,NA,0
217,6,51,NA,NA,NA,0
218,6,51,NA,NA,NA,0
219,6,51,NA,NA,NA,0
220,5,52,NA,NA,NA,0
221,5,52,NA,NA,NA,0
222,5,52,NA,NA,NA,0
223,5,52,NA,NA,NA,0
224,5,52,NA,NA,NA,0
225,5,53,NA,NA,NA,0
226,5,53,NA,NA,NA,0
227,5,53,NA,NA,NA,0
228,5,53,NA,NA,NA,0
229,5,53,NA,NA,NA,0
230,6,54,NA,NA,NA,0
231,6,54,"E",52,5,0
232,6,54,NA,NA,NA,0
233,6,54,NA,NA,NA,0
234,6,54,NA,NA,NA,0
235,6,54,NA,NA,NA,0
236,5,55,NA,NA,NA,0
237,5,55,NA,NA,NA,0
238,5,55,NA,NA,NA,0
239,5,55,NA,NA,NA,0
240,5,55,NA,NA,NA,0
241,4,56,NA,NA,NA,0
242,4,56,NA,NA,NA,0
243,4,56,NA,NA,NA,0
244,4,56,NA,NA,NA,0
245,6,57,"E",205,4,0
246,6,57,NA,NA,NA,0
247,6,57,NA,NA,NA,0
248,6,57,"E",44,5,0
249,6,57,NA,NA,NA,0
250,6,57,NA,NA,NA,0
251,4,58,NA,NA,NA,0
252,4,58,NA,NA,NA,0
253,4,58,NA,NA,NA,0
254,4,58,NA,NA,NA,0
255,3,59,"H",72,1,0
256,3,59,"E",45,2,1
257,3,59,NA,NA,NA,0
258,6,60,NA,NA,NA,0
259,6,60,NA,NA,NA,0
260,6,60,NA,NA,NA,0
261,6,60,NA,NA,NA,0
262,6,60,NA,NA,NA,0
263,6,60,NA,NA,NA,0
264,4,61,NA,NA,NA,0
265,4,61,NA,NA,NA,0
266,4,61,NA,NA,NA,0
267,4,61,NA,NA,NA,0
268,4,62,NA,NA,NA,0
269,4,62,"E",175,3,0
270,4,62,NA,NA,NA,0
271,4,62,NA,NA,NA,0
272,4,63,NA,NA,NA,0
273,4,63,NA,NA,NA,0
274,4,63,NA,NA,NA,0
275,4,63,NA,NA,NA,0
276,5,64,NA,NA,NA,0
277,5,64,NA,NA,NA,0
278,5,64,NA,NA,NA,0
279,5,64,NA,NA,NA,0
280,5,64,NA,NA,NA,0
281,4,65,NA,NA,NA,0
282,4,65,NA,NA,NA,0
283,4,65,NA,NA,NA,0
284,4,65,NA,NA,NA,0
285,4,66,NA,NA,NA,0
286,4,66,NA,NA,NA,0
287,4,66,NA,NA,NA,0
288,4,66,"E",335,3,0
289,3,67,NA,NA,NA,0
290,3,67,NA,NA,NA,0
291,3,67,NA,NA,NA,0
292,4,68,NA,NA,NA,0
293,4,68,NA,NA,NA,0
294,4,68,NA,NA,NA,0
295,4,68,NA,NA,NA,0
296,6,69,NA,NA,NA,0
297,6,69,NA,NA,NA,0
298,6,69,NA,NA,NA,0
299,6,69,NA,NA,NA,0
300,6,69,NA,NA,NA,0
301,6,69,NA,NA,NA,0
302,4,70,"H",279,2,0
303,4,70,NA,NA,NA,0
304,4,70,"E",231,3,1
305,4,70,NA,NA,NA,0
306,4,71,NA,NA,NA,0
307,4,71,NA,NA,NA,0
308,4,71,NA,NA,NA,0
309,4,71,NA,NA,NA,0
310,5,72,NA,NA,NA,0
311,5,72,NA,NA,NA,0
312,5,72,NA,NA,NA,0
313,5,72,NA,NA,NA,0
314,5,72,NA,NA,NA,0
315,3,73,NA,NA,NA,0
316,3,73,NA,NA,NA,0
317,3,73,NA,NA,NA,0
318,5,74,NA,NA,NA,0
319,5,74,NA,NA,NA,0
320,5,74,NA,NA,NA,0
321,5,74,NA,NA,NA,0
322,5,74,NA,NA,NA,0
323,6,75,"E",58,5,1
324,6,75,"H",138,3,0
325,6,75,NA,NA,NA,0
326,6,75,NA,NA,NA,0
327,6,75,NA,NA,NA,0
328,6,75,"H",80,4,1
329,6,76,NA,NA,NA,0
330,6,76,NA,NA,NA,0
331,6,76,NA,NA,NA,0
332,6,76,NA,NA,NA,0
333,6,76,NA,NA,NA,0
334,6,76,NA,NA,NA,0
335,6,77,NA,NA,NA,0
336,6,77,NA,NA,NA,0
337,6,77,NA,NA,NA,0
338,6,77,NA,NA,NA,0
339,6,77,NA,NA,NA,0
340,6,77,NA,NA,NA,0
341,5,78,NA,NA,NA,0
342,5,78,NA,NA,NA,0
343,5,78,NA,NA,NA,0
344,5,78,NA,NA,NA,0
345,5,78,NA,NA,NA,0
346,3,79,NA,NA,NA,0
347,3,79,NA,NA,NA,0
348,3,79,NA,NA,NA,0
349,5,80,NA,NA,NA,0
350,5,80,"E",87,4,0
351,5,80,NA,NA,NA,0
352,5,80,NA,NA,NA,0
353,5,80,NA,NA,NA,0
354,3,81,NA,NA,NA,0
355,3,81,NA,NA,NA,0
356,3,81,NA,NA,NA,0
357,4,82,NA,NA,NA,0
358,4,82,NA,NA,NA,0
359,4,82,NA,NA,NA,0
360,4,82,"C",NA,NA,0
361,6,83,NA,NA,NA,0
362,6,83,NA,NA,NA,0
363,6,83,"E",279,5,1
364,6,83,"H",NA,NA,0
365,6,83,"H",328,4,1
366,6,83,NA,NA,NA,0
367,5,84,NA,NA,NA,0
368,5,84,NA,NA,NA,0
369,5,84,NA,NA,NA,0
370,5,84,"E",NA,NA,0
371,5,84,NA,NA,NA,0
372,3,85,NA,NA,NA,0
373,3,85,NA,NA,NA,0
374,3,85,NA,NA,NA,0
375,6,86,NA,NA,NA,0
376,6,86,NA,NA,NA,0
377,6,86,NA,NA,NA,0
378,6,86,"E",228,5,0
379,6,86,NA,NA,NA,0
380,6,86,NA,NA,NA,0
381,5,87,NA,NA,NA,0
382,5,87,NA,NA,NA,0
383,5,87,NA,NA,NA,0
384,5,87,NA,NA,NA,0
385,5,87,NA,NA,NA,0
386,5,88,NA,NA,NA,0
387,5,88,NA,NA,NA,0
388,5,88,NA,NA,NA,0
389,5,88,NA,NA,NA,0
390,5,88,NA,NA,NA,0
391,6,89,NA,NA,NA,0
392,6,89,NA,NA,NA,0
393,6,89,NA,NA,NA,0
394,6,89,NA,NA,NA,0
395,6,89,NA,NA,NA,0
396,6,89,NA,NA,NA,0
397,4,90,NA,NA,NA,0
398,4,90,NA,NA,NA,0
399,4,90,NA,NA,NA,0
400,4,90,NA,NA,NA,0
401,6,91,NA,NA,NA,0
402,6,91,NA,NA,NA,0
403,6,91,NA,NA,NA,0
404,6,91,NA,NA,NA,0
405,6,91,NA,NA,NA,0
406,6,91,NA,NA,NA,0
407,5,92,NA,NA,NA,0
408,5,92,NA,NA,NA,0
409,5,92,NA,NA,NA,0
410,5,92,NA,NA,NA,0
411,5,92,NA,NA,NA,0
412,5,93,NA,NA,NA,0
413,5,93,NA,NA,NA,0
414,5,93,NA,NA,NA,0
415,5,93,NA,NA,NA,0
416,5,93,NA,NA,NA,0
417,3,94,NA,NA,NA,0
418,3,94,NA,NA,NA,0
419,3,94,NA,NA,NA,0
420,5,95,NA,NA,NA,0
421,5,95,NA,NA,NA,0
422,5,95,NA,NA,NA,0
423,5,95,NA,NA,NA,0
424,5,95,NA,NA,NA,0
425,4,96,NA,NA,NA,0
426,4,96,NA,NA,NA,0
427,4,96,NA,NA,NA,0
428,4,96,NA,NA,NA,0
429,5,97,NA,NA,NA,0
430,5,97,NA,NA,NA,0
431,5,97,"E",186,4,0
432,5,97,NA,NA,NA,0
433,5,97,NA,NA,NA,0
434,6,98,NA,NA,NA,0
435,6,98,NA,NA,NA,0
436,6,98,NA,NA,NA,0
437,6,98,NA,NA,NA,0
438,6,98,NA,NA,NA,0
439,6,98,NA,NA,NA,0
440,6,99,NA,NA,NA,0
441,6,99,NA,NA,NA,0
442,6,99,NA,NA,NA,0
443,6,99,NA,NA,NA,0
444,6,99,NA,NA,NA,0
445,6,99,NA,NA,NA,0
446,6,100,NA,NA,NA,0
447,6,100,NA,NA,NA,0
448,6,100,NA,NA,NA,0
449,6,100,NA,NA,NA,0
450,6,100,NA,NA,NA,0
451,6,100,NA,NA,NA,0
452,5,101,NA,NA,NA,0
453,5,101,NA,NA,NA,0
454,5,101,NA,NA,NA,0
455,5,101,NA,NA,NA,0
456,5,101,NA,NA,NA,0
457,3,102,NA,NA,NA,0
458,3,102,NA,NA,NA,0
459,3,102,NA,NA,NA,0
460,4,103,"E",325,3,1
461,4,103,"H",354,2,0
462,4,103,NA,NA,NA,0
463,4,103,NA,NA,NA,0
464,4,104,NA,NA,NA,0
465,4,104,NA,NA,NA,0
466,4,104,NA,NA,NA,0
467,4,104,NA,NA,NA,0
468,4,105,NA,NA,NA,0
469,4,105,NA,NA,NA,0
470,4,105,NA,NA,NA,0
471,4,105,NA,NA,NA,0
472,4,106,NA,NA,NA,0
473,4,106,NA,NA,NA,0
474,4,106,"E",60,3,0
475,4,106,NA,NA,NA,0
476,6,107,"H",164,4,0
477,6,107,"E",105,5,1
478,6,107,NA,NA,NA,0
479,6,107,NA,NA,NA,0
480,6,107,NA,NA,NA,0
481,6,107,NA,NA,NA,0
482,4,108,NA,NA,NA,0
483,4,108,NA,NA,NA,0
484,4,108,NA,NA,NA,0
485,4,108,NA,NA,NA,0
486,5,109,NA,NA,NA,0
487,5,109,NA,NA,NA,0
488,5,109,NA,NA,NA,0
489,5,109,NA,NA,NA,0
490,5,109,NA,NA,NA,0
491,6,110,NA,NA,NA,0
492,6,110,NA,NA,NA,0
493,6,110,NA,NA,NA,0
494,6,110,NA,NA,NA,0
495,6,110,NA,NA,NA,0
496,6,110,NA,NA,NA,0
497,3,111,NA,NA,NA,0
498,3,111,NA,NA,NA,0
499,3,111,NA,NA,NA,0
500,4,112,NA,NA,NA,0
501,4,112,NA,NA,NA,0
502,4,112,NA,NA,NA,0
503,4,112,NA,NA,NA,0
504,4,113,NA,NA,NA,0
505,4,113,"E",77,3,1
506,4,113,"H",95,2,1
507,4,113,"H",139,1,0
508,3,114,NA,NA,NA,0
509,3,114,NA,NA,NA,0
510,3,114,NA,NA,NA,0
511,4,115,"E",153,3,0
512,4,115,NA,NA,NA,0
513,4,115,NA,NA,NA,0
514,4,115,NA,NA,NA,0
515,6,116,NA,NA,NA,0
516,6,116,NA,NA,NA,0
517,6,116,NA,NA,NA,0
518,6,116,NA,NA,NA,0
519,6,116,NA,NA,NA,0
520,6,116,NA,NA,NA,0
521,4,117,NA,NA,NA,0
522,4,117,NA,NA,NA,0
523,4,117,NA,NA,NA,0
524,4,117,NA,NA,NA,0
525,3,118,"H",69,1,0
526,3,118,"E",32,2,1
527,3,118,NA,NA,NA,0
528,3,119,NA,NA,NA,0
529,3,119,NA,NA,NA,0
530,3,119,NA,NA,NA,0
531,3,120,NA,NA,NA,0
532,3,120,NA,NA,NA,0
533,3,120,NA,NA,NA,0
534,3,121,NA,NA,NA,0
535,3,121,NA,NA,NA,0
536,3,121,NA,NA,NA,0
537,6,122,NA,NA,NA,0
538,6,122,NA,NA,NA,0
539,6,122,NA,NA,NA,0
540,6,122,NA,NA,NA,0
541,6,122,NA,NA,NA,0
542,6,122,NA,NA,NA,0
543,4,123,NA,NA,NA,0
544,4,123,NA,NA,NA,0
545,4,123,NA,NA,NA,0
546,4,123,NA,NA,NA,0
547,4,124,NA,NA,NA,0
548,4,124,NA,NA,NA,0
549,4,124,NA,NA,NA,0
550,4,124,NA,NA,NA,0
551,5,125,NA,NA,NA,0
552,5,125,NA,NA,NA,0
553,5,125,NA,NA,NA,0
554,5,125,NA,NA,NA,0
555,5,125,NA,NA,NA,0
556,6,126,NA,NA,NA,0
557,6,126,"E",364,5,0
558,6,126,NA,NA,NA,0
559,6,126,NA,NA,NA,0
560,6,126,NA,NA,NA,0
561,6,126,NA,NA,NA,0
562,6,127,"E",288,5,1
563,6,127,NA,NA,NA,0
564,6,127,NA,NA,NA,0
565,6,127,NA,NA,NA,0
566,6,127,"H",314,4,0
567,6,127,NA,NA,NA,0
568,6,128,NA,NA,NA,0
569,6,128,NA,NA,NA,0
570,6,128,NA,NA,NA,0
571,6,128,NA,NA,NA,0
572,6,128,NA,NA,NA,0
573,6,128,NA,NA,NA,0
574,4,129,NA,NA,NA,0
575,4,129,NA,NA,NA,0
576,4,129,NA,NA,NA,0
577,4,129,NA,NA,NA,0
578,4,130,NA,NA,NA,0
579,4,130,NA,NA,NA,0
580,4,130,NA,NA,NA,0
581,4,130,NA,NA,NA,0
582,4,131,NA,NA,NA,0
583,4,131,NA,NA,NA,0
584,4,131,"E",85,3,0
585,4,131,NA,NA,NA,0
586,6,132,NA,NA,NA,0
587,6,132,"E",267,5,0
588,6,132,NA,NA,NA,0
589,6,132,NA,NA,NA,0
590,6,132,NA,NA,NA,0
591,6,132,NA,NA,NA,0
592,3,133,NA,NA,NA,0
593,3,133,NA,NA,NA,0
594,3,133,NA,NA,NA,0
595,4,134,NA,NA,NA,0
596,4,134,NA,NA,NA,0
597,4,134,NA,NA,NA,0
598,4,134,NA,NA,NA,0
599,3,135,NA,NA,NA,0
600,3,135,NA,NA,NA,0
601,3,135,NA,NA,NA,0
602,4,136,NA,NA,NA,0
603,4,136,"E",313,3,1
604,4,136,NA,NA,NA,0
605,4,136,"H",338,2,0
606,6,137,NA,NA,NA,0
607,6,137,NA,NA,NA,0
608,6,137,NA,NA,NA,0
609,6,137,NA,NA,NA,0
610,6,137,NA,NA,NA,0
611,6,137,NA,NA,NA,0
612,3,138,NA,NA,NA,0
613,3,138,NA,NA,NA,0
614,3,138,NA,NA,NA,0
615,4,139,NA,NA,NA,0
616,4,139,NA,NA,NA,0
617,4,139,NA,NA,NA,0
618,4,139,NA,NA,NA,0
619,4,140,NA,NA,NA,0
620,4,140,NA,NA,NA,0
621,4,140,NA,NA,NA,0
622,4,140,NA,NA,NA,0
623,4,141,NA,NA,NA,0
624,4,141,NA,NA,NA,0
625,4,141,NA,NA,NA,0
626,4,141,NA,NA,NA,0
627,6,142,"E",335,4,0
628,6,142,NA,NA,NA,0
629,6,142,NA,NA,NA,0
630,6,142,NA,NA,NA,0
631,6,142,NA,NA,NA,0
632,6,142,"E",297,4,0
633,5,143,NA,NA,NA,0
634,5,143,NA,NA,NA,0
635,5,143,NA,NA,NA,0
636,5,143,NA,NA,NA,0
637,5,143,NA,NA,NA,0
638,5,144,"E",345,4,1
639,5,144,"H",360,3,0
640,5,144,NA,NA,NA,0
641,5,144,NA,NA,NA,0
642,5,144,NA,NA,NA,0
643,3,145,NA,NA,NA,0
644,3,145,NA,NA,NA,0
645,3,145,NA,NA,NA,0
646,6,146,NA,NA,NA,0
647,6,146,NA,NA,NA,0
648,6,146,"E",223,5,0
649,6,146,NA,NA,NA,0
650,6,146,NA,NA,NA,0
651,6,146,NA,NA,NA,0
652,5,147,NA,NA,NA,0
653,5,147,NA,NA,NA,0
654,5,147,NA,NA,NA,0
655,5,147,NA,NA,NA,0
656,5,147,NA,NA,NA,0
657,6,148,NA,NA,NA,0
658,6,148,NA,NA,NA,0
659,6,148,NA,NA,NA,0
660,6,148,NA,NA,NA,0
661,6,148,NA,NA,NA,0
662,6,148,NA,NA,NA,0
663,6,149,NA,NA,NA,0
664,6,149,NA,NA,NA,0
665,6,149,NA,NA,NA,0
666,6,149,NA,NA,NA,0
667,6,149,NA,NA,NA,0
668,6,149,NA,NA,NA,0
669,5,150,NA,NA,NA,0
670,5,150,NA,NA,NA,0
671,5,150,NA,NA,NA,0
672,5,150,NA,NA,NA,0
673,5,150,NA,NA,NA,0
674,4,151,NA,NA,NA,0
675,4,151,"H",75,2,1
676,4,151,"H",111,1,0
677,4,151,"E",38,3,1
678,5,152,NA,NA,NA,0
679,5,152,"E",245,4,0
680,5,152,NA,NA,NA,0
681,5,152,NA,NA,NA,0
682,5,152,NA,NA,NA,0
683,4,153,NA,NA,NA,0
684,4,153,NA,NA,NA,0
685,4,153,NA,NA,NA,0
686,4,153,NA,NA,NA,0
687,6,154,"E",336,5,0
688,6,154,NA,NA,NA,0
689,6,154,NA,NA,NA,0
690,6,154,NA,NA,NA,0
691,6,154,NA,NA,NA,0
692,6,154,NA,NA,NA,0
693,6,155,NA,NA,NA,0
694,6,155,NA,NA,NA,0
695,6,155,NA,NA,NA,0
696,6,155,NA,NA,NA,0
697,6,155,NA,NA,NA,0
698,6,155,NA,NA,NA,0
699,5,156,NA,NA,NA,0
700,5,156,NA,NA,NA,0
701,5,156,NA,NA,NA,0
702,5,156,NA,NA,NA,0
703,5,156,NA,NA,NA,0
704,3,157,NA,NA,NA,0
705,3,157,NA,NA,NA,0
706,3,157,NA,NA,NA,0
707,4,158,NA,NA,NA,0
708,4,158,NA,NA,NA,0
709,4,158,NA,NA,NA,0
710,4,158,NA,NA,NA,0
711,5,159,NA,NA,NA,0
712,5,159,NA,NA,NA,0
713,5,159,NA,NA,NA,0
714,5,159,NA,NA,NA,0
715,5,159,NA,NA,NA,0
716,3,160,NA,NA,NA,0
717,3,160,NA,NA,NA,0
718,3,160,NA,NA,NA,0
719,3,161,NA,NA,NA,0
720,3,161,NA,NA,NA,0
721,3,161,NA,NA,NA,0
722,4,162,NA,NA,NA,0
723,4,162,NA,NA,NA,0
724,4,162,NA,NA,NA,0
725,4,162,NA,NA,NA,0
726,6,163,"E",339,5,1
727,6,163,NA,NA,NA,0
728,6,163,"H",NA,NA,0
729,6,163,NA,NA,NA,0
730,6,163,NA,NA,NA,0
731,6,163,NA,NA,NA,0
732,5,164,NA,NA,NA,0
733,5,164,NA,NA,NA,0
734,5,164,NA,NA,NA,0
735,5,164,NA,NA,NA,0
736,5,164,NA,NA,NA,0
737,4,165,"E",270,2,0
738,4,165,NA,NA,NA,0
739,4,165,"E",207,3,0
740,4,165,NA,NA,NA,0
741,3,166,NA,NA,NA,0
742,3,166,NA,NA,NA,0
743,3,166,NA,NA,NA,0
744,5,167,"E",77,4,0
745,5,167,NA,NA,NA,0
746,5,167,NA,NA,NA,0
747,5,167,NA,NA,NA,0
748,5,167,NA,NA,NA,0
749,3,168,NA,NA,NA,0
750,3,168,NA,NA,NA,0
751,3,168,NA,NA,NA,0
752,6,169,NA,NA,NA,0
753,6,169,NA,NA,NA,0
754,6,169,NA,NA,NA,0
755,6,169,NA,NA,NA,0
756,6,169,NA,NA,NA,0
757,6,169,NA,NA,NA,0
758,5,170,NA,NA,NA,0
759,5,170,NA,NA,NA,0
760,5,170,NA,NA,NA,0
761,5,170,NA,NA,NA,0
762,5,170,NA,NA,NA,0
763,5,171,NA,NA,NA,0
764,5,171,NA,NA,NA,0
765,5,171,NA,NA,NA,0
766,5,171,NA,NA,NA,0
767,5,171,NA,NA,NA,0
768,5,172,NA,NA,NA,0
769,5,172,NA,NA,NA,0
770,5,172,NA,NA,NA,0
771,5,172,NA,NA,NA,0
772,5,172,NA,NA,NA,0
773,4,173,"E",303,3,0
774,4,173,NA,NA,NA,0
775,4,173,NA,NA,NA,0
776,4,173,NA,NA,NA,0
777,5,174,NA,NA,NA,0
778,5,174,NA,NA,NA,0
779,5,174,NA,NA,NA,0
780,5,174,NA,NA,NA,0
781,5,174,NA,NA,NA,0
782,3,175,NA,NA,NA,0
783,3,175,NA,NA,NA,0
784,3,175,NA,NA,NA,0
785,3,176,NA,NA,NA,0
786,3,176,NA,NA,NA,0
787,3,176,NA,NA,NA,0
788,5,177,NA,NA,NA,0
789,5,177,NA,NA,NA,0
790,5,177,NA,NA,NA,0
791,5,177,NA,NA,NA,0
792,5,177,"E",189,4,0
793,4,178,NA,NA,NA,0
794,4,178,NA,NA,NA,0
795,4,178,NA,NA,NA,0
796,4,178,NA,NA,NA,0
797,5,179,NA,NA,NA,0
798,5,179,NA,NA,NA,0
799,5,179,NA,NA,NA,0
800,5,179,NA,NA,NA,0
801,5,179,NA,NA,NA,0
802,6,180,NA,NA,NA,0
803,6,180,NA,NA,NA,0
804,6,180,NA,NA,NA,0
805,6,180,NA,NA,NA,0
806,6,180,NA,NA,NA,0
807,6,180,NA,NA,NA,0
808,4,181,NA,NA,NA,0
809,4,181,"E",118,3,0
810,4,181,NA,NA,NA,0
811,4,181,NA,NA,NA,0
812,6,182,NA,NA,NA,0
813,6,182,NA,NA,NA,0
814,6,182,NA,NA,NA,0
815,6,182,NA,NA,NA,0
816,6,182,NA,NA,NA,0
817,6,182,NA,NA,NA,0
818,4,183,NA,NA,NA,0
819,4,183,NA,NA,NA,0
820,4,183,NA,NA,NA,0
821,4,183,NA,NA,NA,0
822,5,184,NA,NA,NA,0
823,5,184,NA,NA,NA,0
824,5,184,NA,NA,NA,0
825,5,184,NA,NA,NA,0
826,5,184,NA,NA,NA,0
827,6,185,NA,NA,NA,0
828,6,185,NA,NA,NA,0
829,6,185,NA,NA,NA,0
830,6,185,NA,NA,NA,0
831,6,185,NA,NA,NA,0
832,6,185,NA,NA,NA,0
833,5,186,"H",359,2,1
834,5,186,"E",332,4,2
835,5,186,"H",NA,NA,0
836,5,186,"H",351,2,0
837,5,186,NA,NA,NA,0
838,4,187,NA,NA,NA,0
839,4,187,NA,NA,NA,0
840,4,187,NA,NA,NA,0
841,4,187,NA,NA,NA,0
842,3,188,NA,NA,NA,0
843,3,188,NA,NA,NA,0
844,3,188,NA,NA,NA,0
845,6,189,NA,NA,NA,0
846,6,189,NA,NA,NA,0
847,6,189,NA,NA,NA,0
848,6,189,NA,NA,NA,0
849,6,189,NA,NA,NA,0
850,6,189,NA,NA,NA,0
851,6,190,NA,NA,NA,0
852,6,190,NA,NA,NA,0
853,6,190,NA,NA,NA,0
854,6,190,"E",33,5,0
855,6,190,NA,NA,NA,0
856,6,190,NA,NA,NA,0
857,3,191,NA,NA,NA,0
858,3,191,NA,NA,NA,0
859,3,191,"E",215,2,0
860,5,192,"H",319,1,0
861,5,192,"H",259,3,1
862,5,192,"E",224,4,1
863,5,192,NA,NA,NA,0
864,5,192,"H",288,2,1
865,6,193,"E",107,5,0
866,6,193,NA,NA,NA,0
867,6,193,NA,NA,NA,0
868,6,193,NA,NA,NA,0
869,6,193,NA,NA,NA,0
870,6,193,NA,NA,NA,0
871,3,194,NA,NA,NA,0
872,3,194,"E",295,2,0
873,3,194,NA,NA,NA,0
874,4,195,NA,NA,NA,0
875,4,195,NA,NA,NA,0
876,4,195,NA,NA,NA,0
877,4,195,NA,NA,NA,0
878,3,196,NA,NA,NA,0
879,3,196,NA,NA,NA,0
880,3,196,NA,NA,NA,0
881,6,197,NA,NA,NA,0
882,6,197,NA,NA,NA,0
883,6,197,NA,NA,NA,0
884,6,197,"E",285,5,0
885,6,197,NA,NA,NA,0
886,6,197,NA,NA,NA,0
887,4,198,NA,NA,NA,0
888,4,198,NA,NA,NA,0
889,4,198,NA,NA,NA,0
890,4,198,NA,NA,NA,0
891,4,199,NA,NA,NA,0
892,4,199,NA,NA,NA,0
893,4,199,NA,NA,NA,0
894,4,199,NA,NA,NA,0
895,6,200,NA,NA,NA,0
896,6,200,NA,NA,NA,0
897,6,200,NA,NA,NA,0
898,6,200,NA,NA,NA,0
899,6,200,NA,NA,NA,0
900,6,200,"E",263,5,0
901,4,201,NA,NA,NA,0
902,4,201,NA,NA,NA,0
903,4,201,NA,NA,NA,0
904,4,201,NA,NA,NA,0
905,6,202,"H",NA,NA,0
906,6,202,"E",304,5,1
907,6,202,NA,NA,NA,0
908,6,202,NA,NA,NA,0
909,6,202,"H",355,4,1
910,6,202,NA,NA,NA,0
911,5,203,NA,NA,NA,0
912,5,203,NA,NA,NA,0
913,5,203,NA,NA,NA,0
914,5,203,NA,NA,NA,0
915,5,203,NA,NA,NA,0
916,6,204,NA,NA,NA,0
917,6,204,"E",NA,NA,0
918,6,204,NA,NA,NA,0
919,6,204,NA,NA,NA,0
920,6,204,NA,NA,NA,0
921,6,204,NA,NA,NA,0
922,6,205,NA,NA,NA,0
923,6,205,NA,NA,NA,0
924,6,205,NA,NA,NA,0
925,6,205,NA,NA,NA,0
926,6,205,NA,NA,NA,0
927,6,205,NA,NA,NA,0
928,4,206,NA,NA,NA,0
929,4,206,NA,NA,NA,0
930,4,206,NA,NA,NA,0
931,4,206,NA,NA,NA,0
932,3,207,NA,NA,NA,0
933,3,207,NA,NA,NA,0
934,3,207,NA,NA,NA,0
935,4,208,NA,NA,NA,0
936,4,208,NA,NA,NA,0
937,4,208,NA,NA,NA,0
938,4,208,"E",217,3,0
939,3,209,NA,NA,NA,0
940,3,209,"E",342,2,0
941,3,209,NA,NA,NA,0
942,6,210,NA,NA,NA,0
943,6,210,NA,NA,NA,0
944,6,210,NA,NA,NA,0
945,6,210,NA,NA,NA,0
946,6,210,NA,NA,NA,0
947,6,210,NA,NA,NA,0
948,5,211,NA,NA,NA,0
949,5,211,NA,NA,NA,0
950,5,211,NA,NA,NA,0
951,5,211,NA,NA,NA,0
952,5,211,NA,NA,NA,0
953,5,212,NA,NA,NA,0
954,5,212,NA,NA,NA,0
955,5,212,NA,NA,NA,0
956,5,212,NA,NA,NA,0
957,5,212,NA,NA,NA,0
958,4,213,NA,NA,NA,0
959,4,213,NA,NA,NA,0
960,4,213,NA,NA,NA,0
961,4,213,NA,NA,NA,0
962,6,214,NA,NA,NA,0
963,6,214,NA,NA,NA,0
964,6,214,NA,NA,NA,0
965,6,214,"E",197,5,1
966,6,214,"H",229,4,0
967,6,214,NA,NA,NA,0
968,5,215,NA,NA,NA,0
969,5,215,NA,NA,NA,0
970,5,215,NA,NA,NA,0
971,5,215,NA,NA,NA,0
972,5,215,NA,NA,NA,0
973,4,216,"E",NA,NA,0
974,4,216,NA,NA,NA,0
975,4,216,NA,NA,NA,0
976,4,216,NA,NA,NA,0
977,4,217,NA,NA,NA,0
978,4,217,NA,NA,NA,0
979,4,217,NA,NA,NA,0
980,4,217,NA,NA,NA,0
981,3,218,NA,NA,NA,0
982,3,218,NA,NA,NA,0
983,3,218,NA,NA,NA,0
984,3,219,NA,NA,NA,0
985,3,219,NA,NA,NA,0
986,3,219,NA,NA,NA,0
987,6,220,NA,NA,NA,0
988,6,220,NA,NA,NA,0
989,6,220,NA,NA,NA,0
990,6,220,NA,NA,NA,0
991,6,220,NA,NA,NA,0
992,6,220,NA,NA,NA,0
993,4,221,"E",125,3,0
994,4,221,NA,NA,NA,0
995,4,221,NA,NA,NA,0
996,4,221,NA,NA,NA,0
997,4,222,NA,NA,NA,0
998,4,222,NA,NA,NA,0
999,4,222,"E",269,3,0
1000,4,222,NA,NA,NA,0
