"ID","SIZE","HH","TYPE","TIME","S_NUM","I_NUM"
1,4,1,"0",NA,NA,0
2,4,1,NA,NA,NA,0
3,4,1,NA,NA,NA,0
4,4,1,NA,NA,NA,0
5,6,2,NA,NA,NA,0
6,6,2,NA,NA,NA,0
7,6,2,"E",285,5,0
8,6,2,NA,NA,NA,0
9,6,2,NA,NA,NA,0
10,6,2,NA,NA,NA,0
11,6,3,NA,NA,NA,0
12,6,3,NA,NA,NA,0
13,6,3,"H",142,4,0
14,6,3,NA,NA,NA,0
15,6,3,NA,NA,NA,0
16,6,3,"E",102,5,1
17,4,4,NA,NA,NA,0
18,4,4,NA,NA,NA,0
19,4,4,NA,NA,NA,0
20,4,4,NA,NA,NA,0
21,4,5,NA,NA,NA,0
22,4,5,NA,NA,NA,0
23,4,5,NA,NA,NA,0
24,4,5,NA,NA,NA,0
25,3,6,NA,NA,NA,0
26,3,6,NA,NA,NA,0
27,3,6,NA,NA,NA,0
28,6,7,NA,NA,NA,0
29,6,7,NA,NA,NA,0
30,6,7,NA,NA,NA,0
31,6,7,NA,NA,NA,0
32,6,7,NA,NA,NA,0
33,6,7,NA,NA,NA,0
34,3,8,NA,NA,NA,0
35,3,8,NA,NA,NA,0
36,3,8,NA,NA,NA,0
37,4,9,NA,NA,NA,0
38,4,9,NA,NA,NA,0
39,4,9,NA,NA,NA,0
40,4,9,NA,NA,NA,0
41,4,10,NA,NA,NA,0
42,4,10,NA,NA,NA,0
43,4,10,NA,NA,NA,0
44,4,10,NA,NA,NA,0
45,6,11,"H",265,4,0
46,6,11,"E",247,5,1
47,6,11,NA,NA,NA,0
48,6,11,NA,NA,NA,0
49,6,11,NA,NA,NA,0
50,6,11,NA,NA,NA,0
51,3,12,NA,NA,NA,0
52,3,12,NA,NA,NA,0
53,3,12,NA,NA,NA,0
54,5,13,NA,NA,NA,0
55,5,13,NA,NA,NA,0
56,5,13,NA,NA,NA,0
57,5,13,NA,NA,NA,0
58,5,13,NA,NA,NA,0
59,6,14,NA,NA,NA,0
60,6,14,NA,NA,NA,0
61,6,14,NA,NA,NA,0
62,6,14,NA,NA,NA,0
63,6,14,NA,NA,NA,0
64,6,14,NA,NA,NA,0
65,3,15,NA,NA,NA,0
66,3,15,NA,NA,NA,0
67,3,15,NA,NA,NA,0
68,4,16,NA,NA,NA,0
69,4,16,NA,NA,NA,0
70,4,16,NA,NA,NA,0
71,4,16,NA,NA,NA,0
72,6,17,NA,NA,NA,0
73,6,17,NA,NA,NA,0
74,6,17,NA,NA,NA,0
75,6,17,"E",160,5,1
76,6,17,"H",185,4,0
77,6,17,NA,NA,NA,0
78,6,18,NA,NA,NA,0
79,6,18,NA,NA,NA,0
80,6,18,NA,NA,NA,0
81,6,18,NA,NA,NA,0
82,6,18,NA,NA,NA,0
83,6,18,NA,NA,NA,0
84,3,19,NA,NA,NA,0
85,3,19,NA,NA,NA,0
86,3,19,NA,NA,NA,0
87,3,20,NA,NA,NA,0
88,3,20,NA,NA,NA,0
89,3,20,NA,NA,NA,0
90,4,21,NA,NA,NA,0
91,4,21,NA,NA,NA,0
92,4,21,NA,NA,NA,0
93,4,21,NA,NA,NA,0
94,5,22,NA,NA,NA,0
95,5,22,NA,NA,NA,0
96,5,22,"E",51,4,0
97,5,22,NA,NA,NA,0
98,5,22,NA,NA,NA,0
99,5,23,NA,NA,NA,0
100,5,23,NA,NA,NA,0
101,5,23,NA,NA,NA,0
102,5,23,NA,NA,NA,0
103,5,23,NA,NA,NA,0
104,5,24,NA,NA,NA,0
105,5,24,NA,NA,NA,0
106,5,24,NA,NA,NA,0
107,5,24,NA,NA,NA,0
108,5,24,NA,NA,NA,0
109,5,25,NA,NA,NA,0
110,5,25,NA,NA,NA,0
111,5,25,NA,NA,NA,0
112,5,25,NA,NA,NA,0
113,5,25,NA,NA,NA,0
114,6,26,NA,NA,NA,0
115,6,26,NA,NA,NA,0
116,6,26,NA,NA,NA,0
117,6,26,NA,NA,NA,0
118,6,26,"E",81,5,0
119,6,26,NA,NA,NA,0
120,3,27,NA,NA,NA,0
121,3,27,NA,NA,NA,0
122,3,27,NA,NA,NA,0
123,5,28,NA,NA,NA,0
124,5,28,NA,NA,NA,0
125,5,28,NA,NA,NA,0
126,5,28,NA,NA,NA,0
127,5,28,NA,NA,NA,0
128,6,29,NA,NA,NA,0
129,6,29,NA,NA,NA,0
130,6,29,NA,NA,NA,0
131,6,29,NA,NA,NA,0
132,6,29,NA,NA,NA,0
133,6,29,NA,NA,NA,0
134,3,30,NA,NA,NA,0
135,3,30,NA,NA,NA,0
136,3,30,NA,NA,NA,0
137,3,31,NA,NA,NA,0
138,3,31,NA,NA,NA,0
139,3,31,NA,NA,NA,0
140,5,32,NA,NA,NA,0
141,5,32,NA,NA,NA,0
142,5,32,NA,NA,NA,0
143,5,32,NA,NA,NA,0
144,5,32,NA,NA,NA,0
145,4,33,"E",210,3,0
146,4,33,NA,NA,NA,0
147,4,33,NA,NA,NA,0
148,4,33,NA,NA,NA,0
149,3,34,NA,NA,NA,0
150,3,34,NA,NA,NA,0
151,3,34,NA,NA,NA,0
152,4,35,NA,NA,NA,0
153,4,35,NA,NA,NA,0
154,4,35,NA,NA,NA,0
155,4,35,NA,NA,NA,0
156,5,36,NA,NA,NA,0
157,5,36,NA,NA,NA,0
158,5,36,NA,NA,NA,0
159,5,36,NA,NA,NA,0
160,5,36,"E",94,4,0
161,4,37,NA,NA,NA,0
162,4,37,NA,NA,NA,0
163,4,37,NA,NA,NA,0
164,4,37,NA,NA,NA,0
165,6,38,NA,NA,NA,0
166,6,38,NA,NA,NA,0
167,6,38,NA,NA,NA,0
168,6,38,NA,NA,NA,0
169,6,38,NA,NA,NA,0
170,6,38,NA,NA,NA,0
171,5,39,NA,NA,NA,0
172,5,39,NA,NA,NA,0
173,5,39,NA,NA,NA,0
174,5,39,NA,NA,NA,0
175,5,39,NA,NA,NA,0
176,6,40,NA,NA,NA,0
177,6,40,NA,NA,NA,0
178,6,40,NA,NA,NA,0
179,6,40,NA,NA,NA,0
180,6,40,NA,NA,NA,0
181,6,40,NA,NA,NA,0
182,5,41,NA,NA,NA,0
183,5,41,NA,NA,NA,0
184,5,41,NA,NA,NA,0
185,5,41,"E",43,4,0
186,5,41,NA,NA,NA,0
187,4,42,"H",155,1,0
188,4,42,"E",88,3,1
189,4,42,"E",320,0,0
190,4,42,"H",127,2,1
191,6,43,"H",345,4,1
192,6,43,NA,NA,NA,0
193,6,43,"E",309,5,1
194,6,43,"H",NA,NA,0
195,6,43,NA,NA,NA,0
196,6,43,NA,NA,NA,0
197,6,44,NA,NA,NA,0
198,6,44,NA,NA,NA,0
199,6,44,NA,NA,NA,0
200,6,44,NA,NA,NA,0
201,6,44,NA,NA,NA,0
202,6,44,NA,NA,NA,0
203,5,45,NA,NA,NA,0
204,5,45,NA,NA,NA,0
205,5,45,NA,NA,NA,0
206,5,45,NA,NA,NA,0
207,5,45,NA,NA,NA,0
208,5,46,NA,NA,NA,0
209,5,46,NA,NA,NA,0
210,5,46,NA,NA,NA,0
211,5,46,NA,NA,NA,0
212,5,46,NA,NA,NA,0
213,4,47,NA,NA,NA,0
214,4,47,NA,NA,NA,0
215,4,47,NA,NA,NA,0
216,4,47,NA,NA,NA,0
217,6,48,"E",197,5,0
218,6,48,NA,NA,NA,0
219,6,48,NA,NA,NA,0
220,6,48,NA,NA,NA,0
221,6,48,NA,NA,NA,0
222,6,48,NA,NA,NA,0
223,5,49,NA,NA,NA,0
224,5,49,NA,NA,NA,0
225,5,49,NA,NA,NA,0
226,5,49,NA,NA,NA,0
227,5,49,NA,NA,NA,0
228,4,50,NA,NA,NA,0
229,4,50,NA,NA,NA,0
230,4,50,NA,NA,NA,0
231,4,50,NA,NA,NA,0
232,6,51,NA,NA,NA,0
233,6,51,NA,NA,NA,0
234,6,51,NA,NA,NA,0
235,6,51,NA,NA,NA,0
236,6,51,NA,NA,NA,0
237,6,51,NA,NA,NA,0
238,6,52,NA,NA,NA,0
239,6,52,NA,NA,NA,0
240,6,52,NA,NA,NA,0
241,6,52,NA,NA,NA,0
242,6,52,NA,NA,NA,0
243,6,52,NA,NA,NA,0
244,4,53,NA,NA,NA,0
245,4,53,NA,NA,NA,0
246,4,53,NA,NA,NA,0
247,4,53,NA,NA,NA,0
248,4,54,NA,NA,NA,0
249,4,54,NA,NA,NA,0
250,4,54,NA,NA,NA,0
251,4,54,NA,NA,NA,0
252,6,55,NA,NA,NA,0
253,6,55,NA,NA,NA,0
254,6,55,NA,NA,NA,0
255,6,55,NA,NA,NA,0
256,6,55,NA,NA,NA,0
257,6,55,NA,NA,NA,0
258,5,56,"E",296,4,0
259,5,56,NA,NA,NA,0
260,5,56,NA,NA,NA,0
261,5,56,NA,NA,NA,0
262,5,56,NA,NA,NA,0
263,4,57,"E",225,3,0
264,4,57,NA,NA,NA,0
265,4,57,NA,NA,NA,0
266,4,57,NA,NA,NA,0
267,6,58,"E",95,5,1
268,6,58,NA,NA,NA,0
269,6,58,NA,NA,NA,0
270,6,58,"H",158,4,0
271,6,58,NA,NA,NA,0
272,6,58,NA,NA,NA,0
273,3,59,NA,NA,NA,0
274,3,59,"E",69,1,0
275,3,59,"E",53,1,0
276,3,60,NA,NA,NA,0
277,3,60,NA,NA,NA,0
278,3,60,NA,NA,NA,0
279,3,61,NA,NA,NA,0
280,3,61,NA,NA,NA,0
281,3,61,NA,NA,NA,0
282,6,62,NA,NA,NA,0
283,6,62,NA,NA,NA,0
284,6,62,"E",170,5,1
285,6,62,"H",194,4,0
286,6,62,NA,NA,NA,0
287,6,62,NA,NA,NA,0
288,5,63,NA,NA,NA,0
289,5,63,NA,NA,NA,0
290,5,63,NA,NA,NA,0
291,5,63,NA,NA,NA,0
292,5,63,NA,NA,NA,0
293,6,64,NA,NA,NA,0
294,6,64,NA,NA,NA,0
295,6,64,NA,NA,NA,0
296,6,64,NA,NA,NA,0
297,6,64,NA,NA,NA,0
298,6,64,NA,NA,NA,0
299,3,65,NA,NA,NA,0
300,3,65,NA,NA,NA,0
301,3,65,NA,NA,NA,0
302,4,66,NA,NA,NA,0
303,4,66,NA,NA,NA,0
304,4,66,"E",NA,NA,0
305,4,66,NA,NA,NA,0
306,3,67,NA,NA,NA,0
307,3,67,NA,NA,NA,0
308,3,67,NA,NA,NA,0
309,5,68,NA,NA,NA,0
310,5,68,NA,NA,NA,0
311,5,68,NA,NA,NA,0
312,5,68,NA,NA,NA,0
313,5,68,NA,NA,NA,0
314,3,69,NA,NA,NA,0
315,3,69,NA,NA,NA,0
316,3,69,NA,NA,NA,0
317,6,70,NA,NA,NA,0
318,6,70,NA,NA,NA,0
319,6,70,NA,NA,NA,0
320,6,70,NA,NA,NA,0
321,6,70,NA,NA,NA,0
322,6,70,NA,NA,NA,0
323,5,71,NA,NA,NA,0
324,5,71,NA,NA,NA,0
325,5,71,NA,NA,NA,0
326,5,71,"E",90,3,0
327,5,71,"E",82,3,0
328,5,72,NA,NA,NA,0
329,5,72,"E",NA,NA,0
330,5,72,NA,NA,NA,0
331,5,72,"E",254,4,0
332,5,72,NA,NA,NA,0
333,3,73,NA,NA,NA,0
334,3,73,NA,NA,NA,0
335,3,73,NA,NA,NA,0
336,3,74,NA,NA,NA,0
337,3,74,NA,NA,NA,0
338,3,74,NA,NA,NA,0
339,5,75,NA,NA,NA,0
340,5,75,NA,NA,NA,0
341,5,75,NA,NA,NA,0
342,5,75,NA,NA,NA,0
343,5,75,NA,NA,NA,0
344,6,76,NA,NA,NA,0
345,6,76,NA,NA,NA,0
346,6,76,NA,NA,NA,0
347,6,76,NA,NA,NA,0
348,6,76,NA,NA,NA,0
349,6,76,NA,NA,NA,0
350,5,77,NA,NA,NA,0
351,5,77,NA,NA,NA,0
352,5,77,NA,NA,NA,0
353,5,77,"E",58,4,0
354,5,77,"E",NA,NA,0
355,3,78,NA,NA,NA,0
356,3,78,NA,NA,NA,0
357,3,78,NA,NA,NA,0
358,6,79,NA,NA,NA,0
359,6,79,"E",194,5,0
360,6,79,NA,NA,NA,0
361,6,79,NA,NA,NA,0
362,6,79,NA,NA,NA,0
363,6,79,NA,NA,NA,0
364,6,80,"E",147,5,0
365,6,80,NA,NA,NA,0
366,6,80,NA,NA,NA,0
367,6,80,NA,NA,NA,0
368,6,80,NA,NA,NA,0
369,6,80,NA,NA,NA,0
370,4,81,NA,NA,NA,0
371,4,81,NA,NA,NA,0
372,4,81,NA,NA,NA,0
373,4,81,NA,NA,NA,0
374,3,82,NA,NA,NA,0
375,3,82,NA,NA,NA,0
376,3,82,NA,NA,NA,0
377,5,83,"H",193,3,1
378,5,83,NA,NA,NA,0
379,5,83,NA,NA,NA,0
380,5,83,"H",244,2,0
381,5,83,"E",165,4,1
382,4,84,NA,NA,NA,0
383,4,84,NA,NA,NA,0
384,4,84,NA,NA,NA,0
385,4,84,NA,NA,NA,0
386,5,85,NA,NA,NA,0
387,5,85,NA,NA,NA,0
388,5,85,NA,NA,NA,0
389,5,85,NA,NA,NA,0
390,5,85,NA,NA,NA,0
391,3,86,NA,NA,NA,0
392,3,86,NA,NA,NA,0
393,3,86,NA,NA,NA,0
394,6,87,NA,NA,NA,0
395,6,87,NA,NA,NA,0
396,6,87,NA,NA,NA,0
397,6,87,NA,NA,NA,0
398,6,87,NA,NA,NA,0
399,6,87,NA,NA,NA,0
400,4,88,NA,NA,NA,0
401,4,88,NA,NA,NA,0
402,4,88,NA,NA,NA,0
403,4,88,NA,NA,NA,0
404,4,89,NA,NA,NA,0
405,4,89,NA,NA,NA,0
406,4,89,NA,NA,NA,0
407,4,89,NA,NA,NA,0
408,6,90,NA,NA,NA,0
409,6,90,"E",210,5,0
410,6,90,NA,NA,NA,0
411,6,90,NA,NA,NA,0
412,6,90,NA,NA,NA,0
413,6,90,NA,NA,NA,0
414,5,91,NA,NA,NA,0
415,5,91,"E",74,4,0
416,5,91,NA,NA,NA,0
417,5,91,NA,NA,NA,0
418,5,91,NA,NA,NA,0
419,3,92,NA,NA,NA,0
420,3,92,"E",177,2,0
421,3,92,NA,NA,NA,0
422,5,93,NA,NA,NA,0
423,5,93,NA,NA,NA,0
424,5,93,NA,NA,NA,0
425,5,93,NA,NA,NA,0
426,5,93,NA,NA,NA,0
427,5,94,NA,NA,NA,0
428,5,94,NA,NA,NA,0
429,5,94,NA,NA,NA,0
430,5,94,NA,NA,NA,0
431,5,94,NA,NA,NA,0
432,6,95,NA,NA,NA,0
433,6,95,NA,NA,NA,0
434,6,95,NA,NA,NA,0
435,6,95,NA,NA,NA,0
436,6,95,NA,NA,NA,0
437,6,95,NA,NA,NA,0
438,4,96,NA,NA,NA,0
439,4,96,NA,NA,NA,0
440,4,96,NA,NA,NA,0
441,4,96,NA,NA,NA,0
442,5,97,NA,NA,NA,0
443,5,97,NA,NA,NA,0
444,5,97,NA,NA,NA,0
445,5,97,NA,NA,NA,0
446,5,97,NA,NA,NA,0
447,4,98,NA,NA,NA,0
448,4,98,NA,NA,NA,0
449,4,98,NA,NA,NA,0
450,4,98,NA,NA,NA,0
451,4,99,"E",274,3,0
452,4,99,NA,NA,NA,0
453,4,99,NA,NA,NA,0
454,4,99,NA,NA,NA,0
455,3,100,NA,NA,NA,0
456,3,100,"E",40,2,0
457,3,100,NA,NA,NA,0
458,5,101,NA,NA,NA,0
459,5,101,NA,NA,NA,0
460,5,101,"E",180,4,0
461,5,101,NA,NA,NA,0
462,5,101,NA,NA,NA,0
463,5,102,NA,NA,NA,0
464,5,102,NA,NA,NA,0
465,5,102,NA,NA,NA,0
466,5,102,NA,NA,NA,0
467,5,102,NA,NA,NA,0
468,5,103,NA,NA,NA,0
469,5,103,NA,NA,NA,0
470,5,103,NA,NA,NA,0
471,5,103,"E",164,4,0
472,5,103,NA,NA,NA,0
473,4,104,NA,NA,NA,0
474,4,104,NA,NA,NA,0
475,4,104,NA,NA,NA,0
476,4,104,NA,NA,NA,0
477,5,105,NA,NA,NA,0
478,5,105,NA,NA,NA,0
479,5,105,NA,NA,NA,0
480,5,105,NA,NA,NA,0
481,5,105,NA,NA,NA,0
482,6,106,NA,NA,NA,0
483,6,106,NA,NA,NA,0
484,6,106,NA,NA,NA,0
485,6,106,NA,NA,NA,0
486,6,106,NA,NA,NA,0
487,6,106,NA,NA,NA,0
488,3,107,NA,NA,NA,0
489,3,107,NA,NA,NA,0
490,3,107,NA,NA,NA,0
491,4,108,"E",67,3,1
492,4,108,"H",90,2,0
493,4,108,NA,NA,NA,0
494,4,108,"E",224,1,0
495,5,109,NA,NA,NA,0
496,5,109,NA,NA,NA,0
497,5,109,NA,NA,NA,0
498,5,109,NA,NA,NA,0
499,5,109,NA,NA,NA,0
500,6,110,NA,NA,NA,0
501,6,110,"E",244,5,0
502,6,110,"E",NA,NA,0
503,6,110,NA,NA,NA,0
504,6,110,NA,NA,NA,0
505,6,110,NA,NA,NA,0
506,6,111,NA,NA,NA,0
507,6,111,NA,NA,NA,0
508,6,111,NA,NA,NA,0
509,6,111,"E",176,5,0
510,6,111,NA,NA,NA,0
511,6,111,NA,NA,NA,0
512,6,112,NA,NA,NA,0
513,6,112,NA,NA,NA,0
514,6,112,NA,NA,NA,0
515,6,112,NA,NA,NA,0
516,6,112,NA,NA,NA,0
517,6,112,NA,NA,NA,0
518,5,113,NA,NA,NA,0
519,5,113,NA,NA,NA,0
520,5,113,NA,NA,NA,0
521,5,113,NA,NA,NA,0
522,5,113,NA,NA,NA,0
523,4,114,NA,NA,NA,0
524,4,114,NA,NA,NA,0
525,4,114,"E",259,3,1
526,4,114,"H",314,2,0
527,6,115,"H",271,3,1
528,6,115,"H",296,2,0
529,6,115,NA,NA,NA,0
530,6,115,"E",249,5,2
531,6,115,NA,NA,NA,0
532,6,115,"H",320,2,0
533,4,116,NA,NA,NA,0
534,4,116,NA,NA,NA,0
535,4,116,NA,NA,NA,0
536,4,116,NA,NA,NA,0
537,5,117,NA,NA,NA,0
538,5,117,NA,NA,NA,0
539,5,117,NA,NA,NA,0
540,5,117,NA,NA,NA,0
541,5,117,NA,NA,NA,0
542,4,118,NA,NA,NA,0
543,4,118,NA,NA,NA,0
544,4,118,NA,NA,NA,0
545,4,118,NA,NA,NA,0
546,4,119,"E",276,3,1
547,4,119,NA,NA,NA,0
548,4,119,NA,NA,NA,0
549,4,119,"H",316,2,0
550,4,120,NA,NA,NA,0
551,4,120,NA,NA,NA,0
552,4,120,NA,NA,NA,0
553,4,120,"E",196,3,0
554,3,121,NA,NA,NA,0
555,3,121,NA,NA,NA,0
556,3,121,NA,NA,NA,0
557,5,122,NA,NA,NA,0
558,5,122,NA,NA,NA,0
559,5,122,NA,NA,NA,0
560,5,122,NA,NA,NA,0
561,5,122,"E",NA,NA,0
562,6,123,NA,NA,NA,0
563,6,123,NA,NA,NA,0
564,6,123,NA,NA,NA,0
565,6,123,NA,NA,NA,0
566,6,123,NA,NA,NA,0
567,6,123,NA,NA,NA,0
568,3,124,NA,NA,NA,0
569,3,124,NA,NA,NA,0
570,3,124,NA,NA,NA,0
571,6,125,NA,NA,NA,0
572,6,125,NA,NA,NA,0
573,6,125,NA,NA,NA,0
574,6,125,NA,NA,NA,0
575,6,125,NA,NA,NA,0
576,6,125,NA,NA,NA,0
577,3,126,NA,NA,NA,0
578,3,126,NA,NA,NA,0
579,3,126,NA,NA,NA,0
580,5,127,NA,NA,NA,0
581,5,127,NA,NA,NA,0
582,5,127,NA,NA,NA,0
583,5,127,NA,NA,NA,0
584,5,127,NA,NA,NA,0
585,6,128,NA,NA,NA,0
586,6,128,NA,NA,NA,0
587,6,128,NA,NA,NA,0
588,6,128,"E",153,5,0
589,6,128,NA,NA,NA,0
590,6,128,NA,NA,NA,0
591,6,129,NA,NA,NA,0
592,6,129,NA,NA,NA,0
593,6,129,NA,NA,NA,0
594,6,129,NA,NA,NA,0
595,6,129,NA,NA,NA,0
596,6,129,NA,NA,NA,0
597,5,130,NA,NA,NA,0
598,5,130,NA,NA,NA,0
599,5,130,NA,NA,NA,0
600,5,130,NA,NA,NA,0
601,5,130,NA,NA,NA,0
602,5,131,NA,NA,NA,0
603,5,131,NA,NA,NA,0
604,5,131,NA,NA,NA,0
605,5,131,NA,NA,NA,0
606,5,131,NA,NA,NA,0
607,3,132,NA,NA,NA,0
608,3,132,NA,NA,NA,0
609,3,132,NA,NA,NA,0
610,4,133,NA,NA,NA,0
611,4,133,NA,NA,NA,0
612,4,133,NA,NA,NA,0
613,4,133,NA,NA,NA,0
614,3,134,"E",NA,NA,0
615,3,134,NA,NA,NA,0
616,3,134,NA,NA,NA,0
617,3,135,NA,NA,NA,0
618,3,135,NA,NA,NA,0
619,3,135,NA,NA,NA,0
620,6,136,NA,NA,NA,0
621,6,136,"E",NA,NA,0
622,6,136,"E",228,5,0
623,6,136,NA,NA,NA,0
624,6,136,NA,NA,NA,0
625,6,136,NA,NA,NA,0
626,6,137,NA,NA,NA,0
627,6,137,NA,NA,NA,0
628,6,137,NA,NA,NA,0
629,6,137,NA,NA,NA,0
630,6,137,NA,NA,NA,0
631,6,137,NA,NA,NA,0
632,3,138,NA,NA,NA,0
633,3,138,NA,NA,NA,0
634,3,138,NA,NA,NA,0
635,5,139,NA,NA,NA,0
636,5,139,NA,NA,NA,0
637,5,139,NA,NA,NA,0
638,5,139,NA,NA,NA,0
639,5,139,NA,NA,NA,0
640,3,140,NA,NA,NA,0
641,3,140,NA,NA,NA,0
642,3,140,NA,NA,NA,0
643,5,141,NA,NA,NA,0
644,5,141,NA,NA,NA,0
645,5,141,NA,NA,NA,0
646,5,141,NA,NA,NA,0
647,5,141,NA,NA,NA,0
648,4,142,NA,NA,NA,0
649,4,142,NA,NA,NA,0
650,4,142,NA,NA,NA,0
651,4,142,NA,NA,NA,0
652,3,143,NA,NA,NA,0
653,3,143,NA,NA,NA,0
654,3,143,NA,NA,NA,0
655,4,144,NA,NA,NA,0
656,4,144,"E",232,2,0
657,4,144,NA,NA,NA,0
658,4,144,"E",90,3,0
659,4,145,NA,NA,NA,0
660,4,145,NA,NA,NA,0
661,4,145,NA,NA,NA,0
662,4,145,NA,NA,NA,0
663,5,146,NA,NA,NA,0
664,5,146,NA,NA,NA,0
665,5,146,NA,NA,NA,0
666,5,146,NA,NA,NA,0
667,5,146,NA,NA,NA,0
668,5,147,"H",342,1,0
669,5,147,"H",290,2,1
670,5,147,"E",NA,NA,0
671,5,147,"E",251,4,2
672,5,147,"H",291,2,0
673,6,148,NA,NA,NA,0
674,6,148,NA,NA,NA,0
675,6,148,NA,NA,NA,0
676,6,148,NA,NA,NA,0
677,6,148,NA,NA,NA,0
678,6,148,NA,NA,NA,0
679,4,149,"E",274,3,0
680,4,149,NA,NA,NA,0
681,4,149,NA,NA,NA,0
682,4,149,NA,NA,NA,0
683,5,150,"E",333,4,0
684,5,150,NA,NA,NA,0
685,5,150,NA,NA,NA,0
686,5,150,NA,NA,NA,0
687,5,150,NA,NA,NA,0
688,5,151,NA,NA,NA,0
689,5,151,NA,NA,NA,0
690,5,151,"E",120,4,0
691,5,151,NA,NA,NA,0
692,5,151,NA,NA,NA,0
693,4,152,NA,NA,NA,0
694,4,152,NA,NA,NA,0
695,4,152,NA,NA,NA,0
696,4,152,NA,NA,NA,0
697,3,153,NA,NA,NA,0
698,3,153,NA,NA,NA,0
699,3,153,NA,NA,NA,0
700,3,154,NA,NA,NA,0
701,3,154,NA,NA,NA,0
702,3,154,NA,NA,NA,0
703,3,155,NA,NA,NA,0
704,3,155,"E",37,2,1
705,3,155,"H",83,1,0
706,3,156,NA,NA,NA,0
707,3,156,NA,NA,NA,0
708,3,156,NA,NA,NA,0
709,6,157,NA,NA,NA,0
710,6,157,NA,NA,NA,0
711,6,157,NA,NA,NA,0
712,6,157,NA,NA,NA,0
713,6,157,NA,NA,NA,0
714,6,157,NA,NA,NA,0
715,6,158,NA,NA,NA,0
716,6,158,NA,NA,NA,0
717,6,158,NA,NA,NA,0
718,6,158,NA,NA,NA,0
719,6,158,NA,NA,NA,0
720,6,158,NA,NA,NA,0
721,3,159,NA,NA,NA,0
722,3,159,NA,NA,NA,0
723,3,159,NA,NA,NA,0
724,3,160,"E",273,1,0
725,3,160,NA,NA,NA,0
726,3,160,"E",131,2,0
727,4,161,NA,NA,NA,0
728,4,161,NA,NA,NA,0
729,4,161,NA,NA,NA,0
730,4,161,NA,NA,NA,0
731,5,162,NA,NA,NA,0
732,5,162,NA,NA,NA,0
733,5,162,NA,NA,NA,0
734,5,162,NA,NA,NA,0
735,5,162,NA,NA,NA,0
736,4,163,NA,NA,NA,0
737,4,163,"H",358,2,0
738,4,163,"E",316,3,1
739,4,163,NA,NA,NA,0
740,3,164,NA,NA,NA,0
741,3,164,"E",45,2,0
742,3,164,NA,NA,NA,0
743,4,165,NA,NA,NA,0
744,4,165,NA,NA,NA,0
745,4,165,NA,NA,NA,0
746,4,165,NA,NA,NA,0
747,3,166,NA,NA,NA,0
748,3,166,NA,NA,NA,0
749,3,166,"E",96,2,0
750,6,167,NA,NA,NA,0
751,6,167,NA,NA,NA,0
752,6,167,NA,NA,NA,0
753,6,167,NA,NA,NA,0
754,6,167,NA,NA,NA,0
755,6,167,NA,NA,NA,0
756,5,168,NA,NA,NA,0
757,5,168,NA,NA,NA,0
758,5,168,NA,NA,NA,0
759,5,168,NA,NA,NA,0
760,5,168,NA,NA,NA,0
761,6,169,NA,NA,NA,0
762,6,169,NA,NA,NA,0
763,6,169,NA,NA,NA,0
764,6,169,NA,NA,NA,0
765,6,169,NA,NA,NA,0
766,6,169,NA,NA,NA,0
767,5,170,NA,NA,NA,0
768,5,170,NA,NA,NA,0
769,5,170,NA,NA,NA,0
770,5,170,"E",119,4,0
771,5,170,NA,NA,NA,0
772,6,171,NA,NA,NA,0
773,6,171,NA,NA,NA,0
774,6,171,NA,NA,NA,0
775,6,171,"E",224,5,0
776,6,171,NA,NA,NA,0
777,6,171,NA,NA,NA,0
778,5,172,NA,NA,NA,0
779,5,172,NA,NA,NA,0
780,5,172,NA,NA,NA,0
781,5,172,NA,NA,NA,0
782,5,172,NA,NA,NA,0
783,6,173,NA,NA,NA,0
784,6,173,NA,NA,NA,0
785,6,173,NA,NA,NA,0
786,6,173,NA,NA,NA,0
787,6,173,NA,NA,NA,0
788,6,173,NA,NA,NA,0
789,5,174,"E",66,4,1
790,5,174,NA,NA,NA,0
791,5,174,"E",204,2,0
792,5,174,NA,NA,NA,0
793,5,174,"H",96,3,0
794,5,175,NA,NA,NA,0
795,5,175,NA,NA,NA,0
796,5,175,NA,NA,NA,0
797,5,175,NA,NA,NA,0
798,5,175,NA,NA,NA,0
799,3,176,NA,NA,NA,0
800,3,176,NA,NA,NA,0
801,3,176,NA,NA,NA,0
802,3,177,NA,NA,NA,0
803,3,177,NA,NA,NA,0
804,3,177,"E",132,2,0
805,5,178,NA,NA,NA,0
806,5,178,NA,NA,NA,0
807,5,178,NA,NA,NA,0
808,5,178,NA,NA,NA,0
809,5,178,NA,NA,NA,0
810,6,179,NA,NA,NA,0
811,6,179,NA,NA,NA,0
812,6,179,NA,NA,NA,0
813,6,179,NA,NA,NA,0
814,6,179,NA,NA,NA,0
815,6,179,NA,NA,NA,0
816,5,180,NA,NA,NA,0
817,5,180,NA,NA,NA,0
818,5,180,NA,NA,NA,0
819,5,180,NA,NA,NA,0
820,5,180,NA,NA,NA,0
821,4,181,NA,NA,NA,0
822,4,181,NA,NA,NA,0
823,4,181,NA,NA,NA,0
824,4,181,NA,NA,NA,0
825,6,182,NA,NA,NA,0
826,6,182,NA,NA,NA,0
827,6,182,NA,NA,NA,0
828,6,182,"E",NA,NA,0
829,6,182,NA,NA,NA,0
830,6,182,NA,NA,NA,0
831,5,183,NA,NA,NA,0
832,5,183,NA,NA,NA,0
833,5,183,NA,NA,NA,0
834,5,183,NA,NA,NA,0
835,5,183,NA,NA,NA,0
836,6,184,NA,NA,NA,0
837,6,184,NA,NA,NA,0
838,6,184,NA,NA,NA,0
839,6,184,NA,NA,NA,0
840,6,184,NA,NA,NA,0
841,6,184,NA,NA,NA,0
842,3,185,NA,NA,NA,0
843,3,185,NA,NA,NA,0
844,3,185,NA,NA,NA,0
845,6,186,NA,NA,NA,0
846,6,186,NA,NA,NA,0
847,6,186,NA,NA,NA,0
848,6,186,NA,NA,NA,0
849,6,186,NA,NA,NA,0
850,6,186,NA,NA,NA,0
851,3,187,"E",77,2,0
852,3,187,NA,NA,NA,0
853,3,187,NA,NA,NA,0
854,6,188,NA,NA,NA,0
855,6,188,NA,NA,NA,0
856,6,188,NA,NA,NA,0
857,6,188,NA,NA,NA,0
858,6,188,NA,NA,NA,0
859,6,188,NA,NA,NA,0
860,3,189,NA,NA,NA,0
861,3,189,NA,NA,NA,0
862,3,189,NA,NA,NA,0
863,3,190,NA,NA,NA,0
864,3,190,NA,NA,NA,0
865,3,190,NA,NA,NA,0
866,6,191,NA,NA,NA,0
867,6,191,NA,NA,NA,0
868,6,191,NA,NA,NA,0
869,6,191,NA,NA,NA,0
870,6,191,NA,NA,NA,0
871,6,191,"E",237,5,0
872,4,192,NA,NA,NA,0
873,4,192,NA,NA,NA,0
874,4,192,"E",139,3,0
875,4,192,NA,NA,NA,0
876,6,193,NA,NA,NA,0
877,6,193,NA,NA,NA,0
878,6,193,NA,NA,NA,0
879,6,193,NA,NA,NA,0
880,6,193,NA,NA,NA,0
881,6,193,NA,NA,NA,0
882,3,194,NA,NA,NA,0
883,3,194,"E",286,2,0
884,3,194,NA,NA,NA,0
885,4,195,NA,NA,NA,0
886,4,195,NA,NA,NA,0
887,4,195,"E",329,3,0
888,4,195,NA,NA,NA,0
889,6,196,NA,NA,NA,0
890,6,196,NA,NA,NA,0
891,6,196,NA,NA,NA,0
892,6,196,NA,NA,NA,0
893,6,196,NA,NA,NA,0
894,6,196,NA,NA,NA,0
895,4,197,NA,NA,NA,0
896,4,197,NA,NA,NA,0
897,4,197,NA,NA,NA,0
898,4,197,NA,NA,NA,0
899,6,198,"H",203,3,0
900,6,198,NA,NA,NA,0
901,6,198,"H",151,4,1
902,6,198,NA,NA,NA,0
903,6,198,NA,NA,NA,0
904,6,198,"E",116,5,1
905,6,199,NA,NA,NA,0
906,6,199,NA,NA,NA,0
907,6,199,NA,NA,NA,0
908,6,199,NA,NA,NA,0
909,6,199,NA,NA,NA,0
910,6,199,NA,NA,NA,0
911,3,200,NA,NA,NA,0
912,3,200,"E",173,1,0
913,3,200,"E",154,2,0
914,6,201,NA,NA,NA,0
915,6,201,NA,NA,NA,0
916,6,201,NA,NA,NA,0
917,6,201,NA,NA,NA,0
918,6,201,NA,NA,NA,0
919,6,201,NA,NA,NA,0
920,3,202,NA,NA,NA,0
921,3,202,NA,NA,NA,0
922,3,202,NA,NA,NA,0
923,4,203,NA,NA,NA,0
924,4,203,"E",350,3,1
925,4,203,"H",NA,NA,0
926,4,203,NA,NA,NA,0
927,5,204,"E",230,2,0
928,5,204,NA,NA,NA,0
929,5,204,"E",107,4,1
930,5,204,"H",132,3,0
931,5,204,"E",290,1,0
932,3,205,NA,NA,NA,0
933,3,205,NA,NA,NA,0
934,3,205,NA,NA,NA,0
935,4,206,NA,NA,NA,0
936,4,206,NA,NA,NA,0
937,4,206,NA,NA,NA,0
938,4,206,NA,NA,NA,0
939,3,207,NA,NA,NA,0
940,3,207,NA,NA,NA,0
941,3,207,NA,NA,NA,0
942,5,208,NA,NA,NA,0
943,5,208,NA,NA,NA,0
944,5,208,NA,NA,NA,0
945,5,208,NA,NA,NA,0
946,5,208,NA,NA,NA,0
947,6,209,NA,NA,NA,0
948,6,209,NA,NA,NA,0
949,6,209,NA,NA,NA,0
950,6,209,NA,NA,NA,0
951,6,209,NA,NA,NA,0
952,6,209,NA,NA,NA,0
953,6,210,NA,NA,NA,0
954,6,210,NA,NA,NA,0
955,6,210,"E",260,5,0
956,6,210,NA,NA,NA,0
957,6,210,NA,NA,NA,0
958,6,210,NA,NA,NA,0
959,6,211,NA,NA,NA,0
960,6,211,"E",186,5,2
961,6,211,"H",208,3,0
962,6,211,"H",207,3,0
963,6,211,NA,NA,NA,0
964,6,211,NA,NA,NA,0
965,3,212,NA,NA,NA,0
966,3,212,NA,NA,NA,0
967,3,212,NA,NA,NA,0
968,3,213,NA,NA,NA,0
969,3,213,NA,NA,NA,0
970,3,213,NA,NA,NA,0
971,5,214,NA,NA,NA,0
972,5,214,NA,NA,NA,0
973,5,214,"E",127,4,0
974,5,214,NA,NA,NA,0
975,5,214,NA,NA,NA,0
976,4,215,NA,NA,NA,0
977,4,215,NA,NA,NA,0
978,4,215,NA,NA,NA,0
979,4,215,NA,NA,NA,0
980,6,216,"E",296,4,0
981,6,216,"E",250,5,0
982,6,216,NA,NA,NA,0
983,6,216,NA,NA,NA,0
984,6,216,NA,NA,NA,0
985,6,216,NA,NA,NA,0
986,6,217,NA,NA,NA,0
987,6,217,NA,NA,NA,0
988,6,217,NA,NA,NA,0
989,6,217,NA,NA,NA,0
990,6,217,NA,NA,NA,0
991,6,217,NA,NA,NA,0
992,5,218,NA,NA,NA,0
993,5,218,"E",313,4,1
994,5,218,"H",343,3,0
995,5,218,NA,NA,NA,0
996,5,218,NA,NA,NA,0
997,4,219,NA,NA,NA,0
998,4,219,NA,NA,NA,0
999,4,219,NA,NA,NA,0
1000,4,219,NA,NA,NA,0
